6.491859103654790131e-01 7.025286605102639692e-01 7.678445459793775685e-01 8.907155183865749226e-01 8.237669382213268221e-02 1.949676891771896237e-01
6.500023016149575339e-01 7.044817838524258802e-01 7.707095678176577591e-01 8.926314766143770285e-01 8.335464710247543485e-02 1.960949877005363218e-01
6.507901343979068942e-01 7.063988612475953222e-01 7.735325731503907010e-01 8.945041793165192656e-01 8.432867769068877473e-02 1.972107740083440530e-01
6.515498452631245385e-01 7.082802818716609217e-01 7.763139124200830743e-01 8.963341685406307491e-01 8.529869369684386915e-02 1.983150840838053819e-01
6.522818688719148605e-01 7.101264369061548454e-01 7.790539412052647217e-01 8.981219867066106977e-01 8.626460708928120058e-02 1.994079569452246459e-01
6.529866378104097757e-01 7.119377192457102543e-01 7.817530198440063582e-01 8.998681762813798279e-01 8.722633361660800388e-02 2.004894345222177077e-01
6.536645824111682046e-01 7.137145232157380281e-01 7.844115130683839698e-01 9.015732794665889394e-01 8.818379272956357318e-02 2.015595615343540037e-01
6.543161305838396391e-01 7.154572443001766535e-01 7.870297896498217316e-01 9.032378378990456591e-01 8.913690750285314934e-02 2.026183853722771100e-01
6.549417076546688588e-01 7.171662788791783871e-01 7.896082220552301800e-01 9.048623923636324173e-01 9.008560455704245351e-02 2.036659559813247533e-01
6.555417362146187532e-01 7.188420239765681563e-01 7.921471861138393855e-01 9.064474825184700713e-01 9.102981398060466800e-02 2.047023257476719704e-01
6.561166359758847655e-01 7.204848770169208771e-01 7.946470606946158810e-01 9.079936466320659427e-01 9.196946925220191027e-02 2.057275493870114047e-01
6.566668236365794664e-01 7.220952355920874366e-01 7.971082273941434426e-01 9.095014213322074603e-01 9.290450716328127467e-02 2.067416838357810926e-01
6.571927127533579993e-01 7.236734972369948116e-01 7.995310702348439325e-01 9.109713413663284021e-01 9.383486774106106210e-02 2.077447881449495382e-01
6.576947136217528023e-01 7.252200592145419122e-01 8.019159753733877682e-01 9.124039393730868364e-01 9.476049417197469904e-02 2.087369233763523568e-01
6.581732331640069988e-01 7.267353183094173996e-01 8.042633308191594610e-01 9.137997456648987438e-01 9.568133272564136038e-02 2.097181525015872905e-01
6.586286748241587663e-01 7.282196706306374168e-01 8.065735261626115760e-01 9.151592880211376624e-01 9.659733267942066659e-02 2.106885403034562676e-01
6.590614384701747319e-01 7.296735114226288177e-01 8.088469523133634542e-01 9.164830914917536653e-01 9.750844624361278135e-02 2.116481532799456555e-01
6.594719203028965859e-01 7.310972348846576097e-01 8.110840012478556238e-01 9.177716782110182381e-01 9.841462848735328672e-02 2.125970595507353511e-01
6.598605127715814200e-01 7.324912339984186449e-01 8.132850657664121297e-01 9.190255672211462556e-01 9.931583726525462785e-02 2.135353287662173360e-01
6.602276044958232948e-01 7.338559003635723998e-01 8.154505392595113866e-01 9.202452743054977402e-01 1.002120331448380086e-01 2.144630320190072381e-01
6.605735801936341023e-01 7.351916240410557579e-01 8.175808154831074592e-01 9.214313118311111550e-01 1.011031793347993701e-01 2.153802417579283868e-01
6.608988206154762235e-01 7.364987934039552986e-01 8.196762883428004853e-01 9.225841886002847936e-01 1.019892416141448821e-01 2.162870317044413015e-01
6.612037024840251576e-01 7.377777949957430303e-01 8.217373516866769423e-01 9.237044097109453622e-01 1.028701882622354569e-01 2.171834767714987680e-01
6.614885984394744955e-01 7.390290133956967100e-01 8.237643991066345706e-01 9.247924764255276431e-01 1.037459899897674037e-01 2.180696529847926390e-01
6.617538769901578632e-01 7.402528310912793730e-01 8.257578237479943351e-01 9.258488860481157712e-01 1.046166198707224604e-01 2.189456374063671329e-01
6.619999024683025368e-01 7.414496283573113189e-01 8.277180181272107973e-01 9.268741318095689019e-01 1.054820532753093509e-01 2.198115080605626548e-01
6.622270349907115605e-01 7.426197831417175044e-01 8.296453739574900510e-01 9.278687027603863546e-01 1.063422678039233488e-01 2.206673438622640260e-01
6.624356304241848514e-01 7.437636709576681548e-01 8.315402819821164915e-01 9.288330836710466665e-01 1.071972432221417887e-01 2.215132245474094319e-01
6.626260403554855571e-01 7.448816647819203052e-01 8.334031318152999024e-01 9.297677549395729768e-01 1.080469613967749848e-01 2.223492306057329448e-01
6.627986120656699232e-01 7.459741349591679782e-01 8.352343117903463510e-01 9.306731925060834909e-01 1.088914062329876115e-01 2.231754432156999868e-01
6.629536885086020348e-01 7.470414491122081557e-01 8.370342088149591575e-01 9.315498677740605693e-01 1.097305636125036482e-01 2.239919441815953205e-01
6.630916082934704692e-01 7.480839720577514562e-01 8.388032082334858641e-01 9.323982475381334956e-01 1.105644213329067815e-01 2.247988158727321495e-01
6.632127056711391022e-01 7.491020657276812322e-01 8.405416936959038132e-01 9.332187939181046943e-01 1.113929690480439938e-01 2.255961411647346149e-01
6.633173105241639833e-01 7.500960890955825633e-01 8.422500470333733613e-01 9.340119642990080129e-01 1.122161982095400828e-01 2.263840033828597997e-01
6.634057483603057470e-01 7.510663981083717244e-01 8.439286481401563345e-01 9.347782112769681406e-01 1.130341020094291771e-01 2.271624862473161088e-01
6.634783403093877929e-01 7.520133456228419444e-01 8.455778748617223117e-01 9.355179826106350127e-01 1.138466753239048279e-01 2.279316738205361959e-01
6.635354031233342553e-01 7.529372813469592529e-01 8.471981028888502241e-01 9.362317211779821458e-01 1.146539146581920104e-01 2.286916504563665242e-01
6.635772491792482075e-01 7.538385517857399964e-01 8.487897056575569588e-01 9.369198649382501909e-01 1.154558180925410876e-01 2.294425007511275427e-01
6.636041864853672312e-01 7.547175001915417125e-01 8.503530542546532400e-01 9.375828468988335329e-01 1.162523852293413096e-01 2.301843094965056735e-01
6.636165186897721169e-01 7.555744665186057141e-01 8.518885173287674695e-01 9.382210950868994370e-01 1.170436171413536397e-01 2.309171616342357292e-01
6.636145450916940414e-01 7.564097873816965079e-01 8.533964610066555601e-01 9.388350325255551132e-01 1.178295163210559410e-01 2.316411422125281838e-01
6.635985606552988747e-01 7.572237960186819494e-01 8.548772488146229032e-01 9.394250772143514228e-01 1.186100866310993013e-01 2.323563363442055496e-01
6.635688560258061752e-01 7.580168222568935965e-01 8.563312416048943776e-01 9.399916421139554723e-01 1.193853332558655195e-01 2.330628291664996188e-01
6.635257175478287417e-01 7.587891924831361434e-01 8.577587974867656451e-01 9.405351351347904787e-01 1.201552626541212837e-01 2.337607058024735174e-01
6.634694272858022712e-01 7.595412296171856203e-01 8.591602717623656460e-01 9.410559591294850312e-01 1.209198825127592858e-01 2.344500513240234396e-01
6.634002630463911032e-01 7.602732530886378015e-01 8.605360168668833021e-01 9.415545118889296905e-01 1.216792017016190136e-01 2.351309507164224821e-01
6.633184984027553632e-01 7.609855788169864743e-01 8.618863823130935575e-01 9.420311861418133592e-01 1.224332302293747593e-01 2.358034888443633903e-01
6.632244027205697057e-01 7.616785191947608169e-01 8.632117146400266616e-01 9.424863695574353661e-01 1.231819792004832381e-01 2.364677504194606650e-01
6.631182411856849646e-01 7.623523830736371742e-01 8.645123573656411375e-01 9.429204447516611465e-01 1.239254607731768154e-01 2.371238199691735604e-01
6.630002748333365670e-01 7.630074757533578111e-01 8.657886509433442290e-01 9.433337892958600923e-01 1.246636881184920026e-01 2.377717818071087841e-01
6.628707605787921286e-01 7.636440989733606077e-01 8.670409327222197149e-01 9.437267757286741388e-01 1.253966753803203715e-01 2.384117200046650675e-01
6.627299512493508571e-01 7.642625509069795875e-01 8.682695369108257566e-01 9.440997715704799731e-01 1.261244376364683006e-01 2.390437183639803342e-01
6.625780956175982839e-01 7.648631261581212426e-01 8.694747945444216697e-01 9.444531393403947650e-01 1.268469908607126329e-01 2.396678603921459094e-01
6.624154384358309500e-01 7.654461157602793220e-01 8.706570334554946111e-01 9.447872365757026270e-01 1.275643518858383119e-01 2.402842292766477206e-01
6.622422204715644467e-01 7.660118071777977100e-01 8.718165782474525116e-01 9.451024158535624720e-01 1.282765383676431614e-01 2.408929078619987396e-01
6.620586785440438771e-01 7.665604843092639342e-01 8.729537502713564656e-01 9.453990248148733677e-01 1.289835687498947503e-01 2.414939786275287215e-01
6.618650455616797990e-01 7.670924274929346032e-01 8.740688676055766715e-01 9.456774061901772610e-01 1.296854622302260895e-01 2.420875236662919094e-01
6.616615505603350433e-01 7.676079135140925214e-01 8.751622450382419149e-01 9.459378978274852745e-01 1.303822387269532590e-01 2.426736246650610662e-01
6.614484187423814721e-01 7.681072156142358942e-01 8.762341940523717954e-01 9.461808327218959036e-01 1.310739188467998084e-01 2.432523628853732744e-01
6.612258715164751610e-01 7.685906035020093618e-01 8.772850228135796735e-01 9.464065390469272865e-01 1.317605238535130563e-01 2.438238191455908421e-01
6.609941265379676301e-01 7.690583433657827150e-01 8.783150361602283240e-01 9.466153401874231044e-01 1.324420756373561325e-01 2.443880738039516665e-01
6.607533977498944999e-01 7.695106978877945814e-01 8.793245355959412590e-01 9.468075547739602804e-01 1.331185966854586677e-01 2.449452067425663127e-01
6.605038954244905058e-01 7.699479262597707097e-01 8.803138192843618093e-01 9.469834967186395724e-01 1.337901100530128895e-01 2.454952973523414905e-01
6.602458262051527083e-01 7.703702841999410245e-01 8.812831820460519383e-01 9.471434752521780132e-01 1.344566393352959188e-01 2.460384245187901553e-01
6.599793931488211474e-01 7.707780239713686310e-01 8.822329153574477445e-01 9.472877949622050542e-01 1.351182086405046112e-01 2.465746666087041128e-01
6.597047957687030006e-01 7.711713944015275990e-01 8.831633073517675125e-01 9.474167558326821448e-01 1.357748425633854283e-01 2.471041014576561556e-01
6.594222300773033840e-01 7.715506409030374879e-01 8.840746428217760577e-01 9.475306532843539298e-01 1.364265661596444634e-01 2.476268063583058898e-01
6.591318886297071744e-01 7.719160054955064298e-01 8.849672032243286468e-01 9.476297782161611227e-01 1.370734049211191630e-01 2.481428580494762226e-01
6.588339605670709975e-01 7.722677268283940633e-01 8.858412666866029017e-01 9.477144170475272356e-01 1.377153847516999208e-01 2.486523327059808885e-01
6.585286316602779744e-01 7.726060402048398057e-01 8.866971080139282035e-01 9.477848517614554380e-01 1.383525319439799783e-01 2.491553059291664318e-01
6.582160843537178119e-01 7.729311776063942929e-01 8.875349986991497575e-01 9.478413599483554997e-01 1.389848731566253326e-01 2.496518527381548502e-01
6.578964978091489391e-01 7.732433677185868159e-01 8.883552069334272883e-01 9.478842148505433052e-01 1.396124353924388939e-01 2.501420475617466832e-01
6.575700479496063844e-01 7.735428359572750212e-01 8.891579976184129652e-01 9.479136854073380025e-01 1.402352459771133986e-01 2.506259642309738300e-01
6.572369075033248631e-01 7.738298044957164779e-01 8.899436323797242920e-01 9.479300363007009400e-01 1.408533325386521762e-01 2.511036759722703460e-01
6.568972460476319997e-01 7.741044922923190352e-01 8.907123695816457909e-01 9.479335280013567733e-01 1.414667229874405630e-01 2.515752554012369302e-01
6.565512300527961420e-01 7.743671151190025803e-01 8.914644643429926463e-01 9.479244168153375671e-01 1.420754454969594405e-01 2.520407745169822578e-01
6.561990229257818052e-01 7.746178855901328930e-01 8.922001685540674742e-01 9.479029549308964908e-01 1.426795284851190837e-01 2.525003046970129006e-01
6.558407850538948702e-01 7.748570131919820803e-01 8.929197308946529299e-01 9.478693904657418123e-01 1.432790005962023827e-01 2.529539166926540461e-01
6.554766738482924460e-01 7.750847043126586344e-01 8.936233968529742056e-01 9.478239675145401222e-01 1.438738906834019504e-01 2.534016806249785869e-01
6.551068437873190931e-01 7.753011622724752527e-01 8.943114087455746875e-01 9.477669261966367165e-01 1.444642277919357398e-01 2.538436659812244311e-01
6.547314464596630801e-01 7.755065873547090094e-01 8.949840057380535896e-01 9.476985027039632747e-01 1.450500411427275149e-01 2.542799416116802158e-01
6.543506306072931489e-01 7.757011768367074733e-01 8.956414238666027261e-01 9.476189293490713261e-01 1.456313601166386584e-01 2.547105757270203830e-01
6.539645421681732351e-01 7.758851250213129047e-01 8.962838960602911298e-01 9.475284346132663016e-01 1.462082142392371054e-01 2.551356358960725212e-01
6.535733243187110686e-01 7.760586232685608987e-01 8.969116521640639883e-01 9.474272431947933226e-01 1.467806331660879149e-01 2.555551890439934914e-01
6.531771175159521992e-01 7.762218600276183933e-01 8.975249189623804025e-01 9.473155760570460826e-01 1.473486466685548224e-01 2.559693014508455655e-01
6.527760595394727083e-01 7.763750208689352839e-01 8.981239202034648761e-01 9.471936504767592968e-01 1.479122846200989216e-01 2.563780387505475433e-01
6.523702855329791550e-01 7.765182885165697879e-01 8.987088766241256854e-01 9.470616800921545231e-01 1.484715769830599885e-01 2.567814659301895786e-01
6.519599280455823376e-01 7.766518428806548080e-01 8.992800059750832853e-01 9.469198749510044921e-01 1.490265537959077624e-01 2.571796473296916741e-01
6.515451170727389885e-01 7.767758610899893057e-01 8.998375230467815511e-01 9.467684415585876367e-01 1.495772451609539144e-01 2.575726466417944116e-01
6.511259800968538514e-01 7.768905175247184935e-01 9.003816396956475510e-01 9.466075829255177210e-01 1.501236812325071612e-01 2.579605269123664280e-01
6.507026421275174943e-01 7.769959838490703152e-01 9.009125648707387857e-01 9.464374986153923919e-01 1.506658922054643357e-01 2.583433505410089870e-01
6.502752257413809689e-01 7.770924290441383331e-01 9.014305046407669053e-01 9.462583847922744207e-01 1.512039083043224541e-01 2.587211792819520406e-01
6.498438511216457769e-01 7.771800194406763840e-01 9.019356622214498298e-01 9.460704342679447931e-01 1.517377597726008720e-01 2.590940742452212953e-01
6.494086360971750294e-01 7.772589187518850196e-01 9.024282380031624085e-01 9.458738365489366418e-01 1.522674768626632313e-01 2.594620958980659031e-01
6.489696961811987075e-01 7.773292881061724113e-01 9.029084295788558645e-01 9.456687778833102742e-01 1.527930898259260706e-01 2.598253040666365643e-01
6.485271446096215753e-01 7.773912860798601887e-01 9.033764317722073889e-01 9.454554413071515340e-01 1.533146289034460763e-01 2.601837579378958876e-01
6.480810923789196432e-01 7.774450687298286589e-01 9.038324366659897802e-01 9.452340066907936045e-01 1.538321243168710994e-01 2.605375160617562358e-01
6.476316482836165234e-01 7.774907896260714324e-01 9.042766336306067299e-01 9.450046507847132959e-01 1.543456062597486356e-01 2.608866363534261823e-01
6.471789189533391218e-01 7.775285998841447999e-01 9.047092093527930867e-01 9.447675472651185791e-01 1.548551048891796400e-01 2.612311760959633578e-01
6.467230088894493356e-01 7.775586481975048647e-01 9.051303478644396883e-01 9.445228667791905064e-01 1.553606503178064091e-01 2.615711919430145915e-01
6.462640205012354366e-01 7.775810808697011245e-01 9.055402305715216649e-01 9.442707769899755244e-01 1.558622726061276997e-01 2.619067399217381298e-01
