7.702702298358373723e-01 5.529850477275553011e-01 9.216840939090866769e-01 8.812005251972421238e-01 4.475371190960887868e-01 4.651542424638086537e-01 4.378678250810438266e-01 8.150045892197190778e-01
7.716235876553945161e-01 5.550527901435651223e-01 9.229802947214448272e-01 8.834438740876959795e-01 4.455797236222265867e-01 4.644672422566057945e-01 4.396034271247456493e-01 8.154095777076355578e-01
7.729634043967824608e-01 5.571233985912558140e-01 9.242569620415116427e-01 8.856792950439154044e-01 4.435942241092958316e-01 4.637587579331842735e-01 4.413425368643880131e-01 8.157901276151792169e-01
7.742890254480017109e-01 5.591964920586562915e-01 9.255132963603028839e-01 8.879060845771538091e-01 4.415803138315647081e-01 4.630283764000526769e-01 4.430848634568474997e-01 8.161455071909816672e-01
7.755997792775641830e-01 5.612716749004574845e-01 9.267484788378765881e-01 8.901235180663682467e-01 4.395376878240820351e-01 4.622756796479365327e-01 4.448301043010154943e-01 8.164749699121656157e-01
7.768949771829459783e-01 5.633485364818434649e-01 9.279616710545569580e-01 8.923308493586040724e-01 4.374660431894730195e-01 4.615002448455580719e-01 4.465779447401589941e-01 8.167777543846911348e-01
7.781739130449631947e-01 5.654266508201621910e-01 9.291520147709613209e-01 8.945273103722924946e-01 4.353650794188804185e-01 4.607016444439211433e-01 4.483280577619439544e-01 8.170530842551835260e-01
7.794358630888544859e-01 5.675055762248746305e-01 9.303186316977841708e-01 8.967121107042903549e-01 4.332344987274260317e-01 4.598794462915912207e-01 4.500801036964505730e-01 8.173001681351287351e-01
7.806800856528648414e-01 5.695848549362528823e-01 9.314606232763101845e-01 8.988844372415109030e-01 4.310740064045697206e-01 4.590332137614769326e-01 4.518337299125463891e-01 8.175181995383103972e-01
7.819058209651905678e-01 5.716640127633358937e-01 9.325770704706978220e-01 9.010434537780942499e-01 4.288833111797298314e-01 4.581625058896348079e-01 4.535885705130031087e-01 8.177063568324511866e-01
7.831122909301683199e-01 5.737425587216936629e-01 9.336670335731149795e-01 9.031883006390660773e-01 4.266621256035308396e-01 4.572668775266257590e-01 4.553442460287808746e-01 8.178638032060128182e-01
7.842986989246567564e-01 5.758199846715841286e-01 9.347295520228524612e-01 9.053180943115467505e-01 4.244101664450243838e-01 4.563458795019587622e-01 4.571003631129368916e-01 8.179896866511735531e-01
7.854642296055808215e-01 5.778957649571346833e-01 9.357636442406120914e-01 9.074319270845742080e-01 4.221271551052361848e-01 4.553990588021799568e-01 4.588565142346381909e-01 8.180831399640345891e-01
7.866080487296772672e-01 5.799693560472231058e-01 9.367683074791902653e-01 9.095288666987152437e-01 4.198128180473607585e-01 4.544259587631581110e-01 4.606122773738127174e-01 8.181432807631283666e-01
7.877293029865025664e-01 5.820401961787667888e-01 9.377425176918491312e-01 9.116079560066555620e-01 4.174668872439240008e-01 4.534261192771384952e-01 4.623672157169839703e-01 8.181692115273613286e-01
7.888271198458493005e-01 5.841077050031968643e-01 9.386852294197224333e-01 9.136682126460612396e-01 4.150891006412192330e-01 4.523990770151395391e-01 4.641208773548995414e-01 8.181600196545459891e-01
7.899006074207054473e-01 5.861712832369184722e-01 9.395953756996299200e-01 9.157086287260390867e-01 4.126792026412914871e-01 4.513443656652695313e-01 4.658727949825782755e-01 8.181147775417124679e-01
7.909488543470096777e-01 5.882303123166229275e-01 9.404718679937682513e-01 9.177281705285954549e-01 4.102369446017395949e-01 4.502615161875526129e-01 4.676224856024620569e-01 8.180325426884343942e-01
7.919709296814486654e-01 5.902841540603632753e-01 9.413135961427553378e-01 9.197257782265748638e-01 4.077620853535743883e-01 4.491500570858512065e-01 4.693694502313769945e-01 8.179123578244331672e-01
7.929658828186122443e-01 5.923321503353556894e-01 9.421194283435949668e-01 9.217003656196021133e-01 4.052543917373437887e-01 4.480095146974751863e-01 4.711131736120801050e-01 8.177532510627556483e-01
7.939327434288819818e-01 5.943736227335276734e-01 9.428882111541569966e-01 9.236508198896367094e-01 4.027136391577152419e-01 4.468394135010715362e-01 4.728531239301794753e-01 8.175542360798591091e-01
7.948705214184532686e-01 5.964078722558785461e-01 9.436187695258270169e-01 9.255760013778094875e-01 4.001396121566708208e-01 4.456392764433818598e-01 4.745887525372900484e-01 8.173143123239670071e-01
7.957782069129555325e-01 5.984341790067888578e-01 9.443099068660385509e-01 9.274747433842853717e-01 3.975321050054291261e-01 4.444086252854534957e-01 4.763194936813118230e-01 8.170324652530798204e-01
7.966547702661780361e-01 6.004518018994507988e-01 9.449604051324314025e-01 9.293458519929539419e-01 3.948909223151894077e-01 4.431469809688919348e-01 4.780447642447741563e-01 8.167076666040654631e-01
7.974991620954513527e-01 6.024599783736772629e-01 9.455690249604488118e-01 9.311881059228309665e-01 3.922158796667303826e-01 4.418538640027149800e-01 4.797639634922393759e-01 8.163388746942719099e-01
7.983103133452852385e-01 6.044579241273757564e-01 9.461345058262158325e-01 9.330002564081136818e-01 3.895068042588676893e-01 4.405287948713851875e-01 4.814764728277979300e-01 8.159250347571234130e-01
7.990871353809021471e-01 6.064448328630500651e-01 9.466555662465913068e-01 9.347810271089025402e-01 3.867635355757250704e-01 4.391712944645599914e-01 4.831816555637442612e-01 8.154650793131954511e-01
7.998285201133459310e-01 6.084198760507518733e-01 9.471309040183267802e-01 9.365291140546648796e-01 3.839859260727119805e-01 4.377808845290985795e-01 4.848788567015717699e-01 8.149579285782510008e-01
8.005333401578994534e-01 6.103822027089546021e-01 9.475591964983054449e-01 9.382431856225917910e-01 3.811738418810612927e-01 4.363570881438392779e-01 4.865674027264670909e-01 8.144024909097754561e-01
8.012004490275485002e-01 6.123309392048833510e-01 9.479391009268599566e-01 9.399218825530356591e-01 3.783271635307105529e-01 4.348994302176398818e-01 4.882466014165441348e-01 8.137976632935131072e-01
8.018286813633042076e-01 6.142651890759013300e-01 9.482692547962107144e-01 9.415638180043242045e-01 3.754457866912478958e-01 4.334074380111484492e-01 4.899157416680994248e-01 8.131423318715419457e-01
8.024168532031988876e-01 6.161840328735980199e-01 9.485482762660801814e-01 9.431675776492368657e-01 3.725296229305857798e-01 4.318806416827445371e-01 4.915740933382233835e-01 8.124353725134102477e-01
8.029637622917992212e-01 6.180865280322972444e-01 9.487747646285704661e-01 9.447317198155532614e-01 3.695786004909444866e-01 4.303185748590531712e-01 4.932209071061487426e-01 8.116756514318488325e-01
8.034681884321188683e-01 6.199717087637345303e-01 9.489473008244004859e-01 9.462547756730790294e-01 3.665926650816526688e-01 4.287207752304026953e-01 4.948554143547692075e-01 8.108620258445803364e-01
8.039288938818096586e-01 6.218385859797418425e-01 9.490644480126062543e-01 9.477352494696377194e-01 3.635717806882049485e-01 4.270867851715544061e-01 4.964768270737991429e-01 8.099933446837005446e-01
8.043446237955433897e-01 6.236861472447897681e-01 9.491247521958221522e-01 9.491716188185328473e-01 3.605159303969094342e-01 4.254161523879786966e-01 4.980843377861012278e-01 8.090684493541019373e-01
8.047141067154828242e-01 6.255133567603246014e-01 9.491267429032377301e-01 9.505623350400324023e-01 3.574251172343951288e-01 4.237084305879187940e-01 4.996771194987431053e-01 8.080861745423868481e-01
8.050360551117611285e-01 6.273191553828508793e-01 9.490689339333425734e-01 9.519058235594611839e-01 3.542993650211362922e-01 4.219631801804121785e-01 5.012543256803905223e-01 8.070453490776413608e-01
8.053091659748639053e-01 6.291024606777803063e-01 9.489498241585087035e-01 9.532004843644871217e-01 3.511387192380642230e-01 4.201799689993861997e-01 5.028150902666765898e-01 8.059447968454372946e-01
8.055321214618131886e-01 6.308621670110887703e-01 9.487678983934774157e-01 9.544446925242349167e-01 3.479432479052324001e-01 4.183583730538801837e-01 5.043585276952368135e-01 8.047833377563470281e-01
8.057035895980106943e-01 6.325971456808621163e-01 9.485216283297361883e-01 9.556367987728356939e-01 3.447130424713923946e-01 4.164979773043773759e-01 5.058837329721107556e-01 8.035597887701940722e-01
8.058222250365922879e-01 6.343062450908533156e-01 9.482094735377570860e-01 9.567751301600302405e-01 3.414482187132362734e-01 4.145983764651445247e-01 5.073897817712577085e-01 8.022729649772014637e-01
8.058866698770763559e-01 6.359882909681761065e-01 9.478298825389753768e-01 9.578579907714439567e-01 3.381489176429365306e-01 4.126591758324101300e-01 5.088757305689496357e-01 8.009216807370967972e-01
8.058955545450732227e-01 6.376420866272972665e-01 9.473812939493388985e-01 9.588836625210992448e-01 3.348153064225066755e-01 4.106799921381126262e-01 5.103406168148282296e-01 7.995047508771530032e-01
8.058474987347348240e-01 6.392664132824971146e-01 9.468621376961651182e-01 9.598504060187232900e-01 3.314475792833778134e-01 4.086604544288639507e-01 5.117834591414215373e-01 7.980209919500298454e-01
8.057411124155694493e-01 6.408600304109564050e-01 9.462708363099312514e-01 9.607564615143420195e-01 3.280459584494694880e-01 4.066002049696741949e-01 5.132032576139305968e-01 7.964692235521629859e-01
8.055749969051643200e-01 6.424216761686550869e-01 9.456058062925392083e-01 9.616000499226046161e-01 3.246106950618967146e-01 4.044989001718755084e-01 5.145989940220974113e-01 7.948482697033263378e-01
8.053477460092545170e-01 6.439500678612226636e-01 9.448654595634469189e-01 9.623793739291947036e-01 3.211420701033337322e-01 4.023562115445785126e-01 5.159696322159599280e-01 7.931569602878415504e-01
8.050579472304797424e-01 6.454439024718822138e-01 9.440482049849163726e-01 9.630926191816097104e-01 3.176403953199202213e-01 4.001718266688724102e-01 5.173141184872842580e-01 7.913941325577610320e-01
8.047041830470527124e-01 6.469018572485824015e-01 9.431524499674930340e-01 9.637379555664661313e-01 3.141060141384616755e-01 3.979454501938667899e-01 5.186313819984595952e-01 7.895586326981804959e-01
8.042850322624163217e-01 6.483225903523878175e-01 9.421766021566339022e-01 9.643135385753864863e-01 3.105393025765401660e-01 3.956768048535340698e-01 5.199203352605916706e-01 7.876493174546613796e-01
8.037990714268283821e-01 6.497047415691209471e-01 9.411190712012246218e-01 9.648175107613659041e-01 3.069406701430203999e-01 3.933656325031926748e-01 5.211798746625131429e-01 7.856650558225409808e-01
8.032448763316505369e-01 6.510469330862026505e-01 9.399782706045143321e-01 9.652480032873770321e-01 3.033105607262974734e-01 3.910116951743189406e-01 5.224088810523721538e-01 7.836047307977107579e-01
8.026210235769380974e-01 6.523477703365507807e-01 9.387526196577796744e-01 9.656031375687781360e-01 2.996494534674990495e-01 3.886147761462496741e-01 5.236062203734015430e-01 7.814672411882213066e-01
8.019260922127297020e-01 6.536058429113094093e-01 9.374405454567713569e-01 9.658810270109131624e-01 2.959578636157224052e-01 3.861746810331718183e-01 5.247707443554173734e-01 7.792515034858226164e-01
8.011586654542314223e-01 6.548197255430641128e-01 9.360404850007593147e-01 9.660797788430554034e-01 2.922363433622586215e-01 3.836912388846622224e-01 5.259012912634976056e-01 7.769564537963330464e-01
8.003173324708635628e-01 6.559879791611017419e-01 9.345508873736944055e-01 9.661974960496390041e-01 2.884854826506206837e-01 3.811643032978676016e-01 5.269966867052194859e-01 7.745810498274274813e-01
7.994006902489009248e-01 6.571091520201037817e-01 9.329702160067187000e-01 9.662322793994382319e-01 2.847059099590791287e-01 3.785937535392739917e-01 5.280557444977177495e-01 7.721242729322024267e-01
7.984073455271744058e-01 6.581817809035546141e-01 9.312969510209408996e-01 9.661822295730948529e-01 2.808982930522868071e-01 3.759794956738423122e-01 5.290772675957187143e-01 7.695851302065590538e-01
7.973359168050234702e-01 6.592043924029281632e-01 9.295295916490627919e-01 9.660454493890923144e-01 2.770633396984558683e-01 3.733214636991247226e-01 5.300600490815718935e-01 7.669626566381569921e-01
7.961850364214188014e-01 6.601755042735887313e-01 9.276666587340881565e-01 9.658200461279545790e-01 2.732017983484536505e-01 3.706196206818163641e-01 5.310028732181664157e-01 7.642559173043877996e-01
7.949533527038525893e-01 6.610936268680891459e-01 9.257066973029894896e-01 9.655041339540967327e-01 2.693144587730871287e-01 3.678739598940324318e-01 5.319045165654523455e-01 7.614640096164917438e-01
7.936395321852743878e-01 6.619572646473744770e-01 9.236482792128151154e-01 9.650958364344143225e-01 2.654021526547470922e-01 3.650845059464267739e-01 5.327637491611304510e-01 7.585860656065919194e-01
7.922422618870382793e-01 6.627649177701393501e-01 9.214900058663318960e-01 9.645932891522955854e-01 2.614657541295221654e-01 3.622513159151210527e-01 5.335793357658827896e-01 7.556212542541275168e-01
7.907602516654351765e-01 6.635150837603460694e-01 9.192305109938861962e-01 9.639946424153368332e-01 2.575061802758147333e-01 3.593744804592311493e-01 5.343500371733188592e-01 7.525687838477600478e-01
7.891922366190869953e-01 6.642062592526446485e-01 9.168684634977258829e-01 9.632980640546308093e-01 2.535243915454479247e-01 3.564541249256439892e-01 5.350746115846050088e-01 7.494279043785311289e-01
7.875369795540380080e-01 6.648369418151505172e-01 9.144025703546191375e-01 9.625017423130638461e-01 2.495213921332075924e-01 3.534904104375203859e-01 5.357518160475188695e-01 7.461979099596498521e-01
7.857932735030478399e-01 6.654056318487220345e-01 9.118315795721326777e-01 9.616038888195437284e-01 2.454982302807500738e-01 3.504835349628699914e-01 5.363804079594247654e-01 7.428781412679470453e-01
7.839599442951743491e-01 6.659108345615890601e-01 9.091542831934957825e-01 9.606027416456917045e-01 2.414559985107931905e-01 3.474337343593936756e-01 5.369591466334217023e-01 7.394679880016740148e-01
7.820358531713414996e-01 6.663510620178276778e-01 9.063695203454931182e-01 9.594965684409592077e-01 2.373958337875257674e-01 3.443412833916549287e-01 5.374867949266477485e-01 7.359668913489481046e-01
7.800198994411681186e-01 6.667248352578413195e-01 9.034761803234022670e-01 9.582836696416742184e-01 2.333189175992052555e-01 3.412064967165288620e-01 5.379621209294384032e-01 7.323743464607995746e-01
7.779110231759583938e-01 6.670306864886477172e-01 9.004732057064828155e-01 9.569623817489935069e-01 2.292264759589600631e-01 3.380297298327485933e-01 5.383838997137680993e-01 7.286899049224263569e-01
7.757082079322896728e-01 6.672671613413969638e-01 8.973595954970826627e-01 9.555310806702042026e-01 2.251197793198940755e-01 3.348113799902812660e-01 5.387509151390709183e-01 7.249131772158896592e-01
7.734104835002795220e-01 6.674328211931639387e-01 8.941344082759645762e-01 9.539881851173057647e-01 2.210001424006855786e-01 3.315518870551726338e-01 5.390619617132645924e-01 7.210438351671895063e-01
7.710169286701531455e-01 6.675262455496691061e-01 8.907967653659819574e-01 9.523321600562471012e-01 2.168689239179956707e-01 3.282517343254314768e-01 5.393158465064473717e-01 7.170816143703004908e-01
7.685266740103754435e-01 6.675460344851736894e-01 8.873458539958100078e-01 9.505615201996820973e-01 2.127275262221463015e-01 3.249114492934637166e-01 5.395113911144459040e-01 7.130263165804544556e-01
7.659389046501694498e-01 6.674908111353925477e-01 8.837809304549860689e-01 9.486748335355440487e-01 2.085773948326972438e-01 3.215316043505294097e-01 5.396474336690213480e-01 7.088778120686698436e-01
7.632528630589042740e-01 6.673592242388620699e-01 8.801013232311003520e-01 9.466707248832442190e-01 2.044200178707602511e-01 3.181128174286970700e-01 5.397228308912442873e-01 7.046360419292541089e-01
7.604678518144312172e-01 6.671499507217864000e-01 8.763064361195882501e-01 9.445478794687519608e-01 2.002569253850921549e-01 3.146557525757293083e-01 5.397364601841853071e-01 7.003010203317632243e-01
7.575832363521074475e-01 6.668616983209607607e-01 8.723957512961884042e-01 9.423050465093232297e-01 1.960896885692825220e-01 3.111611204584125989e-01 5.396872217607280309e-01 6.958728367086852717e-01
7.545984476859151080e-01 6.664932082389865009e-01 8.683688323417986243e-01 9.399410427981484961e-01 1.919199188676167511e-01 3.076296787898464835e-01 5.395740408019945589e-01 6.913516578699274717e-01
7.515129850927696475e-01 6.660432578255682801e-01 8.642253272091230398e-01 9.374547562787268751e-01 1.877492669674964143e-01 3.040622326763058325e-01 5.393958696415127596e-01 6.867377300350332447e-01
7.483264187508261722e-01 6.655106632782994414e-01 8.599649711202541624e-01 9.348451495983152171e-01 1.835794216766512554e-01 3.004596348793812655e-01 5.391516899699440035e-01 6.820313807739448730e-01
7.450383923223521387e-01 6.648942823559612636e-01 8.555875893840653168e-01 9.321112636294055509e-01 1.794121086837104362e-01 2.968227859892245135e-01 5.388405150548598588e-01 6.772330208470341839e-01
7.416486254714936832e-01 6.641930170969878588e-01 8.510931001220877201e-01 9.292522209477748207e-01 1.752490892011012713e-01 2.931526345048737769e-01 5.384613919697522899e-01 6.723431459350995842e-01
7.381569163071153294e-01 6.634058165354018710e-01 8.464815168914274768e-01 9.262672292553287834e-01 1.710921584896525349e-01 2.894501768178321943e-01 5.380134038261571439e-01 6.673623382500384338e-01
7.345631437407114106e-01 6.625316794061951731e-01 8.417529511931197694e-01 9.231555847356502920e-01 1.669431442647024144e-01 2.857164570952500648e-01 5.374956720024965939e-01 6.622912680169449340e-01
7.308672697493213688e-01 6.615696568318307769e-01 8.369076148543140858e-01 9.199166753298836374e-01 1.628039049839761221e-01 2.819525670593250322e-01 5.369073583629809798e-01 6.571306948184989505e-01
7.270693415333098208e-01 6.605188549812509580e-01 8.319458222726602292e-01 9.165499839204254151e-01 1.586763280179668001e-01 2.781596456597801303e-01 5.362476674596640125e-01 6.518814687926643980e-01
7.231694935588791617e-01 6.593784376925476698e-01 8.268679925113452400e-01 9.130550914096737802e-01 1.545623277040558685e-01 2.743388786365865140e-01 5.355158487105328158e-01 6.465445316749260929e-01
7.191679494752278856e-01 6.581476290502158433e-01 8.216746512333420460e-01 9.094316796810608672e-01 1.504638432861095665e-01 2.704914979704056144e-01 5.347111985463195438e-01 6.411209176765435558e-01
7.150650238963586203e-01 6.568257159077652840e-01 8.163664324636444869e-01 9.056795344294918948e-01 1.463828367418204546e-01 2.666187812185802364e-01 5.338330625185573330e-01 6.356117541906451951e-01
7.108611240377273877e-01 6.554120503462926850e-01 8.109440801684851818e-01 9.017985478483966366e-01 1.423212905005984408e-01 2.627220507348842493e-01 5.328808373612704541e-01 6.300182623183262498e-01
7.065567511981012405e-01 6.539060520595538772e-01 8.054084496408998595e-01 8.977887211606626616e-01 1.382812050553571537e-01 2.588026727716239983e-01 5.318539729985948261e-01 6.243417572073757249e-01
7.021525020773026204e-01 6.523072106560098282e-01 7.997605086823513787e-01 8.936501669808962767e-01 1.342645964720912133e-01 2.548620564631252083e-01 5.307519744905551118e-01 6.185836481967230682e-01
6.976490699208270918e-01 6.506150878683265582e-01 7.940013385706282678e-01 8.893831114967017948e-01 1.302734938017013067e-01 2.509016526900787469e-01 5.295744039092066258e-01 6.127454387602478958e-01
6.930472454827278916e-01 6.488293196608534430e-01 7.881321348047281017e-01 8.849878964569729556e-01 1.263099363990564383e-01 2.469229528246774386e-01 5.283208821373625019e-01 6.068287262441913743e-01
6.883479177986125963e-01 6.469496182257092887e-01 7.821542076180703074e-01 8.804649809555805673e-01 1.223759711548470935e-01 2.429274873569737536e-01 5.269910905821815206e-01 6.008352013930570168e-01
6.835520747611105730e-01 6.449757738582532207e-01 7.760689822520258074e-01 8.758149429993035140e-01 1.184736496463051625e-01 2.389168244033782751e-01 5.255847727959925830e-01 5.947666476595807605e-01
6.786608034907430920e-01 6.429076567029354816e-01 7.698779989825016434e-01 8.710384808493939479e-01 1.146050252133988256e-01 2.348925680987367648e-01 5.241017359968830336e-01 5.886249402951307941e-01
6.736752904957572508e-01 6.407452183607676988e-01 7.635829128931064247e-01 8.661364141267654526e-01 1.107721499676085491e-01 2.308563568739449012e-01 5.225418524817402322e-01 5.824120452176380081e-01
