
-2.00 7.000000e+00 4.541568e-07
-2.00 7.500000e+00 4.541568e-07
-2.00 8.000000e+00 4.541568e-07
-2.00 8.500000e+00 4.541568e-07
-2.00 9.000000e+00 4.541568e-07
-2.00 9.500000e+00 4.541568e-07
-2.00 1.000000e+01 4.541568e-07
-2.00 1.050000e+01 4.541568e-07
-2.00 1.100000e+01 4.541568e-07
-2.00 1.150000e+01 4.541568e-07
-2.00 1.200000e+01 4.541568e-07
-2.00 1.250000e+01 4.541568e-07
-2.00 1.300000e+01 4.541568e-07
-2.00 1.350000e+01 4.541568e-07
-2.00 1.400000e+01 4.541568e-07

-1.99 7.000000e+00 4.667040e-07
-1.99 7.500000e+00 4.666404e-07
-1.99 8.000000e+00 4.666404e-07
-1.99 8.500000e+00 4.666404e-07
-1.99 9.000000e+00 4.666404e-07
-1.99 9.500000e+00 4.666404e-07
-1.99 1.000000e+01 4.666404e-07
-1.99 1.050000e+01 4.666404e-07
-1.99 1.100000e+01 4.666404e-07
-1.99 1.150000e+01 4.666404e-07
-1.99 1.200000e+01 4.666404e-07
-1.99 1.250000e+01 4.666404e-07
-1.99 1.300000e+01 4.666404e-07
-1.99 1.350000e+01 4.666404e-07
-1.99 1.400000e+01 4.667040e-07

-1.98 7.000000e+00 4.753334e-07
-1.98 7.500000e+00 4.794672e-07
-1.98 8.000000e+00 4.794672e-07
-1.98 8.500000e+00 4.794672e-07
-1.98 9.000000e+00 4.794672e-07
-1.98 9.500000e+00 4.794672e-07
-1.98 1.000000e+01 4.794672e-07
-1.98 1.050000e+01 4.794672e-07
-1.98 1.100000e+01 4.794672e-07
-1.98 1.150000e+01 4.794672e-07
-1.98 1.200000e+01 4.794672e-07
-1.98 1.250000e+01 4.794672e-07
-1.98 1.300000e+01 4.794672e-07
-1.98 1.350000e+01 4.794672e-07
-1.98 1.400000e+01 4.753334e-07

-1.97 7.000000e+00 4.978819e-07
-1.97 7.500000e+00 4.926466e-07
-1.97 8.000000e+00 4.926466e-07
-1.97 8.500000e+00 4.926466e-07
-1.97 9.000000e+00 4.926466e-07
-1.97 9.500000e+00 4.926466e-07
-1.97 1.000000e+01 4.926466e-07
-1.97 1.050000e+01 4.926466e-07
-1.97 1.100000e+01 4.926466e-07
-1.97 1.150000e+01 4.926466e-07
-1.97 1.200000e+01 4.926466e-07
-1.97 1.250000e+01 4.926466e-07
-1.97 1.300000e+01 4.926466e-07
-1.97 1.350000e+01 4.926466e-07
-1.97 1.400000e+01 4.978819e-07

-1.96 7.000000e+00 5.064642e-07
-1.96 7.500000e+00 5.061882e-07
-1.96 8.000000e+00 5.061882e-07
-1.96 8.500000e+00 5.061882e-07
-1.96 9.000000e+00 5.061882e-07
-1.96 9.500000e+00 5.061882e-07
-1.96 1.000000e+01 5.061882e-07
-1.96 1.050000e+01 5.061882e-07
-1.96 1.100000e+01 5.061882e-07
-1.96 1.150000e+01 5.061882e-07
-1.96 1.200000e+01 5.061882e-07
-1.96 1.250000e+01 5.061882e-07
-1.96 1.300000e+01 5.061882e-07
-1.96 1.350000e+01 5.061882e-07
-1.96 1.400000e+01 5.064642e-07

-1.95 7.000000e+00 5.206950e-07
-1.95 7.500000e+00 5.201021e-07
-1.95 8.000000e+00 5.201021e-07
-1.95 8.500000e+00 5.201021e-07
-1.95 9.000000e+00 5.201021e-07
-1.95 9.500000e+00 5.201021e-07
-1.95 1.000000e+01 5.201021e-07
-1.95 1.050000e+01 5.201021e-07
-1.95 1.100000e+01 5.201021e-07
-1.95 1.150000e+01 5.201021e-07
-1.95 1.200000e+01 5.201021e-07
-1.95 1.250000e+01 5.201021e-07
-1.95 1.300000e+01 5.201021e-07
-1.95 1.350000e+01 5.201021e-07
-1.95 1.400000e+01 5.206950e-07

-1.94 7.000000e+00 5.348355e-07
-1.94 7.500000e+00 5.343984e-07
-1.94 8.000000e+00 5.343984e-07
-1.94 8.500000e+00 5.343984e-07
-1.94 9.000000e+00 5.343984e-07
-1.94 9.500000e+00 5.343984e-07
-1.94 1.000000e+01 5.343984e-07
-1.94 1.050000e+01 5.343984e-07
-1.94 1.100000e+01 5.343984e-07
-1.94 1.150000e+01 5.343984e-07
-1.94 1.200000e+01 5.343984e-07
-1.94 1.250000e+01 5.343984e-07
-1.94 1.300000e+01 5.343984e-07
-1.94 1.350000e+01 5.343984e-07
-1.94 1.400000e+01 5.348355e-07

-1.93 7.000000e+00 5.458168e-07
-1.93 7.500000e+00 5.490877e-07
-1.93 8.000000e+00 5.490877e-07
-1.93 8.500000e+00 5.490877e-07
-1.93 9.000000e+00 5.490877e-07
-1.93 9.500000e+00 5.490877e-07
-1.93 1.000000e+01 5.490877e-07
-1.93 1.050000e+01 5.490877e-07
-1.93 1.100000e+01 5.490877e-07
-1.93 1.150000e+01 5.490877e-07
-1.93 1.200000e+01 5.490877e-07
-1.93 1.250000e+01 5.490877e-07
-1.93 1.300000e+01 5.490877e-07
-1.93 1.350000e+01 5.490877e-07
-1.93 1.400000e+01 5.458168e-07

-1.92 7.000000e+00 5.703855e-07
-1.92 7.500000e+00 5.641808e-07
-1.92 8.000000e+00 5.641808e-07
-1.92 8.500000e+00 5.641808e-07
-1.92 9.000000e+00 5.641808e-07
-1.92 9.500000e+00 5.641808e-07
-1.92 1.000000e+01 5.641808e-07
-1.92 1.050000e+01 5.641808e-07
-1.92 1.100000e+01 5.641808e-07
-1.92 1.150000e+01 5.641808e-07
-1.92 1.200000e+01 5.641808e-07
-1.92 1.250000e+01 5.641808e-07
-1.92 1.300000e+01 5.641808e-07
-1.92 1.350000e+01 5.641808e-07
-1.92 1.400000e+01 5.703855e-07

-1.91 7.000000e+00 5.804001e-07
-1.91 7.500000e+00 5.796887e-07
-1.91 8.000000e+00 5.796887e-07
-1.91 8.500000e+00 5.796887e-07
-1.91 9.000000e+00 5.796887e-07
-1.91 9.500000e+00 5.796887e-07
-1.91 1.000000e+01 5.796887e-07
-1.91 1.050000e+01 5.796887e-07
-1.91 1.100000e+01 5.796887e-07
-1.91 1.150000e+01 5.796887e-07
-1.91 1.200000e+01 5.796887e-07
-1.91 1.250000e+01 5.796887e-07
-1.91 1.300000e+01 5.796887e-07
-1.91 1.350000e+01 5.796887e-07
-1.91 1.400000e+01 5.804001e-07

-1.90 7.000000e+00 5.983667e-07
-1.90 7.500000e+00 5.956229e-07
-1.90 8.000000e+00 5.956229e-07
-1.90 8.500000e+00 5.956229e-07
-1.90 9.000000e+00 5.956229e-07
-1.90 9.500000e+00 5.956229e-07
-1.90 1.000000e+01 5.956229e-07
-1.90 1.050000e+01 5.956229e-07
-1.90 1.100000e+01 5.956229e-07
-1.90 1.150000e+01 5.956229e-07
-1.90 1.200000e+01 5.956229e-07
-1.90 1.250000e+01 5.956229e-07
-1.90 1.300000e+01 5.956229e-07
-1.90 1.350000e+01 5.956229e-07
-1.90 1.400000e+01 5.983667e-07

-1.89 7.000000e+00 6.129131e-07
-1.89 7.500000e+00 6.119951e-07
-1.89 8.000000e+00 6.119951e-07
-1.89 8.500000e+00 6.119951e-07
-1.89 9.000000e+00 6.119951e-07
-1.89 9.500000e+00 6.119951e-07
-1.89 1.000000e+01 6.119951e-07
-1.89 1.050000e+01 6.119951e-07
-1.89 1.100000e+01 6.119951e-07
-1.89 1.150000e+01 6.119951e-07
-1.89 1.200000e+01 6.119951e-07
-1.89 1.250000e+01 6.119951e-07
-1.89 1.300000e+01 6.119951e-07
-1.89 1.350000e+01 6.119951e-07
-1.89 1.400000e+01 6.129131e-07

-1.88 7.000000e+00 6.248180e-07
-1.88 7.500000e+00 6.288173e-07
-1.88 8.000000e+00 6.288173e-07
-1.88 8.500000e+00 6.288173e-07
-1.88 9.000000e+00 6.288173e-07
-1.88 9.500000e+00 6.288173e-07
-1.88 1.000000e+01 6.288173e-07
-1.88 1.050000e+01 6.288173e-07
-1.88 1.100000e+01 6.288173e-07
-1.88 1.150000e+01 6.288173e-07
-1.88 1.200000e+01 6.288173e-07
-1.88 1.250000e+01 6.288173e-07
-1.88 1.300000e+01 6.288173e-07
-1.88 1.350000e+01 6.288173e-07
-1.88 1.400000e+01 6.248180e-07

-1.87 7.000000e+00 6.539523e-07
-1.87 7.500000e+00 6.461019e-07
-1.87 8.000000e+00 6.461019e-07
-1.87 8.500000e+00 6.461019e-07
-1.87 9.000000e+00 6.461019e-07
-1.87 9.500000e+00 6.461019e-07
-1.87 1.000000e+01 6.461019e-07
-1.87 1.050000e+01 6.461019e-07
-1.87 1.100000e+01 6.461019e-07
-1.87 1.150000e+01 6.461019e-07
-1.87 1.200000e+01 6.461019e-07
-1.87 1.250000e+01 6.461019e-07
-1.87 1.300000e+01 6.461019e-07
-1.87 1.350000e+01 6.461019e-07
-1.87 1.400000e+01 6.539523e-07

-1.86 7.000000e+00 6.651293e-07
-1.86 7.500000e+00 6.638616e-07
-1.86 8.000000e+00 6.638616e-07
-1.86 8.500000e+00 6.638616e-07
-1.86 9.000000e+00 6.638616e-07
-1.86 9.500000e+00 6.638616e-07
-1.86 1.000000e+01 6.638616e-07
-1.86 1.050000e+01 6.638616e-07
-1.86 1.100000e+01 6.638616e-07
-1.86 1.150000e+01 6.638616e-07
-1.86 1.200000e+01 6.638616e-07
-1.86 1.250000e+01 6.638616e-07
-1.86 1.300000e+01 6.638616e-07
-1.86 1.350000e+01 6.638616e-07
-1.86 1.400000e+01 6.651293e-07

-1.85 7.000000e+00 6.844450e-07
-1.85 7.500000e+00 6.821095e-07
-1.85 8.000000e+00 6.821095e-07
-1.85 8.500000e+00 6.821095e-07
-1.85 9.000000e+00 6.821095e-07
-1.85 9.500000e+00 6.821095e-07
-1.85 1.000000e+01 6.821095e-07
-1.85 1.050000e+01 6.821095e-07
-1.85 1.100000e+01 6.821095e-07
-1.85 1.150000e+01 6.821095e-07
-1.85 1.200000e+01 6.821095e-07
-1.85 1.250000e+01 6.821095e-07
-1.85 1.300000e+01 6.821095e-07
-1.85 1.350000e+01 6.821095e-07
-1.85 1.400000e+01 6.844450e-07

-1.84 7.000000e+00 7.023887e-07
-1.84 7.500000e+00 7.008590e-07
-1.84 8.000000e+00 7.008590e-07
-1.84 8.500000e+00 7.008590e-07
-1.84 9.000000e+00 7.008590e-07
-1.84 9.500000e+00 7.008590e-07
-1.84 1.000000e+01 7.008590e-07
-1.84 1.050000e+01 7.008590e-07
-1.84 1.100000e+01 7.008590e-07
-1.84 1.150000e+01 7.008590e-07
-1.84 1.200000e+01 7.008590e-07
-1.84 1.250000e+01 7.008590e-07
-1.84 1.300000e+01 7.008590e-07
-1.84 1.350000e+01 7.008590e-07
-1.84 1.400000e+01 7.023887e-07

-1.83 7.000000e+00 7.191316e-07
-1.83 7.500000e+00 7.201239e-07
-1.83 8.000000e+00 7.201239e-07
-1.83 8.500000e+00 7.201239e-07
-1.83 9.000000e+00 7.201239e-07
-1.83 9.500000e+00 7.201239e-07
-1.83 1.000000e+01 7.201239e-07
-1.83 1.050000e+01 7.201239e-07
-1.83 1.100000e+01 7.201239e-07
-1.83 1.150000e+01 7.201239e-07
-1.83 1.200000e+01 7.201239e-07
-1.83 1.250000e+01 7.201239e-07
-1.83 1.300000e+01 7.201239e-07
-1.83 1.350000e+01 7.201239e-07
-1.83 1.400000e+01 7.191316e-07

-1.82 7.000000e+00 7.497622e-07
-1.82 7.500000e+00 7.399182e-07
-1.82 8.000000e+00 7.399182e-07
-1.82 8.500000e+00 7.399182e-07
-1.82 9.000000e+00 7.399182e-07
-1.82 9.500000e+00 7.399182e-07
-1.82 1.000000e+01 7.399182e-07
-1.82 1.050000e+01 7.399182e-07
-1.82 1.100000e+01 7.399182e-07
-1.82 1.150000e+01 7.399182e-07
-1.82 1.200000e+01 7.399182e-07
-1.82 1.250000e+01 7.399182e-07
-1.82 1.300000e+01 7.399182e-07
-1.82 1.350000e+01 7.399182e-07
-1.82 1.400000e+01 7.497622e-07

-1.81 7.000000e+00 7.622276e-07
-1.81 7.500000e+00 7.602567e-07
-1.81 8.000000e+00 7.602567e-07
-1.81 8.500000e+00 7.602567e-07
-1.81 9.000000e+00 7.602567e-07
-1.81 9.500000e+00 7.602567e-07
-1.81 1.000000e+01 7.602567e-07
-1.81 1.050000e+01 7.602567e-07
-1.81 1.100000e+01 7.602567e-07
-1.81 1.150000e+01 7.602567e-07
-1.81 1.200000e+01 7.602567e-07
-1.81 1.250000e+01 7.602567e-07
-1.81 1.300000e+01 7.602567e-07
-1.81 1.350000e+01 7.602567e-07
-1.81 1.400000e+01 7.622276e-07

-1.80 7.000000e+00 7.883677e-07
-1.80 7.500000e+00 7.811542e-07
-1.80 8.000000e+00 7.811542e-07
-1.80 8.500000e+00 7.811542e-07
-1.80 9.000000e+00 7.811542e-07
-1.80 9.500000e+00 7.811542e-07
-1.80 1.000000e+01 7.811542e-07
-1.80 1.050000e+01 7.811542e-07
-1.80 1.100000e+01 7.811542e-07
-1.80 1.150000e+01 7.811542e-07
-1.80 1.200000e+01 7.811542e-07
-1.80 1.250000e+01 7.811542e-07
-1.80 1.300000e+01 7.811542e-07
-1.80 1.350000e+01 7.811542e-07
-1.80 1.400000e+01 7.883677e-07

-1.79 7.000000e+00 8.049262e-07
-1.79 7.500000e+00 8.026262e-07
-1.79 8.000000e+00 8.026262e-07
-1.79 8.500000e+00 8.026262e-07
-1.79 9.000000e+00 8.026262e-07
-1.79 9.500000e+00 8.026262e-07
-1.79 1.000000e+01 8.026262e-07
-1.79 1.050000e+01 8.026262e-07
-1.79 1.100000e+01 8.026262e-07
-1.79 1.150000e+01 8.026262e-07
-1.79 1.200000e+01 8.026262e-07
-1.79 1.250000e+01 8.026262e-07
-1.79 1.300000e+01 8.026262e-07
-1.79 1.350000e+01 8.026262e-07
-1.79 1.400000e+01 8.049262e-07

-1.78 7.000000e+00 8.213127e-07
-1.78 7.500000e+00 8.246883e-07
-1.78 8.000000e+00 8.246883e-07
-1.78 8.500000e+00 8.246883e-07
-1.78 9.000000e+00 8.246883e-07
-1.78 9.500000e+00 8.246883e-07
-1.78 1.000000e+01 8.246883e-07
-1.78 1.050000e+01 8.246883e-07
-1.78 1.100000e+01 8.246883e-07
-1.78 1.150000e+01 8.246883e-07
-1.78 1.200000e+01 8.246883e-07
-1.78 1.250000e+01 8.246883e-07
-1.78 1.300000e+01 8.246883e-07
-1.78 1.350000e+01 8.246883e-07
-1.78 1.400000e+01 8.213127e-07

-1.77 7.000000e+00 8.500167e-07
-1.77 7.500000e+00 8.473569e-07
-1.77 8.000000e+00 8.473569e-07
-1.77 8.500000e+00 8.473569e-07
-1.77 9.000000e+00 8.473569e-07
-1.77 9.500000e+00 8.473569e-07
-1.77 1.000000e+01 8.473569e-07
-1.77 1.050000e+01 8.473569e-07
-1.77 1.100000e+01 8.473569e-07
-1.77 1.150000e+01 8.473569e-07
-1.77 1.200000e+01 8.473569e-07
-1.77 1.250000e+01 8.473569e-07
-1.77 1.300000e+01 8.473569e-07
-1.77 1.350000e+01 8.473569e-07
-1.77 1.400000e+01 8.500167e-07

-1.76 7.000000e+00 8.642696e-07
-1.76 7.500000e+00 8.706485e-07
-1.76 8.000000e+00 8.706485e-07
-1.76 8.500000e+00 8.706485e-07
-1.76 9.000000e+00 8.706485e-07
-1.76 9.500000e+00 8.706485e-07
-1.76 1.000000e+01 8.706485e-07
-1.76 1.050000e+01 8.706485e-07
-1.76 1.100000e+01 8.706485e-07
-1.76 1.150000e+01 8.706485e-07
-1.76 1.200000e+01 8.706485e-07
-1.76 1.250000e+01 8.706485e-07
-1.76 1.300000e+01 8.706485e-07
-1.76 1.350000e+01 8.706485e-07
-1.76 1.400000e+01 8.642696e-07

-1.75 7.000000e+00 8.996912e-07
-1.75 7.500000e+00 8.945804e-07
-1.75 8.000000e+00 8.945804e-07
-1.75 8.500000e+00 8.945804e-07
-1.75 9.000000e+00 8.945804e-07
-1.75 9.500000e+00 8.945804e-07
-1.75 1.000000e+01 8.945804e-07
-1.75 1.050000e+01 8.945804e-07
-1.75 1.100000e+01 8.945804e-07
-1.75 1.150000e+01 8.945804e-07
-1.75 1.200000e+01 8.945804e-07
-1.75 1.250000e+01 8.945804e-07
-1.75 1.300000e+01 8.945804e-07
-1.75 1.350000e+01 8.945804e-07
-1.75 1.400000e+01 8.996912e-07

-1.74 7.000000e+00 9.224324e-07
-1.74 7.500000e+00 9.191701e-07
-1.74 8.000000e+00 9.191701e-07
-1.74 8.500000e+00 9.191701e-07
-1.74 9.000000e+00 9.191701e-07
-1.74 9.500000e+00 9.191701e-07
-1.74 1.000000e+01 9.191701e-07
-1.74 1.050000e+01 9.191701e-07
-1.74 1.100000e+01 9.191701e-07
-1.74 1.150000e+01 9.191701e-07
-1.74 1.200000e+01 9.191701e-07
-1.74 1.250000e+01 9.191701e-07
-1.74 1.300000e+01 9.191701e-07
-1.74 1.350000e+01 9.191701e-07
-1.74 1.400000e+01 9.224324e-07

-1.73 7.000000e+00 9.474791e-07
-1.73 7.500000e+00 9.444357e-07
-1.73 8.000000e+00 9.444357e-07
-1.73 8.500000e+00 9.444357e-07
-1.73 9.000000e+00 9.444357e-07
-1.73 9.500000e+00 9.444357e-07
-1.73 1.000000e+01 9.444357e-07
-1.73 1.050000e+01 9.444357e-07
-1.73 1.100000e+01 9.444357e-07
-1.73 1.150000e+01 9.444357e-07
-1.73 1.200000e+01 9.444357e-07
-1.73 1.250000e+01 9.444357e-07
-1.73 1.300000e+01 9.444357e-07
-1.73 1.350000e+01 9.444357e-07
-1.73 1.400000e+01 9.474791e-07

-1.72 7.000000e+00 9.741053e-07
-1.72 7.500000e+00 9.703958e-07
-1.72 8.000000e+00 9.703958e-07
-1.72 8.500000e+00 9.703958e-07
-1.72 9.000000e+00 9.703958e-07
-1.72 9.500000e+00 9.703958e-07
-1.72 1.000000e+01 9.703958e-07
-1.72 1.050000e+01 9.703958e-07
-1.72 1.100000e+01 9.703958e-07
-1.72 1.150000e+01 9.703958e-07
-1.72 1.200000e+01 9.703958e-07
-1.72 1.250000e+01 9.703958e-07
-1.72 1.300000e+01 9.703958e-07
-1.72 1.350000e+01 9.703958e-07
-1.72 1.400000e+01 9.741053e-07

-1.71 7.000000e+00 9.855493e-07
-1.71 7.500000e+00 9.970695e-07
-1.71 8.000000e+00 9.970695e-07
-1.71 8.500000e+00 9.970695e-07
-1.71 9.000000e+00 9.970695e-07
-1.71 9.500000e+00 9.970695e-07
-1.71 1.000000e+01 9.970695e-07
-1.71 1.050000e+01 9.970695e-07
-1.71 1.100000e+01 9.970695e-07
-1.71 1.150000e+01 9.970695e-07
-1.71 1.200000e+01 9.970695e-07
-1.71 1.250000e+01 9.970695e-07
-1.71 1.300000e+01 9.970695e-07
-1.71 1.350000e+01 9.970695e-07
-1.71 1.400000e+01 9.855493e-07

-1.70 7.000000e+00 1.031504e-06
-1.70 7.500000e+00 1.024476e-06
-1.70 8.000000e+00 1.024476e-06
-1.70 8.500000e+00 1.024476e-06
-1.70 9.000000e+00 1.024476e-06
-1.70 9.500000e+00 1.024476e-06
-1.70 1.000000e+01 1.024476e-06
-1.70 1.050000e+01 1.024476e-06
-1.70 1.100000e+01 1.024476e-06
-1.70 1.150000e+01 1.024476e-06
-1.70 1.200000e+01 1.024476e-06
-1.70 1.250000e+01 1.024476e-06
-1.70 1.300000e+01 1.024476e-06
-1.70 1.350000e+01 1.024476e-06
-1.70 1.400000e+01 1.031504e-06

-1.69 7.000000e+00 1.057092e-06
-1.69 7.500000e+00 1.052636e-06
-1.69 8.000000e+00 1.052636e-06
-1.69 8.500000e+00 1.052636e-06
-1.69 9.000000e+00 1.052636e-06
-1.69 9.500000e+00 1.052636e-06
-1.69 1.000000e+01 1.052636e-06
-1.69 1.050000e+01 1.052636e-06
-1.69 1.100000e+01 1.052636e-06
-1.69 1.150000e+01 1.052636e-06
-1.69 1.200000e+01 1.052636e-06
-1.69 1.250000e+01 1.052636e-06
-1.69 1.300000e+01 1.052636e-06
-1.69 1.350000e+01 1.052636e-06
-1.69 1.400000e+01 1.057092e-06

-1.68 7.000000e+00 1.079601e-06
-1.68 7.500000e+00 1.081571e-06
-1.68 8.000000e+00 1.081571e-06
-1.68 8.500000e+00 1.081571e-06
-1.68 9.000000e+00 1.081571e-06
-1.68 9.500000e+00 1.081571e-06
-1.68 1.000000e+01 1.081571e-06
-1.68 1.050000e+01 1.081571e-06
-1.68 1.100000e+01 1.081571e-06
-1.68 1.150000e+01 1.081571e-06
-1.68 1.200000e+01 1.081571e-06
-1.68 1.250000e+01 1.081571e-06
-1.68 1.300000e+01 1.081571e-06
-1.68 1.350000e+01 1.081571e-06
-1.68 1.400000e+01 1.079601e-06

-1.67 7.000000e+00 1.116309e-06
-1.67 7.500000e+00 1.111300e-06
-1.67 8.000000e+00 1.111300e-06
-1.67 8.500000e+00 1.111300e-06
-1.67 9.000000e+00 1.111300e-06
-1.67 9.500000e+00 1.111300e-06
-1.67 1.000000e+01 1.111300e-06
-1.67 1.050000e+01 1.111300e-06
-1.67 1.100000e+01 1.111300e-06
-1.67 1.150000e+01 1.111300e-06
-1.67 1.200000e+01 1.111300e-06
-1.67 1.250000e+01 1.111300e-06
-1.67 1.300000e+01 1.111300e-06
-1.67 1.350000e+01 1.111300e-06
-1.67 1.400000e+01 1.116309e-06

-1.66 7.000000e+00 1.138702e-06
-1.66 7.500000e+00 1.141847e-06
-1.66 8.000000e+00 1.141847e-06
-1.66 8.500000e+00 1.141847e-06
-1.66 9.000000e+00 1.141847e-06
-1.66 9.500000e+00 1.141847e-06
-1.66 1.000000e+01 1.141847e-06
-1.66 1.050000e+01 1.141847e-06
-1.66 1.100000e+01 1.141847e-06
-1.66 1.150000e+01 1.141847e-06
-1.66 1.200000e+01 1.141847e-06
-1.66 1.250000e+01 1.141847e-06
-1.66 1.300000e+01 1.141847e-06
-1.66 1.350000e+01 1.141847e-06
-1.66 1.400000e+01 1.138702e-06

-1.65 7.000000e+00 1.182628e-06
-1.65 7.500000e+00 1.173233e-06
-1.65 8.000000e+00 1.173233e-06
-1.65 8.500000e+00 1.173233e-06
-1.65 9.000000e+00 1.173233e-06
-1.65 9.500000e+00 1.173233e-06
-1.65 1.000000e+01 1.173233e-06
-1.65 1.050000e+01 1.173233e-06
-1.65 1.100000e+01 1.173233e-06
-1.65 1.150000e+01 1.173233e-06
-1.65 1.200000e+01 1.173233e-06
-1.65 1.250000e+01 1.173233e-06
-1.65 1.300000e+01 1.173233e-06
-1.65 1.350000e+01 1.173233e-06
-1.65 1.400000e+01 1.182628e-06

-1.64 7.000000e+00 1.211410e-06
-1.64 7.500000e+00 1.205482e-06
-1.64 8.000000e+00 1.205482e-06
-1.64 8.500000e+00 1.205482e-06
-1.64 9.000000e+00 1.205482e-06
-1.64 9.500000e+00 1.205482e-06
-1.64 1.000000e+01 1.205482e-06
-1.64 1.050000e+01 1.205482e-06
-1.64 1.100000e+01 1.205482e-06
-1.64 1.150000e+01 1.205482e-06
-1.64 1.200000e+01 1.205482e-06
-1.64 1.250000e+01 1.205482e-06
-1.64 1.300000e+01 1.205482e-06
-1.64 1.350000e+01 1.205482e-06
-1.64 1.400000e+01 1.211410e-06

-1.63 7.000000e+00 1.248333e-06
-1.63 7.500000e+00 1.238618e-06
-1.63 8.000000e+00 1.238618e-06
-1.63 8.500000e+00 1.238618e-06
-1.63 9.000000e+00 1.238618e-06
-1.63 9.500000e+00 1.238618e-06
-1.63 1.000000e+01 1.238618e-06
-1.63 1.050000e+01 1.238618e-06
-1.63 1.100000e+01 1.238618e-06
-1.63 1.150000e+01 1.238618e-06
-1.63 1.200000e+01 1.238618e-06
-1.63 1.250000e+01 1.238618e-06
-1.63 1.300000e+01 1.238618e-06
-1.63 1.350000e+01 1.238618e-06
-1.63 1.400000e+01 1.248333e-06

-1.62 7.000000e+00 1.279271e-06
-1.62 7.500000e+00 1.272664e-06
-1.62 8.000000e+00 1.272664e-06
-1.62 8.500000e+00 1.272664e-06
-1.62 9.000000e+00 1.272664e-06
-1.62 9.500000e+00 1.272664e-06
-1.62 1.000000e+01 1.272664e-06
-1.62 1.050000e+01 1.272664e-06
-1.62 1.100000e+01 1.272664e-06
-1.62 1.150000e+01 1.272664e-06
-1.62 1.200000e+01 1.272664e-06
-1.62 1.250000e+01 1.272664e-06
-1.62 1.300000e+01 1.272664e-06
-1.62 1.350000e+01 1.272664e-06
-1.62 1.400000e+01 1.279271e-06

-1.61 7.000000e+00 1.295486e-06
-1.61 7.500000e+00 1.307646e-06
-1.61 8.000000e+00 1.307646e-06
-1.61 8.500000e+00 1.307646e-06
-1.61 9.000000e+00 1.307646e-06
-1.61 9.500000e+00 1.307646e-06
-1.61 1.000000e+01 1.307646e-06
-1.61 1.050000e+01 1.307646e-06
-1.61 1.100000e+01 1.307646e-06
-1.61 1.150000e+01 1.307646e-06
-1.61 1.200000e+01 1.307646e-06
-1.61 1.250000e+01 1.307646e-06
-1.61 1.300000e+01 1.307646e-06
-1.61 1.350000e+01 1.307646e-06
-1.61 1.400000e+01 1.295486e-06

-1.60 7.000000e+00 1.355892e-06
-1.60 7.500000e+00 1.343590e-06
-1.60 8.000000e+00 1.343590e-06
-1.60 8.500000e+00 1.343590e-06
-1.60 9.000000e+00 1.343590e-06
-1.60 9.500000e+00 1.343590e-06
-1.60 1.000000e+01 1.343590e-06
-1.60 1.050000e+01 1.343590e-06
-1.60 1.100000e+01 1.343590e-06
-1.60 1.150000e+01 1.343590e-06
-1.60 1.200000e+01 1.343590e-06
-1.60 1.250000e+01 1.343590e-06
-1.60 1.300000e+01 1.343590e-06
-1.60 1.350000e+01 1.343590e-06
-1.60 1.400000e+01 1.355892e-06

-1.59 7.000000e+00 1.388256e-06
-1.59 7.500000e+00 1.380521e-06
-1.59 8.000000e+00 1.380521e-06
-1.59 8.500000e+00 1.380521e-06
-1.59 9.000000e+00 1.380521e-06
-1.59 9.500000e+00 1.380521e-06
-1.59 1.000000e+01 1.380521e-06
-1.59 1.050000e+01 1.380521e-06
-1.59 1.100000e+01 1.380521e-06
-1.59 1.150000e+01 1.380521e-06
-1.59 1.200000e+01 1.380521e-06
-1.59 1.250000e+01 1.380521e-06
-1.59 1.300000e+01 1.380521e-06
-1.59 1.350000e+01 1.380521e-06
-1.59 1.400000e+01 1.388256e-06

-1.58 7.000000e+00 1.419115e-06
-1.58 7.500000e+00 1.418468e-06
-1.58 8.000000e+00 1.418468e-06
-1.58 8.500000e+00 1.418468e-06
-1.58 9.000000e+00 1.418468e-06
-1.58 9.500000e+00 1.418468e-06
-1.58 1.000000e+01 1.418468e-06
-1.58 1.050000e+01 1.418468e-06
-1.58 1.100000e+01 1.418468e-06
-1.58 1.150000e+01 1.418468e-06
-1.58 1.200000e+01 1.418468e-06
-1.58 1.250000e+01 1.418468e-06
-1.58 1.300000e+01 1.418468e-06
-1.58 1.350000e+01 1.418468e-06
-1.58 1.400000e+01 1.419115e-06

-1.57 7.000000e+00 1.466023e-06
-1.57 7.500000e+00 1.457458e-06
-1.57 8.000000e+00 1.457458e-06
-1.57 8.500000e+00 1.457458e-06
-1.57 9.000000e+00 1.457458e-06
-1.57 9.500000e+00 1.457458e-06
-1.57 1.000000e+01 1.457458e-06
-1.57 1.050000e+01 1.457458e-06
-1.57 1.100000e+01 1.457458e-06
-1.57 1.150000e+01 1.457458e-06
-1.57 1.200000e+01 1.457458e-06
-1.57 1.250000e+01 1.457458e-06
-1.57 1.300000e+01 1.457458e-06
-1.57 1.350000e+01 1.457458e-06
-1.57 1.400000e+01 1.466023e-06

-1.56 7.000000e+00 1.500275e-06
-1.56 7.500000e+00 1.497519e-06
-1.56 8.000000e+00 1.497519e-06
-1.56 8.500000e+00 1.497519e-06
-1.56 9.000000e+00 1.497519e-06
-1.56 9.500000e+00 1.497519e-06
-1.56 1.000000e+01 1.497519e-06
-1.56 1.050000e+01 1.497519e-06
-1.56 1.100000e+01 1.497519e-06
-1.56 1.150000e+01 1.497519e-06
-1.56 1.200000e+01 1.497519e-06
-1.56 1.250000e+01 1.497519e-06
-1.56 1.300000e+01 1.497519e-06
-1.56 1.350000e+01 1.497519e-06
-1.56 1.400000e+01 1.500275e-06

-1.55 7.000000e+00 1.554541e-06
-1.55 7.500000e+00 1.538682e-06
-1.55 8.000000e+00 1.538682e-06
-1.55 8.500000e+00 1.538682e-06
-1.55 9.000000e+00 1.538682e-06
-1.55 9.500000e+00 1.538682e-06
-1.55 1.000000e+01 1.538682e-06
-1.55 1.050000e+01 1.538682e-06
-1.55 1.100000e+01 1.538682e-06
-1.55 1.150000e+01 1.538682e-06
-1.55 1.200000e+01 1.538682e-06
-1.55 1.250000e+01 1.538682e-06
-1.55 1.300000e+01 1.538682e-06
-1.55 1.350000e+01 1.538682e-06
-1.55 1.400000e+01 1.554541e-06

-1.54 7.000000e+00 1.590917e-06
-1.54 7.500000e+00 1.580976e-06
-1.54 8.000000e+00 1.580976e-06
-1.54 8.500000e+00 1.580976e-06
-1.54 9.000000e+00 1.580976e-06
-1.54 9.500000e+00 1.580976e-06
-1.54 1.000000e+01 1.580976e-06
-1.54 1.050000e+01 1.580976e-06
-1.54 1.100000e+01 1.580976e-06
-1.54 1.150000e+01 1.580976e-06
-1.54 1.200000e+01 1.580976e-06
-1.54 1.250000e+01 1.580976e-06
-1.54 1.300000e+01 1.580976e-06
-1.54 1.350000e+01 1.580976e-06
-1.54 1.400000e+01 1.590917e-06

-1.53 7.000000e+00 1.644716e-06
-1.53 7.500000e+00 1.624433e-06
-1.53 8.000000e+00 1.624433e-06
-1.53 8.500000e+00 1.624433e-06
-1.53 9.000000e+00 1.624433e-06
-1.53 9.500000e+00 1.624433e-06
-1.53 1.000000e+01 1.624433e-06
-1.53 1.050000e+01 1.624433e-06
-1.53 1.100000e+01 1.624433e-06
-1.53 1.150000e+01 1.624433e-06
-1.53 1.200000e+01 1.624433e-06
-1.53 1.250000e+01 1.624433e-06
-1.53 1.300000e+01 1.624433e-06
-1.53 1.350000e+01 1.624433e-06
-1.53 1.400000e+01 1.644716e-06

-1.52 7.000000e+00 1.680036e-06
-1.52 7.500000e+00 1.669084e-06
-1.52 8.000000e+00 1.669084e-06
-1.52 8.500000e+00 1.669084e-06
-1.52 9.000000e+00 1.669084e-06
-1.52 9.500000e+00 1.669084e-06
-1.52 1.000000e+01 1.669084e-06
-1.52 1.050000e+01 1.669084e-06
-1.52 1.100000e+01 1.669084e-06
-1.52 1.150000e+01 1.669084e-06
-1.52 1.200000e+01 1.669084e-06
-1.52 1.250000e+01 1.669084e-06
-1.52 1.300000e+01 1.669084e-06
-1.52 1.350000e+01 1.669084e-06
-1.52 1.400000e+01 1.680036e-06

-1.51 7.000000e+00 1.702891e-06
-1.51 7.500000e+00 1.714962e-06
-1.51 8.000000e+00 1.714962e-06
-1.51 8.500000e+00 1.714962e-06
-1.51 9.000000e+00 1.714962e-06
-1.51 9.500000e+00 1.714962e-06
-1.51 1.000000e+01 1.714962e-06
-1.51 1.050000e+01 1.714962e-06
-1.51 1.100000e+01 1.714962e-06
-1.51 1.150000e+01 1.714962e-06
-1.51 1.200000e+01 1.714962e-06
-1.51 1.250000e+01 1.714962e-06
-1.51 1.300000e+01 1.714962e-06
-1.51 1.350000e+01 1.714962e-06
-1.51 1.400000e+01 1.702891e-06

-1.50 7.000000e+00 1.782293e-06
-1.50 7.500000e+00 1.762102e-06
-1.50 8.000000e+00 1.762102e-06
-1.50 8.500000e+00 1.762102e-06
-1.50 9.000000e+00 1.762102e-06
-1.50 9.500000e+00 1.762102e-06
-1.50 1.000000e+01 1.762102e-06
-1.50 1.050000e+01 1.762102e-06
-1.50 1.100000e+01 1.762102e-06
-1.50 1.150000e+01 1.762102e-06
-1.50 1.200000e+01 1.762102e-06
-1.50 1.250000e+01 1.762102e-06
-1.50 1.300000e+01 1.762102e-06
-1.50 1.350000e+01 1.762102e-06
-1.50 1.400000e+01 1.782293e-06

-1.49 7.000000e+00 1.823163e-06
-1.49 7.500000e+00 1.810537e-06
-1.49 8.000000e+00 1.810537e-06
-1.49 8.500000e+00 1.810537e-06
-1.49 9.000000e+00 1.810537e-06
-1.49 9.500000e+00 1.810537e-06
-1.49 1.000000e+01 1.810537e-06
-1.49 1.050000e+01 1.810537e-06
-1.49 1.100000e+01 1.810537e-06
-1.49 1.150000e+01 1.810537e-06
-1.49 1.200000e+01 1.810537e-06
-1.49 1.250000e+01 1.810537e-06
-1.49 1.300000e+01 1.810537e-06
-1.49 1.350000e+01 1.810537e-06
-1.49 1.400000e+01 1.823163e-06

-1.48 7.000000e+00 1.865397e-06
-1.48 7.500000e+00 1.860303e-06
-1.48 8.000000e+00 1.860303e-06
-1.48 8.500000e+00 1.860303e-06
-1.48 9.000000e+00 1.860303e-06
-1.48 9.500000e+00 1.860303e-06
-1.48 1.000000e+01 1.860303e-06
-1.48 1.050000e+01 1.860303e-06
-1.48 1.100000e+01 1.860303e-06
-1.48 1.150000e+01 1.860303e-06
-1.48 1.200000e+01 1.860303e-06
-1.48 1.250000e+01 1.860303e-06
-1.48 1.300000e+01 1.860303e-06
-1.48 1.350000e+01 1.860303e-06
-1.48 1.400000e+01 1.865397e-06

-1.47 7.000000e+00 1.925292e-06
-1.47 7.500000e+00 1.911438e-06
-1.47 8.000000e+00 1.911438e-06
-1.47 8.500000e+00 1.911438e-06
-1.47 9.000000e+00 1.911438e-06
-1.47 9.500000e+00 1.911438e-06
-1.47 1.000000e+01 1.911438e-06
-1.47 1.050000e+01 1.911438e-06
-1.47 1.100000e+01 1.911438e-06
-1.47 1.150000e+01 1.911438e-06
-1.47 1.200000e+01 1.911438e-06
-1.47 1.250000e+01 1.911438e-06
-1.47 1.300000e+01 1.911438e-06
-1.47 1.350000e+01 1.911438e-06
-1.47 1.400000e+01 1.925292e-06

-1.46 7.000000e+00 1.976655e-06
-1.46 7.500000e+00 1.963978e-06
-1.46 8.000000e+00 1.963978e-06
-1.46 8.500000e+00 1.963978e-06
-1.46 9.000000e+00 1.963978e-06
-1.46 9.500000e+00 1.963978e-06
-1.46 1.000000e+01 1.963978e-06
-1.46 1.050000e+01 1.963978e-06
-1.46 1.100000e+01 1.963978e-06
-1.46 1.150000e+01 1.963978e-06
-1.46 1.200000e+01 1.963978e-06
-1.46 1.250000e+01 1.963978e-06
-1.46 1.300000e+01 1.963978e-06
-1.46 1.350000e+01 1.963978e-06
-1.46 1.400000e+01 1.976655e-06

-1.45 7.000000e+00 2.043411e-06
-1.45 7.500000e+00 2.017962e-06
-1.45 8.000000e+00 2.017962e-06
-1.45 8.500000e+00 2.017962e-06
-1.45 9.000000e+00 2.017962e-06
-1.45 9.500000e+00 2.017962e-06
-1.45 1.000000e+01 2.017962e-06
-1.45 1.050000e+01 2.017962e-06
-1.45 1.100000e+01 2.017962e-06
-1.45 1.150000e+01 2.017962e-06
-1.45 1.200000e+01 2.017962e-06
-1.45 1.250000e+01 2.017962e-06
-1.45 1.300000e+01 2.017962e-06
-1.45 1.350000e+01 2.017962e-06
-1.45 1.400000e+01 2.043411e-06

-1.44 7.000000e+00 2.089312e-06
-1.44 7.500000e+00 2.073429e-06
-1.44 8.000000e+00 2.073429e-06
-1.44 8.500000e+00 2.073429e-06
-1.44 9.000000e+00 2.073429e-06
-1.44 9.500000e+00 2.073429e-06
-1.44 1.000000e+01 2.073429e-06
-1.44 1.050000e+01 2.073429e-06
-1.44 1.100000e+01 2.073429e-06
-1.44 1.150000e+01 2.073429e-06
-1.44 1.200000e+01 2.073429e-06
-1.44 1.250000e+01 2.073429e-06
-1.44 1.300000e+01 2.073429e-06
-1.44 1.350000e+01 2.073429e-06
-1.44 1.400000e+01 2.089312e-06

-1.43 7.000000e+00 2.138690e-06
-1.43 7.500000e+00 2.130422e-06
-1.43 8.000000e+00 2.130422e-06
-1.43 8.500000e+00 2.130422e-06
-1.43 9.000000e+00 2.130422e-06
-1.43 9.500000e+00 2.130422e-06
-1.43 1.000000e+01 2.130422e-06
-1.43 1.050000e+01 2.130422e-06
-1.43 1.100000e+01 2.130422e-06
-1.43 1.150000e+01 2.130422e-06
-1.43 1.200000e+01 2.130422e-06
-1.43 1.250000e+01 2.130422e-06
-1.43 1.300000e+01 2.130422e-06
-1.43 1.350000e+01 2.130422e-06
-1.43 1.400000e+01 2.138690e-06

-1.42 7.000000e+00 2.206349e-06
-1.42 7.500000e+00 2.188981e-06
-1.42 8.000000e+00 2.188981e-06
-1.42 8.500000e+00 2.188981e-06
-1.42 9.000000e+00 2.188981e-06
-1.42 9.500000e+00 2.188981e-06
-1.42 1.000000e+01 2.188981e-06
-1.42 1.050000e+01 2.188981e-06
-1.42 1.100000e+01 2.188981e-06
-1.42 1.150000e+01 2.188981e-06
-1.42 1.200000e+01 2.188981e-06
-1.42 1.250000e+01 2.188981e-06
-1.42 1.300000e+01 2.188981e-06
-1.42 1.350000e+01 2.188981e-06
-1.42 1.400000e+01 2.206349e-06

-1.41 7.000000e+00 2.238412e-06
-1.41 7.500000e+00 2.249149e-06
-1.41 8.000000e+00 2.249149e-06
-1.41 8.500000e+00 2.249149e-06
-1.41 9.000000e+00 2.249149e-06
-1.41 9.500000e+00 2.249149e-06
-1.41 1.000000e+01 2.249149e-06
-1.41 1.050000e+01 2.249149e-06
-1.41 1.100000e+01 2.249149e-06
-1.41 1.150000e+01 2.249149e-06
-1.41 1.200000e+01 2.249149e-06
-1.41 1.250000e+01 2.249149e-06
-1.41 1.300000e+01 2.249149e-06
-1.41 1.350000e+01 2.249149e-06
-1.41 1.400000e+01 2.238412e-06

-1.40 7.000000e+00 2.329943e-06
-1.40 7.500000e+00 2.310972e-06
-1.40 8.000000e+00 2.310972e-06
-1.40 8.500000e+00 2.310972e-06
-1.40 9.000000e+00 2.310972e-06
-1.40 9.500000e+00 2.310972e-06
-1.40 1.000000e+01 2.310972e-06
-1.40 1.050000e+01 2.310972e-06
-1.40 1.100000e+01 2.310972e-06
-1.40 1.150000e+01 2.310972e-06
-1.40 1.200000e+01 2.310972e-06
-1.40 1.250000e+01 2.310972e-06
-1.40 1.300000e+01 2.310972e-06
-1.40 1.350000e+01 2.310972e-06
-1.40 1.400000e+01 2.329943e-06

-1.39 7.000000e+00 2.375585e-06
-1.39 7.500000e+00 2.374493e-06
-1.39 8.000000e+00 2.374493e-06
-1.39 8.500000e+00 2.374493e-06
-1.39 9.000000e+00 2.374493e-06
-1.39 9.500000e+00 2.374493e-06
-1.39 1.000000e+01 2.374493e-06
-1.39 1.050000e+01 2.374493e-06
-1.39 1.100000e+01 2.374493e-06
-1.39 1.150000e+01 2.374493e-06
-1.39 1.200000e+01 2.374493e-06
-1.39 1.250000e+01 2.374493e-06
-1.39 1.300000e+01 2.374493e-06
-1.39 1.350000e+01 2.374493e-06
-1.39 1.400000e+01 2.375585e-06

-1.38 7.000000e+00 2.452022e-06
-1.38 7.500000e+00 2.439761e-06
-1.38 8.000000e+00 2.439761e-06
-1.38 8.500000e+00 2.439761e-06
-1.38 9.000000e+00 2.439761e-06
-1.38 9.500000e+00 2.439761e-06
-1.38 1.000000e+01 2.439761e-06
-1.38 1.050000e+01 2.439761e-06
-1.38 1.100000e+01 2.439761e-06
-1.38 1.150000e+01 2.439761e-06
-1.38 1.200000e+01 2.439761e-06
-1.38 1.250000e+01 2.439761e-06
-1.38 1.300000e+01 2.439761e-06
-1.38 1.350000e+01 2.439761e-06
-1.38 1.400000e+01 2.452022e-06

-1.37 7.000000e+00 2.528435e-06
-1.37 7.500000e+00 2.506822e-06
-1.37 8.000000e+00 2.506822e-06
-1.37 8.500000e+00 2.506822e-06
-1.37 9.000000e+00 2.506822e-06
-1.37 9.500000e+00 2.506822e-06
-1.37 1.000000e+01 2.506822e-06
-1.37 1.050000e+01 2.506822e-06
-1.37 1.100000e+01 2.506822e-06
-1.37 1.150000e+01 2.506822e-06
-1.37 1.200000e+01 2.506822e-06
-1.37 1.250000e+01 2.506822e-06
-1.37 1.300000e+01 2.506822e-06
-1.37 1.350000e+01 2.506822e-06
-1.37 1.400000e+01 2.528435e-06

-1.36 7.000000e+00 2.604295e-06
-1.36 7.500000e+00 2.575727e-06
-1.36 8.000000e+00 2.575727e-06
-1.36 8.500000e+00 2.575727e-06
-1.36 9.000000e+00 2.575727e-06
-1.36 9.500000e+00 2.575727e-06
-1.36 1.000000e+01 2.575727e-06
-1.36 1.050000e+01 2.575727e-06
-1.36 1.100000e+01 2.575727e-06
-1.36 1.150000e+01 2.575727e-06
-1.36 1.200000e+01 2.575727e-06
-1.36 1.250000e+01 2.575727e-06
-1.36 1.300000e+01 2.575727e-06
-1.36 1.350000e+01 2.575727e-06
-1.36 1.400000e+01 2.604295e-06

-1.35 7.000000e+00 2.670070e-06
-1.35 7.500000e+00 2.646526e-06
-1.35 8.000000e+00 2.646526e-06
-1.35 8.500000e+00 2.646526e-06
-1.35 9.000000e+00 2.646526e-06
-1.35 9.500000e+00 2.646526e-06
-1.35 1.000000e+01 2.646526e-06
-1.35 1.050000e+01 2.646526e-06
-1.35 1.100000e+01 2.646526e-06
-1.35 1.150000e+01 2.646526e-06
-1.35 1.200000e+01 2.646526e-06
-1.35 1.250000e+01 2.646526e-06
-1.35 1.300000e+01 2.646526e-06
-1.35 1.350000e+01 2.646526e-06
-1.35 1.400000e+01 2.670070e-06

-1.34 7.000000e+00 2.686016e-06
-1.34 7.500000e+00 2.719271e-06
-1.34 8.000000e+00 2.719271e-06
-1.34 8.500000e+00 2.719271e-06
-1.34 9.000000e+00 2.719271e-06
-1.34 9.500000e+00 2.719271e-06
-1.34 1.000000e+01 2.719271e-06
-1.34 1.050000e+01 2.719271e-06
-1.34 1.100000e+01 2.719271e-06
-1.34 1.150000e+01 2.719271e-06
-1.34 1.200000e+01 2.719271e-06
-1.34 1.250000e+01 2.719271e-06
-1.34 1.300000e+01 2.719271e-06
-1.34 1.350000e+01 2.719271e-06
-1.34 1.400000e+01 2.686016e-06

-1.33 7.000000e+00 2.811258e-06
-1.33 7.500000e+00 2.794015e-06
-1.33 8.000000e+00 2.794015e-06
-1.33 8.500000e+00 2.794015e-06
-1.33 9.000000e+00 2.794015e-06
-1.33 9.500000e+00 2.794015e-06
-1.33 1.000000e+01 2.794015e-06
-1.33 1.050000e+01 2.794015e-06
-1.33 1.100000e+01 2.794015e-06
-1.33 1.150000e+01 2.794015e-06
-1.33 1.200000e+01 2.794015e-06
-1.33 1.250000e+01 2.794015e-06
-1.33 1.300000e+01 2.794015e-06
-1.33 1.350000e+01 2.794015e-06
-1.33 1.400000e+01 2.811258e-06

-1.32 7.000000e+00 2.897537e-06
-1.32 7.500000e+00 2.870813e-06
-1.32 8.000000e+00 2.870813e-06
-1.32 8.500000e+00 2.870813e-06
-1.32 9.000000e+00 2.870813e-06
-1.32 9.500000e+00 2.870813e-06
-1.32 1.000000e+01 2.870813e-06
-1.32 1.050000e+01 2.870813e-06
-1.32 1.100000e+01 2.870813e-06
-1.32 1.150000e+01 2.870813e-06
-1.32 1.200000e+01 2.870813e-06
-1.32 1.250000e+01 2.870813e-06
-1.32 1.300000e+01 2.870813e-06
-1.32 1.350000e+01 2.870813e-06
-1.32 1.400000e+01 2.897537e-06

-1.31 7.000000e+00 2.942339e-06
-1.31 7.500000e+00 2.949723e-06
-1.31 8.000000e+00 2.949723e-06
-1.31 8.500000e+00 2.949723e-06
-1.31 9.000000e+00 2.949723e-06
-1.31 9.500000e+00 2.949723e-06
-1.31 1.000000e+01 2.949723e-06
-1.31 1.050000e+01 2.949723e-06
-1.31 1.100000e+01 2.949723e-06
-1.31 1.150000e+01 2.949723e-06
-1.31 1.200000e+01 2.949723e-06
-1.31 1.250000e+01 2.949723e-06
-1.31 1.300000e+01 2.949723e-06
-1.31 1.350000e+01 2.949723e-06
-1.31 1.400000e+01 2.942339e-06

-1.30 7.000000e+00 3.059848e-06
-1.30 7.500000e+00 3.030801e-06
-1.30 8.000000e+00 3.030801e-06
-1.30 8.500000e+00 3.030801e-06
-1.30 9.000000e+00 3.030801e-06
-1.30 9.500000e+00 3.030801e-06
-1.30 1.000000e+01 3.030801e-06
-1.30 1.050000e+01 3.030801e-06
-1.30 1.100000e+01 3.030801e-06
-1.30 1.150000e+01 3.030801e-06
-1.30 1.200000e+01 3.030801e-06
-1.30 1.250000e+01 3.030801e-06
-1.30 1.300000e+01 3.030801e-06
-1.30 1.350000e+01 3.030801e-06
-1.30 1.400000e+01 3.059848e-06

-1.29 7.000000e+00 3.129891e-06
-1.29 7.500000e+00 3.114108e-06
-1.29 8.000000e+00 3.114108e-06
-1.29 8.500000e+00 3.114108e-06
-1.29 9.000000e+00 3.114108e-06
-1.29 9.500000e+00 3.114108e-06
-1.29 1.000000e+01 3.114108e-06
-1.29 1.050000e+01 3.114108e-06
-1.29 1.100000e+01 3.114108e-06
-1.29 1.150000e+01 3.114108e-06
-1.29 1.200000e+01 3.114108e-06
-1.29 1.250000e+01 3.114108e-06
-1.29 1.300000e+01 3.114108e-06
-1.29 1.350000e+01 3.114108e-06
-1.29 1.400000e+01 3.129891e-06

-1.28 7.000000e+00 3.223121e-06
-1.28 7.500000e+00 3.199705e-06
-1.28 8.000000e+00 3.199705e-06
-1.28 8.500000e+00 3.199705e-06
-1.28 9.000000e+00 3.199705e-06
-1.28 9.500000e+00 3.199705e-06
-1.28 1.000000e+01 3.199705e-06
-1.28 1.050000e+01 3.199705e-06
-1.28 1.100000e+01 3.199705e-06
-1.28 1.150000e+01 3.199705e-06
-1.28 1.200000e+01 3.199705e-06
-1.28 1.250000e+01 3.199705e-06
-1.28 1.300000e+01 3.199705e-06
-1.28 1.350000e+01 3.199705e-06
-1.28 1.400000e+01 3.223121e-06

-1.27 7.000000e+00 3.320520e-06
-1.27 7.500000e+00 3.287654e-06
-1.27 8.000000e+00 3.287654e-06
-1.27 8.500000e+00 3.287654e-06
-1.27 9.000000e+00 3.287654e-06
-1.27 9.500000e+00 3.287654e-06
-1.27 1.000000e+01 3.287654e-06
-1.27 1.050000e+01 3.287654e-06
-1.27 1.100000e+01 3.287654e-06
-1.27 1.150000e+01 3.287654e-06
-1.27 1.200000e+01 3.287654e-06
-1.27 1.250000e+01 3.287654e-06
-1.27 1.300000e+01 3.287654e-06
-1.27 1.350000e+01 3.287654e-06
-1.27 1.400000e+01 3.320520e-06

-1.26 7.000000e+00 3.373406e-06
-1.26 7.500000e+00 3.378021e-06
-1.26 8.000000e+00 3.378021e-06
-1.26 8.500000e+00 3.378021e-06
-1.26 9.000000e+00 3.378021e-06
-1.26 9.500000e+00 3.378021e-06
-1.26 1.000000e+01 3.378021e-06
-1.26 1.050000e+01 3.378021e-06
-1.26 1.100000e+01 3.378021e-06
-1.26 1.150000e+01 3.378021e-06
-1.26 1.200000e+01 3.378021e-06
-1.26 1.250000e+01 3.378021e-06
-1.26 1.300000e+01 3.378021e-06
-1.26 1.350000e+01 3.378021e-06
-1.26 1.400000e+01 3.373406e-06

-1.25 7.000000e+00 3.506524e-06
-1.25 7.500000e+00 3.470871e-06
-1.25 8.000000e+00 3.470871e-06
-1.25 8.500000e+00 3.470871e-06
-1.25 9.000000e+00 3.470871e-06
-1.25 9.500000e+00 3.470871e-06
-1.25 1.000000e+01 3.470871e-06
-1.25 1.050000e+01 3.470871e-06
-1.25 1.100000e+01 3.470871e-06
-1.25 1.150000e+01 3.470871e-06
-1.25 1.200000e+01 3.470871e-06
-1.25 1.250000e+01 3.470871e-06
-1.25 1.300000e+01 3.470871e-06
-1.25 1.350000e+01 3.470871e-06
-1.25 1.400000e+01 3.506524e-06

-1.24 7.000000e+00 3.530697e-06
-1.24 7.500000e+00 3.566274e-06
-1.24 8.000000e+00 3.566274e-06
-1.24 8.500000e+00 3.566274e-06
-1.24 9.000000e+00 3.566274e-06
-1.24 9.500000e+00 3.566274e-06
-1.24 1.000000e+01 3.566274e-06
-1.24 1.050000e+01 3.566274e-06
-1.24 1.100000e+01 3.566274e-06
-1.24 1.150000e+01 3.566274e-06
-1.24 1.200000e+01 3.566274e-06
-1.24 1.250000e+01 3.566274e-06
-1.24 1.300000e+01 3.566274e-06
-1.24 1.350000e+01 3.566274e-06
-1.24 1.400000e+01 3.530697e-06

-1.23 7.000000e+00 3.695322e-06
-1.23 7.500000e+00 3.664298e-06
-1.23 8.000000e+00 3.664298e-06
-1.23 8.500000e+00 3.664298e-06
-1.23 9.000000e+00 3.664298e-06
-1.23 9.500000e+00 3.664298e-06
-1.23 1.000000e+01 3.664298e-06
-1.23 1.050000e+01 3.664298e-06
-1.23 1.100000e+01 3.664298e-06
-1.23 1.150000e+01 3.664298e-06
-1.23 1.200000e+01 3.664298e-06
-1.23 1.250000e+01 3.664298e-06
-1.23 1.300000e+01 3.664298e-06
-1.23 1.350000e+01 3.664298e-06
-1.23 1.400000e+01 3.695322e-06

-1.22 7.000000e+00 3.805246e-06
-1.22 7.500000e+00 3.765017e-06
-1.22 8.000000e+00 3.765017e-06
-1.22 8.500000e+00 3.765017e-06
-1.22 9.000000e+00 3.765017e-06
-1.22 9.500000e+00 3.765017e-06
-1.22 1.000000e+01 3.765017e-06
-1.22 1.050000e+01 3.765017e-06
-1.22 1.100000e+01 3.765017e-06
-1.22 1.150000e+01 3.765017e-06
-1.22 1.200000e+01 3.765017e-06
-1.22 1.250000e+01 3.765017e-06
-1.22 1.300000e+01 3.765017e-06
-1.22 1.350000e+01 3.765017e-06
-1.22 1.400000e+01 3.805246e-06

-1.21 7.000000e+00 3.867623e-06
-1.21 7.500000e+00 3.868505e-06
-1.21 8.000000e+00 3.868505e-06
-1.21 8.500000e+00 3.868505e-06
-1.21 9.000000e+00 3.868505e-06
-1.21 9.500000e+00 3.868505e-06
-1.21 1.000000e+01 3.868505e-06
-1.21 1.050000e+01 3.868505e-06
-1.21 1.100000e+01 3.868505e-06
-1.21 1.150000e+01 3.868505e-06
-1.21 1.200000e+01 3.868505e-06
-1.21 1.250000e+01 3.868505e-06
-1.21 1.300000e+01 3.868505e-06
-1.21 1.350000e+01 3.868505e-06
-1.21 1.400000e+01 3.867623e-06

-1.20 7.000000e+00 4.018402e-06
-1.20 7.500000e+00 3.974836e-06
-1.20 8.000000e+00 3.974836e-06
-1.20 8.500000e+00 3.974836e-06
-1.20 9.000000e+00 3.974836e-06
-1.20 9.500000e+00 3.974836e-06
-1.20 1.000000e+01 3.974836e-06
-1.20 1.050000e+01 3.974836e-06
-1.20 1.100000e+01 3.974836e-06
-1.20 1.150000e+01 3.974836e-06
-1.20 1.200000e+01 3.974836e-06
-1.20 1.250000e+01 3.974836e-06
-1.20 1.300000e+01 3.974836e-06
-1.20 1.350000e+01 3.974836e-06
-1.20 1.400000e+01 4.018402e-06

-1.19 7.000000e+00 4.123698e-06
-1.19 7.500000e+00 4.084090e-06
-1.19 8.000000e+00 4.084090e-06
-1.19 8.500000e+00 4.084090e-06
-1.19 9.000000e+00 4.084090e-06
-1.19 9.500000e+00 4.084090e-06
-1.19 1.000000e+01 4.084090e-06
-1.19 1.050000e+01 4.084090e-06
-1.19 1.100000e+01 4.084090e-06
-1.19 1.150000e+01 4.084090e-06
-1.19 1.200000e+01 4.084090e-06
-1.19 1.250000e+01 4.084090e-06
-1.19 1.300000e+01 4.084090e-06
-1.19 1.350000e+01 4.084090e-06
-1.19 1.400000e+01 4.123698e-06

-1.18 7.000000e+00 4.236700e-06
-1.18 7.500000e+00 4.196347e-06
-1.18 8.000000e+00 4.196347e-06
-1.18 8.500000e+00 4.196347e-06
-1.18 9.000000e+00 4.196347e-06
-1.18 9.500000e+00 4.196347e-06
-1.18 1.000000e+01 4.196347e-06
-1.18 1.050000e+01 4.196347e-06
-1.18 1.100000e+01 4.196347e-06
-1.18 1.150000e+01 4.196347e-06
-1.18 1.200000e+01 4.196347e-06
-1.18 1.250000e+01 4.196347e-06
-1.18 1.300000e+01 4.196347e-06
-1.18 1.350000e+01 4.196347e-06
-1.18 1.400000e+01 4.236700e-06

-1.17 7.000000e+00 4.360729e-06
-1.17 7.500000e+00 4.311690e-06
-1.17 8.000000e+00 4.311690e-06
-1.17 8.500000e+00 4.311690e-06
-1.17 9.000000e+00 4.311690e-06
-1.17 9.500000e+00 4.311690e-06
-1.17 1.000000e+01 4.311690e-06
-1.17 1.050000e+01 4.311690e-06
-1.17 1.100000e+01 4.311690e-06
-1.17 1.150000e+01 4.311690e-06
-1.17 1.200000e+01 4.311690e-06
-1.17 1.250000e+01 4.311690e-06
-1.17 1.300000e+01 4.311690e-06
-1.17 1.350000e+01 4.311690e-06
-1.17 1.400000e+01 4.360729e-06

-1.16 7.000000e+00 4.434242e-06
-1.16 7.500000e+00 4.430202e-06
-1.16 8.000000e+00 4.430202e-06
-1.16 8.500000e+00 4.430202e-06
-1.16 9.000000e+00 4.430202e-06
-1.16 9.500000e+00 4.430202e-06
-1.16 1.000000e+01 4.430202e-06
-1.16 1.050000e+01 4.430202e-06
-1.16 1.100000e+01 4.430202e-06
-1.16 1.150000e+01 4.430202e-06
-1.16 1.200000e+01 4.430202e-06
-1.16 1.250000e+01 4.430202e-06
-1.16 1.300000e+01 4.430202e-06
-1.16 1.350000e+01 4.430202e-06
-1.16 1.400000e+01 4.434242e-06

-1.15 7.000000e+00 4.604999e-06
-1.15 7.500000e+00 4.551972e-06
-1.15 8.000000e+00 4.551972e-06
-1.15 8.500000e+00 4.551972e-06
-1.15 9.000000e+00 4.551972e-06
-1.15 9.500000e+00 4.551972e-06
-1.15 1.000000e+01 4.551972e-06
-1.15 1.050000e+01 4.551972e-06
-1.15 1.100000e+01 4.551972e-06
-1.15 1.150000e+01 4.551972e-06
-1.15 1.200000e+01 4.551972e-06
-1.15 1.250000e+01 4.551972e-06
-1.15 1.300000e+01 4.551972e-06
-1.15 1.350000e+01 4.551972e-06
-1.15 1.400000e+01 4.604999e-06

-1.14 7.000000e+00 4.640995e-06
-1.14 7.500000e+00 4.677089e-06
-1.14 8.000000e+00 4.677089e-06
-1.14 8.500000e+00 4.677089e-06
-1.14 9.000000e+00 4.677089e-06
-1.14 9.500000e+00 4.677089e-06
-1.14 1.000000e+01 4.677089e-06
-1.14 1.050000e+01 4.677089e-06
-1.14 1.100000e+01 4.677089e-06
-1.14 1.150000e+01 4.677089e-06
-1.14 1.200000e+01 4.677089e-06
-1.14 1.250000e+01 4.677089e-06
-1.14 1.300000e+01 4.677089e-06
-1.14 1.350000e+01 4.677089e-06
-1.14 1.400000e+01 4.640994e-06

-1.13 7.000000e+00 4.857387e-06
-1.13 7.500000e+00 4.805645e-06
-1.13 8.000000e+00 4.805645e-06
-1.13 8.500000e+00 4.805645e-06
-1.13 9.000000e+00 4.805645e-06
-1.13 9.500000e+00 4.805645e-06
-1.13 1.000000e+01 4.805645e-06
-1.13 1.050000e+01 4.805645e-06
-1.13 1.100000e+01 4.805645e-06
-1.13 1.150000e+01 4.805645e-06
-1.13 1.200000e+01 4.805645e-06
-1.13 1.250000e+01 4.805645e-06
-1.13 1.300000e+01 4.805645e-06
-1.13 1.350000e+01 4.805645e-06
-1.13 1.400000e+01 4.857386e-06

-1.12 7.000000e+00 4.997297e-06
-1.12 7.500000e+00 4.937734e-06
-1.12 8.000000e+00 4.937734e-06
-1.12 8.500000e+00 4.937734e-06
-1.12 9.000000e+00 4.937734e-06
-1.12 9.500000e+00 4.937734e-06
-1.12 1.000000e+01 4.937734e-06
-1.12 1.050000e+01 4.937734e-06
-1.12 1.100000e+01 4.937734e-06
-1.12 1.150000e+01 4.937734e-06
-1.12 1.200000e+01 4.937734e-06
-1.12 1.250000e+01 4.937734e-06
-1.12 1.300000e+01 4.937734e-06
-1.12 1.350000e+01 4.937733e-06
-1.12 1.400000e+01 4.997296e-06

-1.11 7.000000e+00 5.083868e-06
-1.11 7.500000e+00 5.073453e-06
-1.11 8.000000e+00 5.073453e-06
-1.11 8.500000e+00 5.073453e-06
-1.11 9.000000e+00 5.073453e-06
-1.11 9.500000e+00 5.073453e-06
-1.11 1.000000e+01 5.073453e-06
-1.11 1.050000e+01 5.073453e-06
-1.11 1.100000e+01 5.073453e-06
-1.11 1.150000e+01 5.073453e-06
-1.11 1.200000e+01 5.073453e-06
-1.11 1.250000e+01 5.073453e-06
-1.11 1.300000e+01 5.073453e-06
-1.11 1.350000e+01 5.073453e-06
-1.11 1.400000e+01 5.083867e-06

-1.10 7.000000e+00 5.277223e-06
-1.10 7.500000e+00 5.212902e-06
-1.10 8.000000e+00 5.212902e-06
-1.10 8.500000e+00 5.212902e-06
-1.10 9.000000e+00 5.212902e-06
-1.10 9.500000e+00 5.212902e-06
-1.10 1.000000e+01 5.212902e-06
-1.10 1.050000e+01 5.212902e-06
-1.10 1.100000e+01 5.212902e-06
-1.10 1.150000e+01 5.212902e-06
-1.10 1.200000e+01 5.212902e-06
-1.10 1.250000e+01 5.212902e-06
-1.10 1.300000e+01 5.212902e-06
-1.10 1.350000e+01 5.212902e-06
-1.10 1.400000e+01 5.277221e-06

-1.09 7.000000e+00 5.320908e-06
-1.09 7.500000e+00 5.356185e-06
-1.09 8.000000e+00 5.356185e-06
-1.09 8.500000e+00 5.356185e-06
-1.09 9.000000e+00 5.356185e-06
-1.09 9.500000e+00 5.356185e-06
-1.09 1.000000e+01 5.356185e-06
-1.09 1.050000e+01 5.356185e-06
-1.09 1.100000e+01 5.356185e-06
-1.09 1.150000e+01 5.356185e-06
-1.09 1.200000e+01 5.356185e-06
-1.09 1.250000e+01 5.356185e-06
-1.09 1.300000e+01 5.356184e-06
-1.09 1.350000e+01 5.356184e-06
-1.09 1.400000e+01 5.320907e-06

-1.08 7.000000e+00 5.433040e-06
-1.08 7.500000e+00 5.503405e-06
-1.08 8.000000e+00 5.503405e-06
-1.08 8.500000e+00 5.503405e-06
-1.08 9.000000e+00 5.503405e-06
-1.08 9.500000e+00 5.503405e-06
-1.08 1.000000e+01 5.503405e-06
-1.08 1.050000e+01 5.503405e-06
-1.08 1.100000e+01 5.503405e-06
-1.08 1.150000e+01 5.503405e-06
-1.08 1.200000e+01 5.503405e-06
-1.08 1.250000e+01 5.503405e-06
-1.08 1.300000e+01 5.503405e-06
-1.08 1.350000e+01 5.503404e-06
-1.08 1.400000e+01 5.433038e-06

-1.07 7.000000e+00 5.726782e-06
-1.07 7.500000e+00 5.654671e-06
-1.07 8.000000e+00 5.654671e-06
-1.07 8.500000e+00 5.654671e-06
-1.07 9.000000e+00 5.654671e-06
-1.07 9.500000e+00 5.654671e-06
-1.07 1.000000e+01 5.654671e-06
-1.07 1.050000e+01 5.654671e-06
-1.07 1.100000e+01 5.654671e-06
-1.07 1.150000e+01 5.654671e-06
-1.07 1.200000e+01 5.654671e-06
-1.07 1.250000e+01 5.654671e-06
-1.07 1.300000e+01 5.654671e-06
-1.07 1.350000e+01 5.654670e-06
-1.07 1.400000e+01 5.726777e-06

-1.06 7.000000e+00 5.828659e-06
-1.06 7.500000e+00 5.810095e-06
-1.06 8.000000e+00 5.810095e-06
-1.06 8.500000e+00 5.810095e-06
-1.06 9.000000e+00 5.810095e-06
-1.06 9.500000e+00 5.810095e-06
-1.06 1.000000e+01 5.810095e-06
-1.06 1.050000e+01 5.810095e-06
-1.06 1.100000e+01 5.810095e-06
-1.06 1.150000e+01 5.810095e-06
-1.06 1.200000e+01 5.810095e-06
-1.06 1.250000e+01 5.810095e-06
-1.06 1.300000e+01 5.810095e-06
-1.06 1.350000e+01 5.810093e-06
-1.06 1.400000e+01 5.828652e-06

-1.05 7.000000e+00 6.047568e-06
-1.05 7.500000e+00 5.969791e-06
-1.05 8.000000e+00 5.969791e-06
-1.05 8.500000e+00 5.969791e-06
-1.05 9.000000e+00 5.969791e-06
-1.05 9.500000e+00 5.969791e-06
-1.05 1.000000e+01 5.969791e-06
-1.05 1.050000e+01 5.969791e-06
-1.05 1.100000e+01 5.969791e-06
-1.05 1.150000e+01 5.969791e-06
-1.05 1.200000e+01 5.969791e-06
-1.05 1.250000e+01 5.969791e-06
-1.05 1.300000e+01 5.969790e-06
-1.05 1.350000e+01 5.969787e-06
-1.05 1.400000e+01 6.047554e-06

-1.04 7.000000e+00 6.100424e-06
-1.04 7.500000e+00 6.133876e-06
-1.04 8.000000e+00 6.133876e-06
-1.04 8.500000e+00 6.133876e-06
-1.04 9.000000e+00 6.133876e-06
-1.04 9.500000e+00 6.133876e-06
-1.04 1.000000e+01 6.133876e-06
-1.04 1.050000e+01 6.133876e-06
-1.04 1.100000e+01 6.133876e-06
-1.04 1.150000e+01 6.133876e-06
-1.04 1.200000e+01 6.133875e-06
-1.04 1.250000e+01 6.133875e-06
-1.04 1.300000e+01 6.133874e-06
-1.04 1.350000e+01 6.133870e-06
-1.04 1.400000e+01 6.100408e-06

-1.03 7.000000e+00 6.384859e-06
-1.03 7.500000e+00 6.302470e-06
-1.03 8.000000e+00 6.302470e-06
-1.03 8.500000e+00 6.302470e-06
-1.03 9.000000e+00 6.302470e-06
-1.03 9.500000e+00 6.302470e-06
-1.03 1.000000e+01 6.302470e-06
-1.03 1.050000e+01 6.302470e-06
-1.03 1.100000e+01 6.302470e-06
-1.03 1.150000e+01 6.302470e-06
-1.03 1.200000e+01 6.302470e-06
-1.03 1.250000e+01 6.302469e-06
-1.03 1.300000e+01 6.302467e-06
-1.03 1.350000e+01 6.302462e-06
-1.03 1.400000e+01 6.384826e-06

-1.02 7.000000e+00 6.562748e-06
-1.02 7.500000e+00 6.475698e-06
-1.02 8.000000e+00 6.475698e-06
-1.02 8.500000e+00 6.475698e-06
-1.02 9.000000e+00 6.475698e-06
-1.02 9.500000e+00 6.475698e-06
-1.02 1.000000e+01 6.475698e-06
-1.02 1.050000e+01 6.475698e-06
-1.02 1.100000e+01 6.475698e-06
-1.02 1.150000e+01 6.475698e-06
-1.02 1.200000e+01 6.475698e-06
-1.02 1.250000e+01 6.475697e-06
-1.02 1.300000e+01 6.475694e-06
-1.02 1.350000e+01 6.475685e-06
-1.02 1.400000e+01 6.562696e-06

-1.01 7.000000e+00 6.682555e-06
-1.01 7.500000e+00 6.653687e-06
-1.01 8.000000e+00 6.653687e-06
-1.01 8.500000e+00 6.653687e-06
-1.01 9.000000e+00 6.653687e-06
-1.01 9.500000e+00 6.653687e-06
-1.01 1.000000e+01 6.653687e-06
-1.01 1.050000e+01 6.653687e-06
-1.01 1.100000e+01 6.653687e-06
-1.01 1.150000e+01 6.653687e-06
-1.01 1.200000e+01 6.653686e-06
-1.01 1.250000e+01 6.653685e-06
-1.01 1.300000e+01 6.653680e-06
-1.01 1.350000e+01 6.653667e-06
-1.01 1.400000e+01 6.682485e-06

-1.00 7.000000e+00 6.836568e-06
-1.00 7.500000e+00 6.836568e-06
-1.00 8.000000e+00 6.836568e-06
-1.00 8.500000e+00 6.836568e-06
-1.00 9.000000e+00 6.836568e-06
-1.00 9.500000e+00 6.836568e-06
-1.00 1.000000e+01 6.836568e-06
-1.00 1.050000e+01 6.836568e-06
-1.00 1.100000e+01 6.836568e-06
-1.00 1.150000e+01 6.836567e-06
-1.00 1.200000e+01 6.836567e-06
-1.00 1.250000e+01 6.836565e-06
-1.00 1.300000e+01 6.836558e-06
-1.00 1.350000e+01 6.836536e-06
-1.00 1.400000e+01 6.836467e-06

-0.99 7.000000e+00 6.994130e-06
-0.99 7.500000e+00 7.024475e-06
-0.99 8.000000e+00 7.024475e-06
-0.99 8.500000e+00 7.024475e-06
-0.99 9.000000e+00 7.024475e-06
-0.99 9.500000e+00 7.024475e-06
-0.99 1.000000e+01 7.024475e-06
-0.99 1.050000e+01 7.024475e-06
-0.99 1.100000e+01 7.024474e-06
-0.99 1.150000e+01 7.024474e-06
-0.99 1.200000e+01 7.024473e-06
-0.99 1.250000e+01 7.024470e-06
-0.99 1.300000e+01 7.024459e-06
-0.99 1.350000e+01 7.024425e-06
-0.99 1.400000e+01 6.993984e-06

-0.98 7.000000e+00 7.121811e-06
-0.98 7.500000e+00 7.217546e-06
-0.98 8.000000e+00 7.217546e-06
-0.98 8.500000e+00 7.217546e-06
-0.98 9.000000e+00 7.217546e-06
-0.98 9.500000e+00 7.217546e-06
-0.98 1.000000e+01 7.217546e-06
-0.98 1.050000e+01 7.217546e-06
-0.98 1.100000e+01 7.217546e-06
-0.98 1.150000e+01 7.217545e-06
-0.98 1.200000e+01 7.217543e-06
-0.98 1.250000e+01 7.217538e-06
-0.98 1.300000e+01 7.217522e-06
-0.98 1.350000e+01 7.217469e-06
-0.98 1.400000e+01 7.121616e-06

-0.97 7.000000e+00 7.320231e-06
-0.97 7.500000e+00 7.415923e-06
-0.97 8.000000e+00 7.415923e-06
-0.97 8.500000e+00 7.415923e-06
-0.97 9.000000e+00 7.415923e-06
-0.97 9.500000e+00 7.415923e-06
-0.97 1.000000e+01 7.415923e-06
-0.97 1.050000e+01 7.415923e-06
-0.97 1.100000e+01 7.415923e-06
-0.97 1.150000e+01 7.415922e-06
-0.97 1.200000e+01 7.415920e-06
-0.97 1.250000e+01 7.415911e-06
-0.97 1.300000e+01 7.415886e-06
-0.97 1.350000e+01 7.415804e-06
-0.97 1.400000e+01 7.319925e-06

-0.96 7.000000e+00 7.661535e-06
-0.96 7.500000e+00 7.619753e-06
-0.96 8.000000e+00 7.619753e-06
-0.96 8.500000e+00 7.619753e-06
-0.96 9.000000e+00 7.619753e-06
-0.96 9.500000e+00 7.619753e-06
-0.96 1.000000e+01 7.619753e-06
-0.96 1.050000e+01 7.619753e-06
-0.96 1.100000e+01 7.619752e-06
-0.96 1.150000e+01 7.619751e-06
-0.96 1.200000e+01 7.619747e-06
-0.96 1.250000e+01 7.619734e-06
-0.96 1.300000e+01 7.619694e-06
-0.96 1.350000e+01 7.619567e-06
-0.96 1.400000e+01 7.660894e-06

-0.95 7.000000e+00 7.728496e-06
-0.95 7.500000e+00 7.829184e-06
-0.95 8.000000e+00 7.829184e-06
-0.95 8.500000e+00 7.829184e-06
-0.95 9.000000e+00 7.829184e-06
-0.95 9.500000e+00 7.829184e-06
-0.95 1.000000e+01 7.829184e-06
-0.95 1.050000e+01 7.829184e-06
-0.95 1.100000e+01 7.829183e-06
-0.95 1.150000e+01 7.829181e-06
-0.95 1.200000e+01 7.829175e-06
-0.95 1.250000e+01 7.829155e-06
-0.95 1.300000e+01 7.829093e-06
-0.95 1.350000e+01 7.828896e-06
-0.95 1.400000e+01 7.727757e-06

-0.94 7.000000e+00 8.018751e-06
-0.94 7.500000e+00 8.044371e-06
-0.94 8.000000e+00 8.044371e-06
-0.94 8.500000e+00 8.044371e-06
-0.94 9.000000e+00 8.044371e-06
-0.94 9.500000e+00 8.044371e-06
-0.94 1.000000e+01 8.044371e-06
-0.94 1.050000e+01 8.044371e-06
-0.94 1.100000e+01 8.044370e-06
-0.94 1.150000e+01 8.044367e-06
-0.94 1.200000e+01 8.044357e-06
-0.94 1.250000e+01 8.044327e-06
-0.94 1.300000e+01 8.044230e-06
-0.94 1.350000e+01 8.043923e-06
-0.94 1.400000e+01 8.017406e-06

-0.93 7.000000e+00 8.161397e-06
-0.93 7.500000e+00 8.265472e-06
-0.93 8.000000e+00 8.265472e-06
-0.93 8.500000e+00 8.265472e-06
-0.93 9.000000e+00 8.265472e-06
-0.93 9.500000e+00 8.265472e-06
-0.93 1.000000e+01 8.265472e-06
-0.93 1.050000e+01 8.265472e-06
-0.93 1.100000e+01 8.265470e-06
-0.93 1.150000e+01 8.265465e-06
-0.93 1.200000e+01 8.265450e-06
-0.93 1.250000e+01 8.265403e-06
-0.93 1.300000e+01 8.265252e-06
-0.93 1.350000e+01 8.264776e-06
-0.93 1.400000e+01 8.159605e-06

-0.92 7.000000e+00 8.602637e-06
-0.92 7.500000e+00 8.492650e-06
-0.92 8.000000e+00 8.492650e-06
-0.92 8.500000e+00 8.492650e-06
-0.92 9.000000e+00 8.492650e-06
-0.92 9.500000e+00 8.492650e-06
-0.92 1.000000e+01 8.492650e-06
-0.92 1.050000e+01 8.492649e-06
-0.92 1.100000e+01 8.492646e-06
-0.92 1.150000e+01 8.492639e-06
-0.92 1.200000e+01 8.492616e-06
-0.92 1.250000e+01 8.492542e-06
-0.92 1.300000e+01 8.492308e-06
-0.92 1.350000e+01 8.491568e-06
-0.92 1.400000e+01 8.598417e-06

-0.91 7.000000e+00 8.783920e-06
-0.91 7.500000e+00 8.726071e-06
-0.91 8.000000e+00 8.726071e-06
-0.91 8.500000e+00 8.726071e-06
-0.91 9.000000e+00 8.726071e-06
-0.91 9.500000e+00 8.726071e-06
-0.91 1.000000e+01 8.726070e-06
-0.91 1.050000e+01 8.726069e-06
-0.91 1.100000e+01 8.726065e-06
-0.91 1.150000e+01 8.726054e-06
-0.91 1.200000e+01 8.726018e-06
-0.91 1.250000e+01 8.725903e-06
-0.91 1.300000e+01 8.725539e-06
-0.91 1.350000e+01 8.724389e-06
-0.91 1.400000e+01 8.777997e-06

-0.90 7.000000e+00 8.856632e-06
-0.90 7.500000e+00 8.965907e-06
-0.90 8.000000e+00 8.965907e-06
-0.90 8.500000e+00 8.965907e-06
-0.90 9.000000e+00 8.965907e-06
-0.90 9.500000e+00 8.965906e-06
-0.90 1.000000e+01 8.965906e-06
-0.90 1.050000e+01 8.965904e-06
-0.90 1.100000e+01 8.965898e-06
-0.90 1.150000e+01 8.965881e-06
-0.90 1.200000e+01 8.965824e-06
-0.90 1.250000e+01 8.965646e-06
-0.90 1.300000e+01 8.965081e-06
-0.90 1.350000e+01 8.963293e-06
-0.90 1.400000e+01 8.849860e-06

-0.89 7.000000e+00 9.193462e-06
-0.89 7.500000e+00 9.212334e-06
-0.89 8.000000e+00 9.212334e-06
-0.89 8.500000e+00 9.212334e-06
-0.89 9.000000e+00 9.212334e-06
-0.89 9.500000e+00 9.212333e-06
-0.89 1.000000e+01 9.212332e-06
-0.89 1.050000e+01 9.212330e-06
-0.89 1.100000e+01 9.212321e-06
-0.89 1.150000e+01 9.212293e-06
-0.89 1.200000e+01 9.212205e-06
-0.89 1.250000e+01 9.211928e-06
-0.89 1.300000e+01 9.211050e-06
-0.89 1.350000e+01 9.208272e-06
-0.89 1.400000e+01 9.181040e-06

-0.88 7.000000e+00 9.352718e-06
-0.88 7.500000e+00 9.465533e-06
-0.88 8.000000e+00 9.465533e-06
-0.88 8.500000e+00 9.465533e-06
-0.88 9.000000e+00 9.465533e-06
-0.88 9.500000e+00 9.465532e-06
-0.88 1.000000e+01 9.465531e-06
-0.88 1.050000e+01 9.465527e-06
-0.88 1.100000e+01 9.465513e-06
-0.88 1.150000e+01 9.465470e-06
-0.88 1.200000e+01 9.465334e-06
-0.88 1.250000e+01 9.464903e-06
-0.88 1.300000e+01 9.463538e-06
-0.88 1.350000e+01 9.459221e-06
-0.88 1.400000e+01 9.336299e-06

-0.87 7.000000e+00 9.622096e-06
-0.87 7.500000e+00 9.725691e-06
-0.87 8.000000e+00 9.725691e-06
-0.87 8.500000e+00 9.725691e-06
-0.87 9.000000e+00 9.725690e-06
-0.87 9.500000e+00 9.725690e-06
-0.87 1.000000e+01 9.725688e-06
-0.87 1.050000e+01 9.725681e-06
-0.87 1.100000e+01 9.725660e-06
-0.87 1.150000e+01 9.725593e-06
-0.87 1.200000e+01 9.725381e-06
-0.87 1.250000e+01 9.724711e-06
-0.87 1.300000e+01 9.722590e-06
-0.87 1.350000e+01 9.715883e-06
-0.87 1.400000e+01 9.596062e-06

-0.86 7.000000e+00 1.007071e-05
-0.86 7.500000e+00 9.992998e-06
-0.86 8.000000e+00 9.992998e-06
-0.86 8.500000e+00 9.992998e-06
-0.86 9.000000e+00 9.992998e-06
-0.86 9.500000e+00 9.992997e-06
-0.86 1.000000e+01 9.992993e-06
-0.86 1.050000e+01 9.992983e-06
-0.86 1.100000e+01 9.992950e-06
-0.86 1.150000e+01 9.992846e-06
-0.86 1.200000e+01 9.992517e-06
-0.86 1.250000e+01 9.991475e-06
-0.86 1.300000e+01 9.988179e-06
-0.86 1.350000e+01 9.977762e-06
-0.86 1.400000e+01 1.001623e-05

-0.85 7.000000e+00 1.014943e-05
-0.85 7.500000e+00 1.026765e-05
-0.85 8.000000e+00 1.026765e-05
-0.85 8.500000e+00 1.026765e-05
-0.85 9.000000e+00 1.026765e-05
-0.85 9.500000e+00 1.026765e-05
-0.85 1.000000e+01 1.026764e-05
-0.85 1.050000e+01 1.026763e-05
-0.85 1.100000e+01 1.026758e-05
-0.85 1.150000e+01 1.026742e-05
-0.85 1.200000e+01 1.026690e-05
-0.85 1.250000e+01 1.026528e-05
-0.85 1.300000e+01 1.026016e-05
-0.85 1.350000e+01 1.024399e-05
-0.85 1.400000e+01 1.008763e-05

-0.84 7.000000e+00 1.054024e-05
-0.84 7.500000e+00 1.054985e-05
-0.84 8.000000e+00 1.054985e-05
-0.84 8.500000e+00 1.054985e-05
-0.84 9.000000e+00 1.054985e-05
-0.84 9.500000e+00 1.054985e-05
-0.84 1.000000e+01 1.054984e-05
-0.84 1.050000e+01 1.054982e-05
-0.84 1.100000e+01 1.054974e-05
-0.84 1.150000e+01 1.054949e-05
-0.84 1.200000e+01 1.054869e-05
-0.84 1.250000e+01 1.054617e-05
-0.84 1.300000e+01 1.053822e-05
-0.84 1.350000e+01 1.051311e-05
-0.84 1.400000e+01 1.042652e-05

-0.83 7.000000e+00 1.071792e-05
-0.83 7.500000e+00 1.083981e-05
-0.83 8.000000e+00 1.083981e-05
-0.83 8.500000e+00 1.083981e-05
-0.83 9.000000e+00 1.083981e-05
-0.83 9.500000e+00 1.083980e-05
-0.83 1.000000e+01 1.083979e-05
-0.83 1.050000e+01 1.083975e-05
-0.83 1.100000e+01 1.083963e-05
-0.83 1.150000e+01 1.083924e-05
-0.83 1.200000e+01 1.083800e-05
-0.83 1.250000e+01 1.083409e-05
-0.83 1.300000e+01 1.082173e-05
-0.83 1.350000e+01 1.078281e-05
-0.83 1.400000e+01 1.056913e-05

-0.82 7.000000e+00 1.103166e-05
-0.82 7.500000e+00 1.113773e-05
-0.82 8.000000e+00 1.113773e-05
-0.82 8.500000e+00 1.113773e-05
-0.82 9.000000e+00 1.113773e-05
-0.82 9.500000e+00 1.113772e-05
-0.82 1.000000e+01 1.113771e-05
-0.82 1.050000e+01 1.113765e-05
-0.82 1.100000e+01 1.113745e-05
-0.82 1.150000e+01 1.113685e-05
-0.82 1.200000e+01 1.113492e-05
-0.82 1.250000e+01 1.112885e-05
-0.82 1.300000e+01 1.110966e-05
-0.82 1.350000e+01 1.104937e-05
-0.82 1.400000e+01 1.079557e-05

-0.81 7.000000e+00 1.133394e-05
-0.81 7.500000e+00 1.144385e-05
-0.81 8.000000e+00 1.144385e-05
-0.81 8.500000e+00 1.144384e-05
-0.81 9.000000e+00 1.144384e-05
-0.81 9.500000e+00 1.144383e-05
-0.81 1.000000e+01 1.144380e-05
-0.81 1.050000e+01 1.144371e-05
-0.81 1.100000e+01 1.144341e-05
-0.81 1.150000e+01 1.144247e-05
-0.81 1.200000e+01 1.143948e-05
-0.81 1.250000e+01 1.143004e-05
-0.81 1.300000e+01 1.140027e-05
-0.81 1.350000e+01 1.130706e-05
-0.81 1.400000e+01 1.097143e-05

-0.80 7.000000e+00 1.163090e-05
-0.80 7.500000e+00 1.175837e-05
-0.80 8.000000e+00 1.175837e-05
-0.80 8.500000e+00 1.175837e-05
-0.80 9.000000e+00 1.175836e-05
-0.80 9.500000e+00 1.175835e-05
-0.80 1.000000e+01 1.175830e-05
-0.80 1.050000e+01 1.175816e-05
-0.80 1.100000e+01 1.175769e-05
-0.80 1.150000e+01 1.175623e-05
-0.80 1.200000e+01 1.175159e-05
-0.80 1.250000e+01 1.173693e-05
-0.80 1.300000e+01 1.169077e-05
-0.80 1.350000e+01 1.154706e-05
-0.80 1.400000e+01 1.108720e-05

-0.79 7.000000e+00 1.208429e-05
-0.79 7.500000e+00 1.208154e-05
-0.79 8.000000e+00 1.208154e-05
-0.79 8.500000e+00 1.208153e-05
-0.79 9.000000e+00 1.208153e-05
-0.79 9.500000e+00 1.208150e-05
-0.79 1.000000e+01 1.208143e-05
-0.79 1.050000e+01 1.208120e-05
-0.79 1.100000e+01 1.208048e-05
-0.79 1.150000e+01 1.207820e-05
-0.79 1.200000e+01 1.207100e-05
-0.79 1.250000e+01 1.204824e-05
-0.79 1.300000e+01 1.197678e-05
-0.79 1.350000e+01 1.175609e-05
-0.79 1.400000e+01 1.110770e-05

-0.78 7.000000e+00 1.228236e-05
-0.78 7.500000e+00 1.241358e-05
-0.78 8.000000e+00 1.241358e-05
-0.78 8.500000e+00 1.241358e-05
-0.78 9.000000e+00 1.241357e-05
-0.78 9.500000e+00 1.241353e-05
-0.78 1.000000e+01 1.241342e-05
-0.78 1.050000e+01 1.241307e-05
-0.78 1.100000e+01 1.241195e-05
-0.78 1.150000e+01 1.240841e-05
-0.78 1.200000e+01 1.239721e-05
-0.78 1.250000e+01 1.236190e-05
-0.78 1.300000e+01 1.225147e-05
-0.78 1.350000e+01 1.191463e-05
-0.78 1.400000e+01 1.103844e-05

-0.77 7.000000e+00 1.264769e-05
-0.77 7.500000e+00 1.275476e-05
-0.77 8.000000e+00 1.275475e-05
-0.77 8.500000e+00 1.275475e-05
-0.77 9.000000e+00 1.275473e-05
-0.77 9.500000e+00 1.275468e-05
-0.77 1.000000e+01 1.275450e-05
-0.77 1.050000e+01 1.275395e-05
-0.77 1.100000e+01 1.275221e-05
-0.77 1.150000e+01 1.274671e-05
-0.77 1.200000e+01 1.272932e-05
-0.77 1.250000e+01 1.267460e-05
-0.77 1.300000e+01 1.250446e-05
-0.77 1.350000e+01 1.199488e-05
-0.77 1.400000e+01 1.075221e-05

-0.76 7.000000e+00 1.323734e-05
-0.76 7.500000e+00 1.310530e-05
-0.76 8.000000e+00 1.310530e-05
-0.76 8.500000e+00 1.310529e-05
-0.76 9.000000e+00 1.310527e-05
-0.76 9.500000e+00 1.310518e-05
-0.76 1.000000e+01 1.310491e-05
-0.76 1.050000e+01 1.310406e-05
-0.76 1.100000e+01 1.310135e-05
-0.76 1.150000e+01 1.309280e-05
-0.76 1.200000e+01 1.306581e-05
-0.76 1.250000e+01 1.298111e-05
-0.76 1.300000e+01 1.272014e-05
-0.76 1.350000e+01 1.195921e-05
-0.76 1.400000e+01 9.780298e-06

-0.75 7.000000e+00 1.332859e-05
-0.75 7.500000e+00 1.346548e-05
-0.75 8.000000e+00 1.346548e-05
-0.75 8.500000e+00 1.346547e-05
-0.75 9.000000e+00 1.346542e-05
-0.75 9.500000e+00 1.346529e-05
-0.75 1.000000e+01 1.346487e-05
-0.75 1.050000e+01 1.346354e-05
-0.75 1.100000e+01 1.345934e-05
-0.75 1.150000e+01 1.344606e-05
-0.75 1.200000e+01 1.340419e-05
-0.75 1.250000e+01 1.327338e-05
-0.75 1.300000e+01 1.287570e-05
-0.75 1.350000e+01 1.176053e-05
-0.75 1.400000e+01 9.571318e-06

-0.74 7.000000e+00 1.385449e-05
-0.74 7.500000e+00 1.383556e-05
-0.74 8.000000e+00 1.383555e-05
-0.74 8.500000e+00 1.383553e-05
-0.74 9.000000e+00 1.383547e-05
-0.74 9.500000e+00 1.383526e-05
-0.74 1.000000e+01 1.383461e-05
-0.74 1.050000e+01 1.383255e-05
-0.74 1.100000e+01 1.382602e-05
-0.74 1.150000e+01 1.380539e-05
-0.74 1.200000e+01 1.374051e-05
-0.74 1.250000e+01 1.353914e-05
-0.74 1.300000e+01 1.293898e-05
-0.74 1.350000e+01 1.134706e-05
-0.74 1.400000e+01 8.108007e-06

-0.73 7.000000e+00 1.407512e-05
-0.73 7.500000e+00 1.421581e-05
-0.73 8.000000e+00 1.421580e-05
-0.73 8.500000e+00 1.421576e-05
-0.73 9.000000e+00 1.421566e-05
-0.73 9.500000e+00 1.421534e-05
-0.73 1.000000e+01 1.421433e-05
-0.73 1.050000e+01 1.421112e-05
-0.73 1.100000e+01 1.420097e-05
-0.73 1.150000e+01 1.416896e-05
-0.73 1.200000e+01 1.406859e-05
-0.73 1.250000e+01 1.376007e-05
-0.73 1.300000e+01 1.286705e-05
-0.73 1.350000e+01 1.067445e-05
-0.73 1.400000e+01 7.399831e-06

-0.72 7.000000e+00 1.450040e-05
-0.72 7.500000e+00 1.460650e-05
-0.72 8.000000e+00 1.460648e-05
-0.72 8.500000e+00 1.460643e-05
-0.72 9.000000e+00 1.460628e-05
-0.72 9.500000e+00 1.460578e-05
-0.72 1.000000e+01 1.460420e-05
-0.72 1.050000e+01 1.459922e-05
-0.72 1.100000e+01 1.458346e-05
-0.72 1.150000e+01 1.453381e-05
-0.72 1.200000e+01 1.437888e-05
-0.72 1.250000e+01 1.390960e-05
-0.72 1.300000e+01 1.260734e-05
-0.72 1.350000e+01 9.725527e-06
-0.72 1.400000e+01 5.989186e-06

-0.71 7.000000e+00 1.493226e-05
-0.71 7.500000e+00 1.500793e-05
-0.71 8.000000e+00 1.500790e-05
-0.71 8.500000e+00 1.500783e-05
-0.71 9.000000e+00 1.500758e-05
-0.71 9.500000e+00 1.500681e-05
-0.71 1.000000e+01 1.500436e-05
-0.71 1.050000e+01 1.499661e-05
-0.71 1.100000e+01 1.497214e-05
-0.71 1.150000e+01 1.489523e-05
-0.71 1.200000e+01 1.465694e-05
-0.71 1.250000e+01 1.395058e-05
-0.71 1.300000e+01 1.210435e-05
-0.71 1.350000e+01 8.531045e-06
-0.71 1.400000e+01 4.630971e-06

-0.70 7.000000e+00 1.527403e-05
-0.70 7.500000e+00 1.542038e-05
-0.70 8.000000e+00 1.542035e-05
-0.70 8.500000e+00 1.542023e-05
-0.70 9.000000e+00 1.541985e-05
-0.70 9.500000e+00 1.541864e-05
-0.70 1.000000e+01 1.541484e-05
-0.70 1.050000e+01 1.540280e-05
-0.70 1.100000e+01 1.536483e-05
-0.70 1.150000e+01 1.524589e-05
-0.70 1.200000e+01 1.488130e-05
-0.70 1.250000e+01 1.383423e-05
-0.70 1.300000e+01 1.131457e-05
-0.70 1.350000e+01 7.177247e-06
-0.70 1.400000e+01 3.687183e-06

-0.69 7.000000e+00 1.588394e-05
-0.69 7.500000e+00 1.584417e-05
-0.69 8.000000e+00 1.584411e-05
-0.69 8.500000e+00 1.584392e-05
-0.69 9.000000e+00 1.584333e-05
-0.69 9.500000e+00 1.584146e-05
-0.69 1.000000e+01 1.583555e-05
-0.69 1.050000e+01 1.581685e-05
-0.69 1.100000e+01 1.575798e-05
-0.69 1.150000e+01 1.557451e-05
-0.69 1.200000e+01 1.502101e-05
-0.69 1.250000e+01 1.350228e-05
-0.69 1.300000e+01 1.022898e-05
-0.69 1.350000e+01 5.787989e-06
-0.69 1.400000e+01 2.366012e-06

-0.68 7.000000e+00 1.612950e-05
-0.68 7.500000e+00 1.627959e-05
-0.68 8.000000e+00 1.627950e-05
-0.68 8.500000e+00 1.627921e-05
-0.68 9.000000e+00 1.627829e-05
-0.68 9.500000e+00 1.627539e-05
-0.68 1.000000e+01 1.626620e-05
-0.68 1.050000e+01 1.623718e-05
-0.68 1.100000e+01 1.614601e-05
-0.68 1.150000e+01 1.586409e-05
-0.68 1.200000e+01 1.503334e-05
-0.68 1.250000e+01 1.289597e-05
-0.68 1.300000e+01 8.893872e-06
-0.68 1.350000e+01 4.486832e-06
-0.68 1.400000e+01 1.961912e-06

-0.67 7.000000e+00 1.662444e-05
-0.67 7.500000e+00 1.672697e-05
-0.67 8.000000e+00 1.672683e-05
-0.67 8.500000e+00 1.672638e-05
-0.67 9.000000e+00 1.672495e-05
-0.67 9.500000e+00 1.672044e-05
-0.67 1.000000e+01 1.670616e-05
-0.67 1.050000e+01 1.666113e-05
-0.67 1.100000e+01 1.652021e-05
-0.67 1.150000e+01 1.608949e-05
-0.67 1.200000e+01 1.486306e-05
-0.67 1.250000e+01 1.197423e-05
-0.67 1.300000e+01 7.413651e-06
-0.67 1.350000e+01 3.361537e-06
-0.67 1.400000e+01 1.334675e-06

-0.66 7.000000e+00 1.739945e-05
-0.66 7.500000e+00 1.718664e-05
-0.66 8.000000e+00 1.718641e-05
-0.66 8.500000e+00 1.718571e-05
-0.66 9.000000e+00 1.718349e-05
-0.66 9.500000e+00 1.717648e-05
-0.66 1.000000e+01 1.715430e-05
-0.66 1.050000e+01 1.708450e-05
-0.66 1.100000e+01 1.686728e-05
-0.66 1.150000e+01 1.621478e-05
-0.66 1.200000e+01 1.444609e-05
-0.66 1.250000e+01 1.073873e-05
-0.66 1.300000e+01 5.925628e-06
-0.66 1.350000e+01 2.450089e-06
-0.66 1.400000e+01 7.258923e-07

-0.65 7.000000e+00 1.750333e-05
-0.65 7.500000e+00 1.765891e-05
-0.65 8.000000e+00 1.765856e-05
-0.65 8.500000e+00 1.765747e-05
-0.65 9.000000e+00 1.765402e-05
-0.65 9.500000e+00 1.764312e-05
-0.65 1.000000e+01 1.760870e-05
-0.65 1.050000e+01 1.750064e-05
-0.65 1.100000e+01 1.716721e-05
-0.65 1.150000e+01 1.619090e-05
-0.65 1.200000e+01 1.372118e-05
-0.65 1.250000e+01 9.253672e-06
-0.65 1.300000e+01 4.557337e-06
-0.65 1.350000e+01 1.748624e-06
-0.65 1.400000e+01 6.692068e-07

-0.64 7.000000e+00 1.794530e-05
-0.64 7.500000e+00 1.814412e-05
-0.64 8.000000e+00 1.814359e-05
-0.64 8.500000e+00 1.814189e-05
-0.64 9.000000e+00 1.813653e-05
-0.64 9.500000e+00 1.811960e-05
-0.64 1.000000e+01 1.806620e-05
-0.64 1.050000e+01 1.789925e-05
-0.64 1.100000e+01 1.739063e-05
-0.64 1.150000e+01 1.595567e-05
-0.64 1.200000e+01 1.265165e-05
-0.64 1.250000e+01 7.642663e-06
-0.64 1.300000e+01 3.392117e-06
-0.64 1.350000e+01 1.228936e-06
-0.64 1.400000e+01 4.745928e-07

-0.63 7.000000e+00 1.848358e-05
-0.63 7.500000e+00 1.864262e-05
-0.63 8.000000e+00 1.864179e-05
-0.63 8.500000e+00 1.863916e-05
-0.63 9.000000e+00 1.863083e-05
-0.63 9.500000e+00 1.860453e-05
-0.63 1.000000e+01 1.852177e-05
-0.63 1.050000e+01 1.826463e-05
-0.63 1.100000e+01 1.749589e-05
-0.63 1.150000e+01 1.543922e-05
-0.63 1.200000e+01 1.125264e-05
-0.63 1.250000e+01 6.055532e-06
-0.63 1.300000e+01 2.459839e-06
-0.63 1.350000e+01 8.543230e-07
-0.63 1.400000e+01 3.143165e-07

-0.62 7.000000e+00 1.905940e-05
-0.62 7.500000e+00 1.915475e-05
-0.62 8.000000e+00 1.915345e-05
-0.62 8.500000e+00 1.914936e-05
-0.62 9.000000e+00 1.913643e-05
-0.62 9.500000e+00 1.909560e-05
-0.62 1.000000e+01 1.896753e-05
-0.62 1.050000e+01 1.857329e-05
-0.62 1.100000e+01 1.742688e-05
-0.62 1.150000e+01 1.457886e-05
-0.62 1.200000e+01 9.608741e-06
-0.62 1.250000e+01 4.621828e-06
-0.62 1.300000e+01 1.748972e-06
-0.62 1.350000e+01 5.894234e-07
-0.62 1.400000e+01 2.041828e-07

-0.61 7.000000e+00 1.967242e-05
-0.61 7.500000e+00 1.968082e-05
-0.61 8.000000e+00 1.967882e-05
-0.61 8.500000e+00 1.967246e-05
-0.61 9.000000e+00 1.965237e-05
-0.61 9.500000e+00 1.958904e-05
-0.61 1.000000e+01 1.939129e-05
-0.61 1.050000e+01 1.879093e-05
-0.61 1.100000e+01 1.711398e-05
-0.61 1.150000e+01 1.334471e-05
-0.61 1.200000e+01 7.863323e-06
-0.61 1.250000e+01 3.418794e-06
-0.61 1.300000e+01 1.225862e-06
-0.61 1.350000e+01 4.045644e-07
-0.61 1.400000e+01 1.304979e-07

-0.60 7.000000e+00 2.005760e-05
-0.60 7.500000e+00 2.022118e-05
-0.60 8.000000e+00 2.021806e-05
-0.60 8.500000e+00 2.020818e-05
-0.60 9.000000e+00 2.017698e-05
-0.60 9.500000e+00 2.007887e-05
-0.60 1.000000e+01 1.977455e-05
-0.60 1.050000e+01 1.886941e-05
-0.60 1.100000e+01 1.648172e-05
-0.60 1.150000e+01 1.176849e-05
-0.60 1.200000e+01 6.177382e-06
-0.60 1.250000e+01 2.467354e-06
-0.60 1.300000e+01 8.505791e-07
-0.60 1.350000e+01 2.767140e-07
-0.60 1.400000e+01 9.911821e-08

-0.59 7.000000e+00 2.087723e-05
-0.59 7.500000e+00 2.077611e-05
-0.59 8.000000e+00 2.077126e-05
-0.59 8.500000e+00 2.075591e-05
-0.59 9.000000e+00 2.070749e-05
-0.59 9.500000e+00 2.055573e-05
-0.59 1.000000e+01 2.008973e-05
-0.59 1.050000e+01 1.874480e-05
-0.59 1.100000e+01 1.546751e-05
-0.59 1.150000e+01 9.957399e-06
-0.59 1.200000e+01 4.680337e-06
-0.59 1.250000e+01 1.748153e-06
-0.59 1.300000e+01 5.860808e-07
-0.59 1.350000e+01 1.888240e-07
-0.59 1.400000e+01 5.608505e-08

-0.58 7.000000e+00 2.118036e-05
-0.58 7.500000e+00 2.134586e-05
-0.58 8.000000e+00 2.133832e-05
-0.58 8.500000e+00 2.131448e-05
-0.58 9.000000e+00 2.123940e-05
-0.58 9.500000e+00 2.100520e-05
-0.58 1.000000e+01 2.029689e-05
-0.58 1.050000e+01 1.833960e-05
-0.58 1.100000e+01 1.405104e-05
-0.58 1.150000e+01 8.074765e-06
-0.58 1.200000e+01 3.441705e-06
-0.58 1.250000e+01 1.222222e-06
-0.58 1.300000e+01 4.019170e-07
-0.58 1.350000e+01 1.286483e-07
-0.58 1.400000e+01 4.567658e-08

-0.57 7.000000e+00 2.184963e-05
-0.57 7.500000e+00 2.193060e-05
-0.57 8.000000e+00 2.191889e-05
-0.57 8.500000e+00 2.188188e-05
-0.57 9.000000e+00 2.176558e-05
-0.57 9.500000e+00 2.140550e-05
-0.57 1.000000e+01 2.034050e-05
-0.57 1.050000e+01 1.757327e-05
-0.57 1.100000e+01 1.228393e-05
-0.57 1.150000e+01 6.290944e-06
-0.57 1.200000e+01 2.472761e-06
-0.57 1.250000e+01 8.465773e-07
-0.57 1.300000e+01 2.747410e-07
-0.57 1.350000e+01 8.755871e-08
-0.57 1.400000e+01 2.931512e-08

-0.56 7.000000e+00 2.236518e-05
-0.56 7.500000e+00 2.253039e-05
-0.56 8.000000e+00 2.251218e-05
-0.56 8.500000e+00 2.245476e-05
-0.56 9.000000e+00 2.227494e-05
-0.56 9.500000e+00 2.172432e-05
-0.56 1.000000e+01 2.014804e-05
-0.56 1.050000e+01 1.638521e-05
-0.56 1.100000e+01 1.029802e-05
-0.56 1.150000e+01 4.732941e-06
-0.56 1.200000e+01 1.746251e-06
-0.56 1.250000e+01 5.826286e-07
-0.56 1.300000e+01 1.874037e-07
-0.56 1.350000e+01 5.955176e-08
-0.56 1.400000e+01 2.101596e-08

-0.55 7.000000e+00 2.286644e-05
-0.55 7.500000e+00 2.314506e-05
-0.55 8.000000e+00 2.311679e-05
-0.55 8.500000e+00 2.302776e-05
-0.55 9.000000e+00 2.275046e-05
-0.55 9.500000e+00 2.191521e-05
-0.55 1.000000e+01 1.963382e-05
-0.55 1.050000e+01 1.476801e-05
-0.55 1.100000e+01 8.276229e-06
-0.55 1.150000e+01 3.461004e-06
-0.55 1.200000e+01 1.218064e-06
-0.55 1.250000e+01 3.992277e-07
-0.55 1.300000e+01 1.276472e-07
-0.55 1.350000e+01 4.048471e-08
-0.55 1.400000e+01 1.531240e-08

-0.54 7.000000e+00 2.363614e-05
-0.54 7.500000e+00 2.377416e-05
-0.54 8.000000e+00 2.373027e-05
-0.54 8.500000e+00 2.359242e-05
-0.54 9.000000e+00 2.316648e-05
-0.54 9.500000e+00 2.191432e-05
-0.54 1.000000e+01 1.871308e-05
-0.54 1.050000e+01 1.279656e-05
-0.54 1.100000e+01 6.396066e-06
-0.54 1.150000e+01 2.476187e-06
-0.54 1.200000e+01 8.423428e-07
-0.54 1.250000e+01 2.727550e-07
-0.54 1.300000e+01 8.686215e-08
-0.54 1.350000e+01 2.751413e-08
-0.54 1.400000e+01 9.536418e-09

-0.53 7.000000e+00 2.426356e-05
-0.53 7.500000e+00 2.441672e-05
-0.53 8.000000e+00 2.434862e-05
-0.53 8.500000e+00 2.413558e-05
-0.53 9.000000e+00 2.348522e-05
-0.53 9.500000e+00 2.163973e-05
-0.53 1.000000e+01 1.732966e-05
-0.53 1.050000e+01 1.062907e-05
-0.53 1.100000e+01 4.779756e-06
-0.53 1.150000e+01 1.743349e-06
-0.53 1.200000e+01 5.790794e-07
-0.53 1.250000e+01 1.859819e-07
-0.53 1.300000e+01 5.907117e-08
-0.53 1.350000e+01 1.869534e-08
-0.53 1.400000e+01 6.551334e-09

-0.52 7.000000e+00 2.503665e-05
-0.52 7.500000e+00 2.507100e-05
-0.52 8.000000e+00 2.496545e-05
-0.52 8.500000e+00 2.463716e-05
-0.52 9.000000e+00 2.365278e-05
-0.52 9.500000e+00 2.099750e-05
-0.52 1.000000e+01 1.549274e-05
-0.52 1.050000e+01 8.467069e-06
-0.52 1.100000e+01 3.476855e-06
-0.52 1.150000e+01 1.213433e-06
-0.52 1.200000e+01 3.965023e-07
-0.52 1.250000e+01 1.266482e-07
-0.52 1.300000e+01 4.015492e-08
-0.52 1.350000e+01 1.270145e-08
-0.52 1.400000e+01 4.174271e-09

-0.51 7.000000e+00 2.561005e-05
-0.51 7.500000e+00 2.573408e-05
-0.51 8.000000e+00 2.557070e-05
-0.51 8.500000e+00 2.506701e-05
-0.51 9.000000e+00 2.359598e-05
-0.51 9.500000e+00 1.989986e-05
-0.51 1.000000e+01 1.330397e-05
-0.51 1.050000e+01 6.492674e-06
-0.51 1.100000e+01 2.477759e-06
-0.51 1.150000e+01 8.378992e-07
-0.51 1.200000e+01 2.707587e-07
-0.51 1.250000e+01 8.616861e-08
-0.51 1.300000e+01 2.728861e-08
-0.51 1.350000e+01 8.628497e-09
-0.51 1.400000e+01 3.011080e-09

-0.50 7.000000e+00 2.618795e-05
-0.50 7.500000e+00 2.640116e-05
-0.50 8.000000e+00 2.614881e-05
-0.50 8.500000e+00 2.538097e-05
-0.50 9.000000e+00 2.322275e-05
-0.50 9.500000e+00 1.829810e-05
-0.50 1.000000e+01 1.094911e-05
-0.50 1.050000e+01 4.820931e-06
-0.50 1.100000e+01 1.739525e-06
-0.50 1.150000e+01 5.754448e-07
-0.50 1.200000e+01 1.845595e-07
-0.50 1.250000e+01 5.859332e-08
-0.50 1.300000e+01 1.854148e-08
-0.50 1.350000e+01 5.861270e-09
-0.50 1.400000e+01 2.179096e-09

-0.49 7.000000e+00 2.737575e-05
-0.49 7.500000e+00 2.706463e-05
-0.49 8.000000e+00 2.667607e-05
-0.49 8.500000e+00 2.551665e-05
-0.49 9.000000e+00 2.243103e-05
-0.49 9.500000e+00 1.622215e-05
-0.49 1.000000e+01 8.646760e-06
-0.49 1.050000e+01 3.489431e-06
-0.49 1.100000e+01 1.208373e-06
-0.49 1.150000e+01 3.937463e-07
-0.49 1.200000e+01 1.256520e-07
-0.49 1.250000e+01 3.982729e-08
-0.49 1.300000e+01 1.259664e-08
-0.49 1.350000e+01 3.981362e-09
-0.49 1.400000e+01 1.137507e-09

-0.48 7.000000e+00 2.773284e-05
-0.48 7.500000e+00 2.771255e-05
-0.48 8.000000e+00 2.711710e-05
-0.48 8.500000e+00 2.539046e-05
-0.48 9.000000e+00 2.113180e-05
-0.48 9.500000e+00 1.380373e-05
-0.48 1.000000e+01 6.580771e-06
-0.48 1.050000e+01 2.477602e-06
-0.48 1.100000e+01 8.332686e-07
-0.48 1.150000e+01 2.687545e-07
-0.48 1.200000e+01 8.547832e-08
-0.48 1.250000e+01 2.706471e-08
-0.48 1.300000e+01 8.557170e-09
-0.48 1.350000e+01 2.704335e-09
-0.48 1.400000e+01 9.380982e-10

-0.47 7.000000e+00 2.829638e-05
-0.47 7.500000e+00 2.832650e-05
-0.47 8.000000e+00 2.742040e-05
-0.47 8.500000e+00 2.489956e-05
-0.47 9.000000e+00 1.928739e-05
-0.47 9.500000e+00 1.125681e-05
-0.47 1.000000e+01 4.856649e-06
-0.47 1.050000e+01 1.734854e-06
-0.47 1.100000e+01 5.717353e-07
-0.47 1.150000e+01 1.831379e-07
-0.47 1.200000e+01 5.811830e-08
-0.47 1.250000e+01 1.838878e-08
-0.47 1.300000e+01 5.812762e-09
-0.47 1.350000e+01 1.836886e-09
-0.47 1.400000e+01 6.928143e-10

-0.46 7.000000e+00 2.917473e-05
-0.46 7.500000e+00 2.887857e-05
-0.46 8.000000e+00 2.751390e-05
-0.46 8.500000e+00 2.393420e-05
-0.46 9.000000e+00 1.695297e-05
-0.46 9.500000e+00 8.814892e-06
-0.46 1.000000e+01 3.498908e-06
-0.46 1.050000e+01 1.202924e-06
-0.46 1.100000e+01 3.909646e-07
-0.46 1.150000e+01 1.246590e-07
-0.46 1.200000e+01 3.950188e-08
-0.46 1.250000e+01 1.249265e-08
-0.46 1.300000e+01 3.948386e-09
-0.46 1.350000e+01 1.247668e-09
-0.46 1.400000e+01 4.311049e-10

-0.45 7.000000e+00 2.977258e-05
-0.45 7.500000e+00 2.932724e-05
-0.45 8.000000e+00 2.730253e-05
-0.45 8.500000e+00 2.240645e-05
-0.45 9.000000e+00 1.429347e-05
-0.45 9.500000e+00 6.660425e-06
-0.45 1.000000e+01 2.475837e-06
-0.45 1.050000e+01 8.284710e-07
-0.45 1.100000e+01 2.667448e-07
-0.45 1.150000e+01 8.479148e-08
-0.45 1.200000e+01 2.684243e-08
-0.45 1.250000e+01 8.486411e-09
-0.45 1.300000e+01 2.681925e-09
-0.45 1.350000e+01 8.474469e-10
-0.45 1.400000e+01 3.099462e-10

-0.44 7.000000e+00 3.063910e-05
-0.44 7.500000e+00 2.961257e-05
-0.44 8.000000e+00 2.667212e-05
-0.44 8.500000e+00 2.029395e-05
-0.44 9.000000e+00 1.155099e-05
-0.44 9.500000e+00 4.887112e-06
-0.44 1.000000e+01 1.729407e-06
-0.44 1.050000e+01 5.679607e-07
-0.44 1.100000e+01 1.817180e-07
-0.44 1.150000e+01 5.764620e-08
-0.44 1.200000e+01 1.823725e-08
-0.44 1.250000e+01 5.764645e-09
-0.44 1.300000e+01 1.821659e-09
-0.44 1.350000e+01 5.756043e-10
-0.44 1.400000e+01 1.867060e-10

-0.43 7.000000e+00 3.114079e-05
-0.43 7.500000e+00 2.965157e-05
-0.43 8.000000e+00 2.550616e-05
-0.43 8.500000e+00 1.768183e-05
-0.43 9.000000e+00 8.971176e-06
-0.43 9.500000e+00 3.505467e-06
-0.43 1.000000e+01 1.197124e-06
-0.43 1.050000e+01 3.881618e-07
-0.43 1.100000e+01 1.236697e-07
-0.43 1.150000e+01 3.917870e-08
-0.43 1.200000e+01 1.238947e-08
-0.43 1.250000e+01 3.915680e-09
-0.43 1.300000e+01 1.237323e-09
-0.43 1.350000e+01 3.909616e-10
-0.43 1.400000e+01 1.343003e-10

-0.42 7.000000e+00 3.170203e-05
-0.42 7.500000e+00 2.933655e-05
-0.42 8.000000e+00 2.372078e-05
-0.42 8.500000e+00 1.477092e-05
-0.42 9.000000e+00 6.731764e-06
-0.42 9.500000e+00 2.472585e-06
-0.42 1.000000e+01 8.235252e-07
-0.42 1.050000e+01 2.647315e-07
-0.42 1.100000e+01 8.410827e-08
-0.42 1.150000e+01 2.662179e-08
-0.42 1.200000e+01 8.416218e-09
-0.42 1.250000e+01 2.659699e-09
-0.42 1.300000e+01 8.404194e-10
-0.42 1.350000e+01 2.655481e-10
-0.42 1.400000e+01 8.445175e-11

-0.41 7.000000e+00 3.193346e-05
-0.41 7.500000e+00 2.854174e-05
-0.41 8.000000e+00 2.131381e-05
-0.41 8.500000e+00 1.183064e-05
-0.41 9.000000e+00 4.912543e-06
-0.41 9.500000e+00 1.723251e-06
-0.41 1.000000e+01 5.641300e-07
-0.41 1.050000e+01 1.803007e-07
-0.41 1.100000e+01 5.717709e-08
-0.41 1.150000e+01 1.808688e-08
-0.41 1.200000e+01 5.716918e-09
-0.41 1.250000e+01 1.806557e-09
-0.41 1.300000e+01 5.708306e-10
-0.41 1.350000e+01 1.803648e-10
-0.41 1.400000e+01 6.171696e-11

-0.40 7.000000e+00 3.198579e-05
-0.40 7.500000e+00 2.714524e-05
-0.40 8.000000e+00 1.840523e-05
-0.40 8.500000e+00 9.115435e-06
-0.40 9.000000e+00 3.509287e-06
-0.40 9.500000e+00 1.191007e-06
-0.40 1.000000e+01 3.853421e-07
-0.40 1.050000e+01 1.226844e-07
-0.40 1.100000e+01 3.885779e-08
-0.40 1.150000e+01 1.228711e-08
-0.40 1.200000e+01 3.883240e-09
-0.40 1.250000e+01 1.227063e-09
-0.40 1.300000e+01 3.877190e-10
-0.40 1.350000e+01 1.225067e-10
-0.40 1.400000e+01 4.408275e-11

-0.39 7.000000e+00 3.122486e-05
-0.39 7.500000e+00 2.507102e-05
-0.39 8.000000e+00 1.523391e-05
-0.39 8.500000e+00 6.794971e-06
-0.39 9.000000e+00 2.467958e-06
-0.39 9.500000e+00 8.184485e-07
-0.39 1.000000e+01 2.627166e-07
-0.39 1.050000e+01 8.342886e-08
-0.39 1.100000e+01 2.640280e-08
-0.39 1.150000e+01 8.346589e-09
-0.39 1.200000e+01 2.637655e-09
-0.39 1.250000e+01 8.334500e-10
-0.39 1.300000e+01 2.633456e-10
-0.39 1.350000e+01 8.320854e-11
-0.39 1.400000e+01 2.301063e-11

-0.38 7.000000e+00 3.074600e-05
-0.38 7.500000e+00 2.234260e-05
-0.38 8.000000e+00 1.209488e-05
-0.38 8.500000e+00 4.933179e-06
-0.38 9.000000e+00 1.716449e-06
-0.38 9.500000e+00 5.602512e-07
-0.38 1.000000e+01 1.788868e-07
-0.38 1.050000e+01 5.671102e-08
-0.38 1.100000e+01 1.793767e-08
-0.38 1.150000e+01 5.669579e-09
-0.38 1.200000e+01 1.791580e-09
-0.38 1.250000e+01 5.660964e-10
-0.38 1.300000e+01 1.788688e-10
-0.38 1.350000e+01 5.651655e-11
-0.38 1.400000e+01 1.922625e-11

-0.37 7.000000e+00 2.940160e-05
-0.37 7.500000e+00 1.911962e-05
-0.37 8.000000e+00 9.247597e-06
-0.37 8.500000e+00 3.510549e-06
-0.37 9.000000e+00 1.184606e-06
-0.37 9.500000e+00 3.825091e-07
-0.37 1.000000e+01 1.217036e-07
-0.37 1.050000e+01 3.853916e-08
-0.37 1.100000e+01 1.218556e-08
-0.37 1.150000e+01 3.851065e-09
-0.37 1.200000e+01 1.216889e-09
-0.37 1.250000e+01 3.845033e-10
-0.37 1.300000e+01 1.214906e-10
-0.37 1.350000e+01 3.838692e-11
-0.37 1.400000e+01 1.355900e-11

-0.36 7.000000e+00 2.694014e-05
-0.36 7.500000e+00 1.568039e-05
-0.36 8.000000e+00 6.850273e-06
-0.36 8.500000e+00 2.462065e-06
-0.36 9.000000e+00 8.132566e-07
-0.36 9.500000e+00 2.607018e-07
-0.36 1.000000e+01 8.275339e-08
-0.36 1.050000e+01 2.618545e-08
-0.36 1.100000e+01 8.277521e-09
-0.36 1.150000e+01 2.615793e-09
-0.36 1.200000e+01 8.265383e-10
-0.36 1.250000e+01 2.611613e-10
-0.36 1.300000e+01 8.251834e-11
-0.36 1.350000e+01 2.607298e-11
-0.36 1.400000e+01 8.835297e-12

-0.35 7.000000e+00 2.434203e-05
-0.35 7.500000e+00 1.234300e-05
-0.35 8.000000e+00 4.949266e-06
-0.35 8.500000e+00 1.709062e-06
-0.35 9.000000e+00 5.563318e-07
-0.35 9.500000e+00 1.774771e-07
-0.35 1.000000e+01 5.624806e-08
-0.35 1.050000e+01 1.778962e-08
-0.35 1.100000e+01 5.622624e-09
-0.35 1.150000e+01 1.776727e-09
-0.35 1.200000e+01 5.614014e-10
-0.35 1.250000e+01 1.773852e-10
-0.35 1.300000e+01 5.604775e-11
-0.35 1.350000e+01 1.770917e-11
-0.35 1.400000e+01 6.269711e-12

-0.34 7.000000e+00 1.944521e-05
-0.34 7.500000e+00 9.367688e-06
-0.34 8.000000e+00 3.509426e-06
-0.34 8.500000e+00 1.177951e-06
-0.34 9.000000e+00 3.796663e-07
-0.34 9.500000e+00 1.207275e-07
-0.34 1.000000e+01 3.822283e-08
-0.34 1.050000e+01 1.208481e-08
-0.34 1.100000e+01 3.819155e-09
-0.34 1.150000e+01 1.206798e-09
-0.34 1.200000e+01 3.813142e-10
-0.34 1.250000e+01 1.204829e-10
-0.34 1.300000e+01 3.806850e-11
-0.34 1.350000e+01 1.202834e-11
-0.34 1.400000e+01 3.653940e-12

-0.33 7.000000e+00 1.672034e-05
-0.33 7.500000e+00 6.897932e-06
-0.33 8.000000e+00 2.455011e-06
-0.33 8.500000e+00 8.079642e-07
-0.33 9.000000e+00 2.586884e-07
-0.33 9.500000e+00 8.208198e-08
-0.33 1.000000e+01 2.596974e-08
-0.33 1.050000e+01 8.209009e-09
-0.33 1.100000e+01 2.594110e-09
-0.33 1.150000e+01 8.196837e-10
-0.33 1.200000e+01 2.589952e-10
-0.33 1.250000e+01 8.183387e-11
-0.33 1.300000e+01 2.585671e-11
-0.33 1.350000e+01 8.169831e-12
-0.33 1.400000e+01 2.752395e-12

-0.32 7.000000e+00 1.235034e-05
-0.32 7.500000e+00 4.961054e-06
-0.32 8.000000e+00 1.701144e-06
-0.32 8.500000e+00 5.523787e-07
-0.32 9.000000e+00 1.760722e-07
-0.32 9.500000e+00 5.578824e-08
-0.32 1.000000e+01 1.764274e-08
-0.32 1.050000e+01 5.576053e-09
-0.32 1.100000e+01 1.761996e-09
-0.32 1.150000e+01 5.567453e-10
-0.32 1.200000e+01 1.759138e-10
-0.32 1.250000e+01 5.558285e-11
-0.32 1.300000e+01 1.756227e-11
-0.32 1.350000e+01 5.549074e-12
-0.32 1.400000e+01 1.708309e-12

-0.31 7.000000e+00 9.923241e-06
-0.31 7.500000e+00 3.506089e-06
-0.31 8.000000e+00 1.171070e-06
-0.31 8.500000e+00 3.768167e-07
-0.31 9.000000e+00 1.197563e-07
-0.31 9.500000e+00 3.790881e-08
-0.31 1.000000e+01 1.198487e-08
-0.31 1.050000e+01 3.787505e-09
-0.31 1.100000e+01 1.196791e-09
-0.31 1.150000e+01 3.781515e-10
-0.31 1.200000e+01 1.194835e-10
-0.31 1.250000e+01 3.775273e-11
-0.31 1.300000e+01 1.192857e-11
-0.31 1.350000e+01 3.769015e-12
-0.31 1.400000e+01 1.264845e-12

-0.30 7.000000e+00 7.523026e-06
-0.30 7.500000e+00 2.446894e-06
-0.30 8.000000e+00 8.025844e-07
-0.30 8.500000e+00 2.566780e-07
-0.30 9.000000e+00 8.141475e-08
-0.30 9.500000e+00 2.575569e-08
-0.30 1.000000e+01 8.141052e-09
-0.30 1.050000e+01 2.572605e-09
-0.30 1.100000e+01 8.128858e-10
-0.30 1.150000e+01 2.568470e-10
-0.30 1.200000e+01 8.115508e-11
-0.30 1.250000e+01 2.564223e-11
-0.30 1.300000e+01 8.102063e-12
-0.30 1.350000e+01 2.559972e-12
-0.30 1.400000e+01 8.917148e-13

-0.29 7.000000e+00 4.283566e-06
-0.29 7.500000e+00 1.692747e-06
-0.29 8.000000e+00 5.483979e-07
-0.29 8.500000e+00 1.746728e-07
-0.29 9.000000e+00 5.533160e-08
-0.29 9.500000e+00 1.749700e-08
-0.29 1.000000e+01 5.529861e-09
-0.29 1.050000e+01 1.747386e-09
-0.29 1.100000e+01 5.521277e-10
-0.29 1.150000e+01 1.744547e-10
-0.29 1.200000e+01 5.512180e-11
-0.29 1.250000e+01 1.741660e-11
-0.29 1.300000e+01 5.503045e-12
-0.29 1.350000e+01 1.738772e-12
-0.29 1.400000e+01 4.654633e-13

-0.28 7.000000e+00 3.680465e-06
-0.28 7.500000e+00 1.163989e-06
-0.28 8.000000e+00 3.739632e-07
-0.28 8.500000e+00 1.187904e-07
-0.28 9.000000e+00 3.759711e-08
-0.28 9.500000e+00 1.188573e-08
-0.28 1.000000e+01 3.756116e-09
-0.28 1.050000e+01 1.186866e-09
-0.28 1.100000e+01 3.750150e-10
-0.28 1.150000e+01 1.184924e-10
-0.28 1.200000e+01 3.743957e-11
-0.28 1.250000e+01 1.182962e-11
-0.28 1.300000e+01 3.737751e-12
-0.28 1.350000e+01 1.181000e-12
-0.28 1.400000e+01 3.940278e-13

-0.27 7.000000e+00 2.545978e-06
-0.27 7.500000e+00 7.971296e-07
-0.27 8.000000e+00 2.546718e-07
-0.27 8.500000e+00 8.075178e-08
-0.27 9.000000e+00 2.554328e-08
-0.27 9.500000e+00 8.073646e-09
-0.27 1.000000e+01 2.551278e-09
-0.27 1.050000e+01 8.061442e-10
-0.27 1.100000e+01 2.547166e-10
-0.27 1.150000e+01 8.048192e-11
-0.27 1.200000e+01 2.542953e-11
-0.27 1.250000e+01 8.034857e-12
-0.27 1.300000e+01 2.538738e-12
-0.27 1.350000e+01 8.021534e-13
-0.27 1.400000e+01 2.653557e-13

-0.26 7.000000e+00 1.767955e-06
-0.26 7.500000e+00 5.443951e-07
-0.26 8.000000e+00 1.732792e-07
-0.26 8.500000e+00 5.487819e-08
-0.26 9.000000e+00 1.735242e-08
-0.26 9.500000e+00 5.484046e-09
-0.26 1.000000e+01 1.732897e-09
-0.26 1.050000e+01 5.475484e-10
-0.26 1.100000e+01 1.730077e-10
-0.26 1.150000e+01 5.466457e-11
-0.26 1.200000e+01 1.727213e-11
-0.26 1.250000e+01 5.457397e-12
-0.26 1.300000e+01 1.724349e-12
-0.26 1.350000e+01 5.448348e-13
-0.26 1.400000e+01 1.810728e-13

-0.25 7.000000e+00 1.252137e-06
-0.25 7.500000e+00 3.711083e-07
-0.25 8.000000e+00 1.178300e-07
-0.25 8.500000e+00 3.728774e-08
-0.25 9.000000e+00 1.178739e-08
-0.25 9.500000e+00 3.724984e-09
-0.25 1.000000e+01 1.177024e-09
-0.25 1.050000e+01 3.719045e-10
-0.25 1.100000e+01 1.175096e-10
-0.25 1.150000e+01 3.712902e-11
-0.25 1.200000e+01 1.173149e-11
-0.25 1.250000e+01 3.706747e-12
-0.25 1.300000e+01 1.171204e-12
-0.25 1.350000e+01 3.700600e-13
-0.25 1.400000e+01 1.268249e-13

-0.24 7.000000e+00 7.138961e-07
-0.24 7.500000e+00 2.526708e-07
-0.24 8.000000e+00 8.009315e-08
-0.24 8.500000e+00 2.533253e-08
-0.24 9.000000e+00 8.006788e-09
-0.24 9.500000e+00 2.530127e-09
-0.24 1.000000e+01 7.994584e-10
-0.24 1.050000e+01 2.526038e-10
-0.24 1.100000e+01 7.981434e-11
-0.24 1.150000e+01 2.521860e-11
-0.24 1.200000e+01 7.968209e-12
-0.24 1.250000e+01 2.517679e-12
-0.24 1.300000e+01 7.954996e-13
-0.24 1.350000e+01 2.513504e-13
-0.24 1.400000e+01 7.150919e-14

-0.23 7.000000e+00 5.648113e-07
-0.23 7.500000e+00 1.718921e-07
-0.23 8.000000e+00 5.442801e-08
-0.23 8.500000e+00 1.720899e-08
-0.23 9.000000e+00 5.438607e-09
-0.23 9.500000e+00 1.718528e-09
-0.23 1.000000e+01 5.430070e-10
-0.23 1.050000e+01 1.715726e-10
-0.23 1.100000e+01 5.421113e-11
-0.23 1.150000e+01 1.712886e-11
-0.23 1.200000e+01 5.412128e-12
-0.23 1.250000e+01 1.710046e-12
-0.23 1.300000e+01 5.403154e-13
-0.23 1.350000e+01 1.707210e-13
-0.23 1.400000e+01 5.640827e-14

-0.22 7.000000e+00 3.474630e-07
-0.22 7.500000e+00 1.168752e-07
-0.22 8.000000e+00 3.698070e-08
-0.22 8.500000e+00 1.168984e-08
-0.22 9.000000e+00 3.694108e-09
-0.22 9.500000e+00 1.167263e-09
-0.22 1.000000e+01 3.688198e-10
-0.22 1.050000e+01 1.165348e-10
-0.22 1.100000e+01 3.682104e-11
-0.22 1.150000e+01 1.163418e-11
-0.22 1.200000e+01 3.676000e-12
-0.22 1.250000e+01 1.161489e-12
-0.22 1.300000e+01 3.669904e-13
-0.22 1.350000e+01 1.159563e-13
-0.22 1.400000e+01 3.455599e-14

-0.21 7.000000e+00 2.610702e-07
-0.21 7.500000e+00 7.943895e-08
-0.21 8.000000e+00 2.512341e-08
-0.21 8.500000e+00 7.940474e-09
-0.21 9.000000e+00 2.509150e-09
-0.21 9.500000e+00 7.928279e-10
-0.21 1.000000e+01 2.505086e-10
-0.21 1.050000e+01 7.915229e-11
-0.21 1.100000e+01 2.500941e-11
-0.21 1.150000e+01 7.902113e-12
-0.21 1.200000e+01 2.496795e-12
-0.21 1.250000e+01 7.889010e-13
-0.21 1.300000e+01 2.492655e-13
-0.21 1.350000e+01 7.875928e-14
-0.21 1.400000e+01 2.592204e-14

-0.20 7.000000e+00 1.943188e-07
-0.20 7.500000e+00 5.398110e-08
-0.20 8.000000e+00 1.706670e-08
-0.20 8.500000e+00 5.393540e-09
-0.20 9.000000e+00 1.704277e-09
-0.20 9.500000e+00 5.385033e-10
-0.20 1.000000e+01 1.701495e-10
-0.20 1.050000e+01 5.376146e-11
-0.20 1.100000e+01 1.698678e-11
-0.20 1.150000e+01 5.367235e-12
-0.20 1.200000e+01 1.695861e-12
-0.20 1.250000e+01 5.358335e-13
-0.20 1.300000e+01 1.693049e-13
-0.20 1.350000e+01 5.349449e-14
-0.20 1.400000e+01 1.927060e-14

-0.19 7.000000e+00 1.202786e-07
-0.19 7.500000e+00 3.667600e-08
-0.19 8.000000e+00 1.159308e-08
-0.19 8.500000e+00 3.663486e-09
-0.19 9.000000e+00 1.157582e-09
-0.19 9.500000e+00 3.657607e-10
-0.19 1.000000e+01 1.155682e-10
-0.19 1.050000e+01 3.651561e-11
-0.19 1.100000e+01 1.153768e-11
-0.19 1.150000e+01 3.645508e-12
-0.19 1.200000e+01 1.151855e-12
-0.19 1.250000e+01 3.639463e-13
-0.19 1.300000e+01 1.149944e-13
-0.19 1.350000e+01 3.633427e-14
-0.19 1.400000e+01 1.191230e-14

-0.18 7.000000e+00 9.510963e-08
-0.18 7.500000e+00 2.491594e-08
-0.18 8.000000e+00 7.874700e-09
-0.18 8.500000e+00 2.488345e-09
-0.18 9.000000e+00 7.862524e-10
-0.18 9.500000e+00 2.484307e-10
-0.18 1.000000e+01 7.849574e-11
-0.18 1.050000e+01 2.480196e-11
-0.18 1.100000e+01 7.836565e-12
-0.18 1.150000e+01 2.476084e-12
-0.18 1.200000e+01 7.823571e-13
-0.18 1.250000e+01 2.471978e-13
-0.18 1.300000e+01 7.810597e-14
-0.18 1.350000e+01 2.467879e-14
-0.18 1.400000e+01 9.415474e-15

-0.17 7.000000e+00 5.249566e-08
-0.17 7.500000e+00 1.692555e-08
-0.17 8.000000e+00 5.348842e-09
-0.17 8.500000e+00 1.690145e-09
-0.17 9.000000e+00 5.340368e-10
-0.17 9.500000e+00 1.687381e-10
-0.17 1.000000e+01 5.331552e-11
-0.17 1.050000e+01 1.684587e-11
-0.17 1.100000e+01 5.322714e-12
-0.17 1.150000e+01 1.681794e-12
-0.17 1.200000e+01 5.313888e-13
-0.17 1.250000e+01 1.679005e-13
-0.17 1.300000e+01 5.305076e-14
-0.17 1.350000e+01 1.676221e-14
-0.17 1.400000e+01 5.193126e-15

-0.16 7.000000e+00 3.752197e-08
-0.16 7.500000e+00 1.149710e-08
-0.16 8.000000e+00 3.633116e-09
-0.16 8.500000e+00 1.147982e-09
-0.16 9.000000e+00 3.627269e-10
-0.16 9.500000e+00 1.146096e-10
-0.16 1.000000e+01 3.621272e-11
-0.16 1.050000e+01 1.144197e-11
-0.16 1.100000e+01 3.615268e-12
-0.16 1.150000e+01 1.142300e-12
-0.16 1.200000e+01 3.609273e-13
-0.16 1.250000e+01 1.140406e-13
-0.16 1.300000e+01 3.603288e-14
-0.16 1.350000e+01 1.138515e-14
-0.16 1.400000e+01 3.710950e-15

-0.15 7.000000e+00 2.594428e-08
-0.15 7.500000e+00 7.809464e-09
-0.15 8.000000e+00 2.467713e-09
-0.15 8.500000e+00 7.797313e-10
-0.15 9.000000e+00 2.463701e-10
-0.15 9.500000e+00 7.784463e-11
-0.15 1.000000e+01 2.459623e-11
-0.15 1.050000e+01 7.771562e-12
-0.15 1.100000e+01 2.455545e-12
-0.15 1.150000e+01 7.758675e-13
-0.15 1.200000e+01 2.451473e-13
-0.15 1.250000e+01 7.745809e-14
-0.15 1.300000e+01 2.447408e-14
-0.15 1.350000e+01 7.732964e-15
-0.15 1.400000e+01 2.565436e-15

-0.14 7.000000e+00 1.724846e-08
-0.14 7.500000e+00 5.304511e-09
-0.14 8.000000e+00 1.676129e-09
-0.14 8.500000e+00 5.296074e-10
-0.14 9.000000e+00 1.673385e-10
-0.14 9.500000e+00 5.287327e-11
-0.14 1.000000e+01 1.670614e-11
-0.14 1.050000e+01 5.278563e-12
-0.14 1.100000e+01 1.667844e-12
-0.14 1.150000e+01 5.269810e-13
-0.14 1.200000e+01 1.665078e-13
-0.14 1.250000e+01 5.261071e-14
-0.14 1.300000e+01 1.662317e-14
-0.14 1.350000e+01 5.252346e-15
-0.14 1.400000e+01 1.705342e-15

-0.13 7.000000e+00 1.354515e-08
-0.13 7.500000e+00 3.602996e-09
-0.13 8.000000e+00 1.138461e-09
-0.13 8.500000e+00 3.597183e-10
-0.13 9.000000e+00 1.136589e-10
-0.13 9.500000e+00 3.591234e-11
-0.13 1.000000e+01 1.134706e-11
-0.13 1.050000e+01 3.585280e-12
-0.13 1.100000e+01 1.132825e-12
-0.13 1.150000e+01 3.579335e-13
-0.13 1.200000e+01 1.130946e-13
-0.13 1.250000e+01 3.573399e-14
-0.13 1.300000e+01 1.129071e-14
-0.13 1.350000e+01 3.567473e-15
-0.13 1.400000e+01 1.339123e-15

-0.12 7.000000e+00 7.071060e-09
-0.12 7.500000e+00 2.447251e-09
-0.12 8.000000e+00 7.732643e-10
-0.12 8.500000e+00 2.443265e-10
-0.12 9.000000e+00 7.719892e-11
-0.12 9.500000e+00 2.439221e-11
-0.12 1.000000e+01 7.707097e-12
-0.12 1.050000e+01 2.435177e-12
-0.12 1.100000e+01 7.694317e-13
-0.12 1.150000e+01 2.431138e-13
-0.12 1.200000e+01 7.681558e-14
-0.12 1.250000e+01 2.427107e-14
-0.12 1.300000e+01 7.668819e-15
-0.12 1.350000e+01 2.423082e-15
-0.12 1.400000e+01 6.990046e-16

-0.11 7.000000e+00 5.374227e-09
-0.11 7.500000e+00 1.662229e-09
-0.11 8.000000e+00 5.252147e-10
-0.11 8.500000e+00 1.659505e-10
-0.11 9.000000e+00 5.243469e-11
-0.11 9.500000e+00 1.656756e-11
-0.11 1.000000e+01 5.234777e-12
-0.11 1.050000e+01 1.654009e-12
-0.11 1.100000e+01 5.226097e-13
-0.11 1.150000e+01 1.651266e-13
-0.11 1.200000e+01 5.217431e-14
-0.11 1.250000e+01 1.648528e-14
-0.11 1.300000e+01 5.208779e-15
-0.11 1.350000e+01 1.645794e-15
-0.11 1.400000e+01 5.312527e-16

-0.10 7.000000e+00 3.815225e-09
-0.10 7.500000e+00 1.129019e-09
-0.10 8.000000e+00 3.567346e-10
-0.10 8.500000e+00 1.127162e-10
-0.10 9.000000e+00 3.561445e-11
-0.10 9.500000e+00 1.125294e-11
-0.10 1.000000e+01 3.555540e-12
-0.10 1.050000e+01 1.123428e-12
-0.10 1.100000e+01 3.549644e-13
-0.10 1.150000e+01 1.121565e-13
-0.10 1.200000e+01 3.543758e-14
-0.10 1.250000e+01 1.119705e-14
-0.10 1.300000e+01 3.537881e-15
-0.10 1.350000e+01 1.117848e-15
-0.10 1.400000e+01 3.771341e-16

-0.09 7.000000e+00 2.469788e-09
-0.09 7.500000e+00 7.668508e-10
-0.09 8.000000e+00 2.422999e-10
-0.09 8.500000e+00 7.655856e-11
-0.09 9.000000e+00 2.418988e-11
-0.09 9.500000e+00 7.643167e-12
-0.09 1.000000e+01 2.414977e-12
-0.09 1.050000e+01 7.630493e-13
-0.09 1.100000e+01 2.410972e-13
-0.09 1.150000e+01 7.617840e-14
-0.09 1.200000e+01 2.406974e-14
-0.09 1.250000e+01 7.605207e-15
-0.09 1.300000e+01 2.402983e-15
-0.09 1.350000e+01 7.592595e-16
-0.09 1.400000e+01 2.441336e-16

-0.08 7.000000e+00 1.926789e-09
-0.08 7.500000e+00 5.208583e-10
-0.08 8.000000e+00 1.645740e-10
-0.08 8.500000e+00 5.199976e-11
-0.08 9.000000e+00 1.643013e-11
-0.08 9.500000e+00 5.191355e-12
-0.08 1.000000e+01 1.640289e-12
-0.08 1.050000e+01 5.182747e-13
-0.08 1.100000e+01 1.637569e-13
-0.08 1.150000e+01 5.174152e-14
-0.08 1.200000e+01 1.634853e-14
-0.08 1.250000e+01 5.165572e-15
-0.08 1.300000e+01 1.632142e-15
-0.08 1.350000e+01 5.157006e-16
-0.08 1.400000e+01 1.904579e-16

-0.07 7.000000e+00 1.028181e-09
-0.07 7.500000e+00 3.537756e-10
-0.07 8.000000e+00 1.117812e-10
-0.07 8.500000e+00 3.531903e-11
-0.07 9.000000e+00 1.115960e-11
-0.07 9.500000e+00 3.526047e-12
-0.07 1.000000e+01 1.114109e-12
-0.07 1.050000e+01 3.520200e-13
-0.07 1.100000e+01 1.112262e-13
-0.07 1.150000e+01 3.514363e-14
-0.07 1.200000e+01 1.110417e-14
-0.07 1.250000e+01 3.508535e-15
-0.07 1.300000e+01 1.108576e-15
-0.07 1.350000e+01 3.502717e-16
-0.07 1.400000e+01 1.016317e-16

-0.06 7.000000e+00 7.694117e-10
-0.06 7.500000e+00 2.402901e-10
-0.06 8.000000e+00 7.592352e-11
-0.06 8.500000e+00 2.398922e-11
-0.06 9.000000e+00 7.579768e-12
-0.06 9.500000e+00 2.394945e-12
-0.06 1.000000e+01 7.567199e-13
-0.06 1.050000e+01 2.390973e-13
-0.06 1.100000e+01 7.554650e-14
-0.06 1.150000e+01 2.387009e-14
-0.06 1.200000e+01 7.542122e-15
-0.06 1.250000e+01 2.383050e-15
-0.06 1.300000e+01 7.529615e-16
-0.06 1.350000e+01 2.379098e-16
-0.06 1.400000e+01 7.605313e-17

-0.05 7.000000e+00 5.250019e-10
-0.05 7.500000e+00 1.632089e-10
-0.05 8.000000e+00 5.156842e-11
-0.05 8.500000e+00 1.629385e-11
-0.05 9.000000e+00 5.148293e-12
-0.05 9.500000e+00 1.626683e-12
-0.05 1.000000e+01 5.139756e-13
-0.05 1.050000e+01 1.623985e-13
-0.05 1.100000e+01 5.131233e-14
-0.05 1.150000e+01 1.621292e-14
-0.05 1.200000e+01 5.122724e-15
-0.05 1.250000e+01 1.618604e-15
-0.05 1.300000e+01 5.114229e-16
-0.05 1.350000e+01 1.615920e-16
-0.05 1.400000e+01 5.189409e-17

-0.04 7.000000e+00 3.535797e-10
-0.04 7.500000e+00 1.108540e-10
-0.04 8.000000e+00 3.502606e-11
-0.04 8.500000e+00 1.106703e-11
-0.04 9.000000e+00 3.496799e-12
-0.04 9.500000e+00 1.104868e-12
-0.04 1.000000e+01 3.491000e-13
-0.04 1.050000e+01 1.103036e-13
-0.04 1.100000e+01 3.485211e-14
-0.04 1.150000e+01 1.101206e-14
-0.04 1.200000e+01 3.479432e-15
-0.04 1.250000e+01 1.099380e-15
-0.04 1.300000e+01 3.473662e-16
-0.04 1.350000e+01 1.097557e-16
-0.04 1.400000e+01 3.494970e-17

-0.03 7.000000e+00 2.770812e-10
-0.03 7.500000e+00 7.529375e-11
-0.03 8.000000e+00 2.379024e-11
-0.03 8.500000e+00 7.516894e-12
-0.03 9.000000e+00 2.375079e-12
-0.03 9.500000e+00 7.504429e-13
-0.03 1.000000e+01 2.371140e-13
-0.03 1.050000e+01 7.491985e-14
-0.03 1.100000e+01 2.367208e-14
-0.03 1.150000e+01 7.479561e-15
-0.03 1.200000e+01 2.363283e-15
-0.03 1.250000e+01 7.467158e-16
-0.03 1.300000e+01 2.359364e-16
-0.03 1.350000e+01 7.454775e-17
-0.03 1.400000e+01 2.738816e-17

-0.02 7.000000e+00 1.430480e-10
-0.02 7.500000e+00 5.114067e-11
-0.02 8.000000e+00 1.615869e-11
-0.02 8.500000e+00 5.105589e-12
-0.02 9.000000e+00 1.613190e-12
-0.02 9.500000e+00 5.097122e-13
-0.02 1.000000e+01 1.610515e-13
-0.02 1.050000e+01 5.088670e-14
-0.02 1.100000e+01 1.607844e-14
-0.02 1.150000e+01 5.080231e-15
-0.02 1.200000e+01 1.605178e-15
-0.02 1.250000e+01 5.071807e-16
-0.02 1.300000e+01 1.602516e-16
-0.02 1.350000e+01 5.063396e-17
-0.02 1.400000e+01 1.413959e-17

-0.01 7.000000e+00 1.101484e-10
-0.01 7.500000e+00 3.473552e-11
-0.01 8.000000e+00 1.097523e-11
-0.01 8.500000e+00 3.467793e-12
-0.01 9.000000e+00 1.095703e-12
-0.01 9.500000e+00 3.462043e-13
-0.01 1.000000e+01 1.093886e-13
-0.01 1.050000e+01 3.456302e-14
-0.01 1.100000e+01 1.092072e-14
-0.01 1.150000e+01 3.450570e-15
-0.01 1.200000e+01 1.090261e-15
-0.01 1.250000e+01 3.444848e-16
-0.01 1.300000e+01 1.088453e-16
-0.01 1.350000e+01 3.439135e-17
-0.01 1.400000e+01 1.088762e-17

0.00 7.000000e+00 7.466919e-11
0.00 7.500000e+00 2.359290e-11
0.00 8.000000e+00 7.454542e-12
0.00 8.500000e+00 2.355378e-12
0.00 9.000000e+00 7.442181e-13
0.00 9.500000e+00 2.351472e-13
0.00 1.000000e+01 7.429839e-14
0.00 1.050000e+01 2.347573e-14
0.00 1.100000e+01 7.417518e-15
0.00 1.150000e+01 2.343680e-15
0.00 1.200000e+01 7.405218e-16
0.00 1.250000e+01 2.339793e-16
0.00 1.300000e+01 7.392938e-17
0.00 1.350000e+01 2.335913e-17
0.00 1.400000e+01 7.380678e-18
