0.00 1.400000e+01 0.000000e+00 1.297895e-24 2.595790e-24 0.000000e+00
-0.10 1.400000e+01 0.000000e+00 3.854490e-21 7.708979e-21 0.000000e+00
-0.21 1.400000e+01 0.000000e+00 1.151746e-17 2.303492e-17 0.000000e+00
-0.31 1.400000e+01 0.000000e+00 3.416417e-14 6.832834e-14 0.000000e+00
-0.41 1.400000e+01 0.000000e+00 2.054504e-11 4.109009e-11 0.000000e+00
-0.52 1.400000e+01 0.000000e+00 1.571319e-10 3.142638e-10 0.000000e+00
-0.62 1.400000e+01 0.000000e+00 6.954722e-10 1.390944e-09 0.000000e+00
-0.72 1.400000e+01 0.000000e+00 3.013811e-09 6.027622e-09 0.000000e+00
-0.83 1.400000e+01 0.000000e+00 1.305001e-08 2.610002e-08 0.000000e+00
-0.93 1.400000e+01 0.000000e+00 5.650859e-08 1.130172e-07 0.000000e+00
-1.03 1.400000e+01 0.000000e+00 2.447253e-07 4.894505e-07 0.000000e+00
-1.14 1.400000e+01 0.000000e+00 1.060258e-06 2.120516e-06 0.000000e+00
-1.24 1.400000e+01 0.000000e+00 4.598417e-06 9.196835e-06 0.000000e+00
-1.34 1.400000e+01 0.000000e+00 2.000208e-05 4.000415e-05 0.000000e+00
-1.45 1.400000e+01 0.000000e+00 8.769321e-05 1.753864e-04 0.000000e+00
-1.55 1.400000e+01 0.000000e+00 3.923906e-04 7.847811e-04 0.000000e+00
-1.66 1.400000e+01 0.000000e+00 1.840846e-03 3.681692e-03 0.000000e+00
-1.76 1.400000e+01 0.000000e+00 9.373960e-03 1.874792e-02 0.000000e+00
-1.86 1.400000e+01 0.000000e+00 5.048697e-02 1.009739e-01 0.000000e+00
-1.97 1.400000e+01 0.000000e+00 2.510720e-01 5.021440e-01 0.000000e+00
-2.07 1.400000e+01 0.000000e+00 1.126065e+00 2.252129e+00 0.000000e+00
-2.17 1.400000e+01 0.000000e+00 4.901751e+00 9.803501e+00 0.000000e+00
-2.28 1.400000e+01 0.000000e+00 2.123885e+01 4.247769e+01 0.000000e+00
-2.38 1.400000e+01 0.000000e+00 9.196882e+01 1.839376e+02 0.000000e+00
-2.48 1.400000e+01 0.000000e+00 3.982124e+02 7.964247e+02 0.000000e+00
-2.59 1.400000e+01 0.000000e+00 1.724186e+03 3.448372e+03 0.000000e+00
-2.69 1.400000e+01 0.000000e+00 7.465395e+03 1.493079e+04 0.000000e+00
-2.79 1.400000e+01 0.000000e+00 3.232372e+04 6.464745e+04 0.000000e+00
-2.90 1.400000e+01 0.000000e+00 1.399555e+05 2.799110e+05 0.000000e+00
-3.00 1.400000e+01 0.000000e+00 6.059795e+05 1.211959e+06 0.000000e+00
0.00 1.166667e+01 0.000000e+00 6.024922e-20 1.204984e-19 0.000000e+00
-0.10 1.166667e+01 0.000000e+00 1.800137e-16 3.600274e-16 0.000000e+00
-0.21 1.166667e+01 0.000000e+00 3.604617e-13 7.209234e-13 0.000000e+00
-0.31 1.166667e+01 0.000000e+00 7.972049e-12 1.594410e-11 0.000000e+00
-0.41 1.166667e+01 0.000000e+00 3.702649e-11 7.405298e-11 0.000000e+00
-0.52 1.166667e+01 0.000000e+00 1.607465e-10 3.214929e-10 0.000000e+00
-0.62 1.166667e+01 0.000000e+00 6.960743e-10 1.392149e-09 0.000000e+00
-0.72 1.166667e+01 0.000000e+00 3.013910e-09 6.027820e-09 0.000000e+00
-0.83 1.166667e+01 0.000000e+00 1.305003e-08 2.610005e-08 0.000000e+00
-0.93 1.166667e+01 0.000000e+00 5.650860e-08 1.130172e-07 0.000000e+00
-1.03 1.166667e+01 0.000000e+00 2.447253e-07 4.894505e-07 0.000000e+00
-1.14 1.166667e+01 0.000000e+00 1.060258e-06 2.120516e-06 0.000000e+00
-1.24 1.166667e+01 0.000000e+00 4.598417e-06 9.196835e-06 0.000000e+00
-1.34 1.166667e+01 0.000000e+00 2.000208e-05 4.000415e-05 0.000000e+00
-1.45 1.166667e+01 0.000000e+00 8.769321e-05 1.753864e-04 0.000000e+00
-1.55 1.166667e+01 0.000000e+00 3.923906e-04 7.847811e-04 0.000000e+00
-1.66 1.166667e+01 0.000000e+00 1.840846e-03 3.681692e-03 0.000000e+00
-1.76 1.166667e+01 0.000000e+00 9.373960e-03 1.874792e-02 0.000000e+00
-1.86 1.166667e+01 0.000000e+00 5.048697e-02 1.009739e-01 0.000000e+00
-1.97 1.166667e+01 0.000000e+00 2.510720e-01 5.021440e-01 0.000000e+00
-2.07 1.166667e+01 0.000000e+00 1.126065e+00 2.252129e+00 0.000000e+00
-2.17 1.166667e+01 0.000000e+00 4.901751e+00 9.803501e+00 0.000000e+00
-2.28 1.166667e+01 0.000000e+00 2.123885e+01 4.247769e+01 0.000000e+00
-2.38 1.166667e+01 0.000000e+00 9.196882e+01 1.839376e+02 0.000000e+00
-2.48 1.166667e+01 0.000000e+00 3.982124e+02 7.964247e+02 0.000000e+00
-2.59 1.166667e+01 0.000000e+00 1.724186e+03 3.448372e+03 0.000000e+00
-2.69 1.166667e+01 0.000000e+00 7.465395e+03 1.493079e+04 0.000000e+00
-2.79 1.166667e+01 0.000000e+00 3.232372e+04 6.464745e+04 0.000000e+00
-2.90 1.166667e+01 0.000000e+00 1.399555e+05 2.799110e+05 0.000000e+00
-3.00 1.166667e+01 0.000000e+00 6.059795e+05 1.211959e+06 0.000000e+00
0.00 9.333333e+00 0.000000e+00 2.677146e-15 5.354292e-15 0.000000e+00
-0.10 9.333333e+00 0.000000e+00 3.625420e-13 7.250839e-13 0.000000e+00
-0.21 9.333333e+00 0.000000e+00 1.963048e-12 3.926096e-12 0.000000e+00
-0.31 9.333333e+00 0.000000e+00 8.572413e-12 1.714483e-11 0.000000e+00
-0.41 9.333333e+00 0.000000e+00 3.712895e-11 7.425790e-11 0.000000e+00
-0.52 9.333333e+00 0.000000e+00 1.607634e-10 3.215267e-10 0.000000e+00
-0.62 9.333333e+00 0.000000e+00 6.960771e-10 1.392154e-09 0.000000e+00
-0.72 9.333333e+00 0.000000e+00 3.013911e-09 6.027821e-09 0.000000e+00
-0.83 9.333333e+00 0.000000e+00 1.305003e-08 2.610005e-08 0.000000e+00
-0.93 9.333333e+00 0.000000e+00 5.650860e-08 1.130172e-07 0.000000e+00
-1.03 9.333333e+00 0.000000e+00 2.447253e-07 4.894505e-07 0.000000e+00
-1.14 9.333333e+00 0.000000e+00 1.060258e-06 2.120516e-06 0.000000e+00
-1.24 9.333333e+00 0.000000e+00 4.598417e-06 9.196835e-06 0.000000e+00
-1.34 9.333333e+00 0.000000e+00 2.000208e-05 4.000415e-05 0.000000e+00
-1.45 9.333333e+00 0.000000e+00 8.769321e-05 1.753864e-04 0.000000e+00
-1.55 9.333333e+00 0.000000e+00 3.923906e-04 7.847811e-04 0.000000e+00
-1.66 9.333333e+00 0.000000e+00 1.840846e-03 3.681692e-03 0.000000e+00
-1.76 9.333333e+00 0.000000e+00 9.373960e-03 1.874792e-02 0.000000e+00
-1.86 9.333333e+00 0.000000e+00 5.048697e-02 1.009739e-01 0.000000e+00
-1.97 9.333333e+00 0.000000e+00 2.510720e-01 5.021440e-01 0.000000e+00
-2.07 9.333333e+00 0.000000e+00 1.126065e+00 2.252129e+00 0.000000e+00
-2.17 9.333333e+00 0.000000e+00 4.901751e+00 9.803501e+00 0.000000e+00
-2.28 9.333333e+00 0.000000e+00 2.123885e+01 4.247769e+01 0.000000e+00
-2.38 9.333333e+00 0.000000e+00 9.196882e+01 1.839376e+02 0.000000e+00
-2.48 9.333333e+00 0.000000e+00 3.982124e+02 7.964247e+02 0.000000e+00
-2.59 9.333333e+00 0.000000e+00 1.724186e+03 3.448372e+03 0.000000e+00
-2.69 9.333333e+00 0.000000e+00 7.465395e+03 1.493079e+04 0.000000e+00
-2.79 9.333333e+00 0.000000e+00 3.232372e+04 6.464745e+04 0.000000e+00
-2.90 9.333333e+00 0.000000e+00 1.399555e+05 2.799110e+05 0.000000e+00
-3.00 9.333333e+00 0.000000e+00 6.059795e+05 1.211959e+06 0.000000e+00
0.00 7.000000e+00 0.000000e+00 1.026952e-13 2.053904e-13 0.000000e+00
-0.10 7.000000e+00 0.000000e+00 4.569249e-13 9.138498e-13 0.000000e+00
-0.21 7.000000e+00 0.000000e+00 1.980447e-12 3.960895e-12 0.000000e+00
-0.31 7.000000e+00 0.000000e+00 8.575292e-12 1.715058e-11 0.000000e+00
-0.41 7.000000e+00 0.000000e+00 3.712943e-11 7.425885e-11 0.000000e+00
-0.52 7.000000e+00 0.000000e+00 1.607634e-10 3.215269e-10 0.000000e+00
-0.62 7.000000e+00 0.000000e+00 6.960771e-10 1.392154e-09 0.000000e+00
-0.72 7.000000e+00 0.000000e+00 3.013911e-09 6.027821e-09 0.000000e+00
-0.83 7.000000e+00 0.000000e+00 1.305003e-08 2.610005e-08 0.000000e+00
-0.93 7.000000e+00 0.000000e+00 5.650860e-08 1.130172e-07 0.000000e+00
-1.03 7.000000e+00 0.000000e+00 2.447253e-07 4.894505e-07 0.000000e+00
-1.14 7.000000e+00 0.000000e+00 1.060258e-06 2.120516e-06 0.000000e+00
-1.24 7.000000e+00 0.000000e+00 4.598417e-06 9.196835e-06 0.000000e+00
-1.34 7.000000e+00 0.000000e+00 2.000208e-05 4.000415e-05 0.000000e+00
-1.45 7.000000e+00 0.000000e+00 8.769321e-05 1.753864e-04 0.000000e+00
-1.55 7.000000e+00 0.000000e+00 3.923906e-04 7.847811e-04 0.000000e+00
-1.66 7.000000e+00 0.000000e+00 1.840846e-03 3.681692e-03 0.000000e+00
-1.76 7.000000e+00 0.000000e+00 9.373960e-03 1.874792e-02 0.000000e+00
-1.86 7.000000e+00 0.000000e+00 5.048697e-02 1.009739e-01 0.000000e+00
-1.97 7.000000e+00 0.000000e+00 2.510720e-01 5.021440e-01 0.000000e+00
-2.07 7.000000e+00 0.000000e+00 1.126065e+00 2.252129e+00 0.000000e+00
-2.17 7.000000e+00 0.000000e+00 4.901751e+00 9.803501e+00 0.000000e+00
-2.28 7.000000e+00 0.000000e+00 2.123885e+01 4.247769e+01 0.000000e+00
-2.38 7.000000e+00 0.000000e+00 9.196882e+01 1.839376e+02 0.000000e+00
-2.48 7.000000e+00 0.000000e+00 3.982124e+02 7.964247e+02 0.000000e+00
-2.59 7.000000e+00 0.000000e+00 1.724186e+03 3.448372e+03 0.000000e+00
-2.69 7.000000e+00 0.000000e+00 7.465395e+03 1.493079e+04 0.000000e+00
-2.79 7.000000e+00 0.000000e+00 3.232372e+04 6.464745e+04 0.000000e+00
-2.90 7.000000e+00 0.000000e+00 1.399555e+05 2.799110e+05 0.000000e+00
-3.00 7.000000e+00 0.000000e+00 6.059795e+05 1.211959e+06 0.000000e+00
