
-2.00 7.000000e+00 7.369282e-01
-2.00 7.500000e+00 7.369282e-01
-2.00 8.000000e+00 7.369282e-01
-2.00 8.500000e+00 7.369282e-01
-2.00 9.000000e+00 7.369282e-01
-2.00 9.500000e+00 7.369282e-01
-2.00 1.000000e+01 7.369282e-01
-2.00 1.050000e+01 7.369282e-01
-2.00 1.100000e+01 7.369282e-01
-2.00 1.150000e+01 7.369282e-01
-2.00 1.200000e+01 7.369282e-01
-2.00 1.250000e+01 7.369282e-01
-2.00 1.300000e+01 7.369282e-01
-2.00 1.350000e+01 7.369282e-01
-2.00 1.400000e+01 7.369282e-01

-1.99 7.000000e+00 7.316550e-01
-1.99 7.500000e+00 7.316813e-01
-1.99 8.000000e+00 7.316813e-01
-1.99 8.500000e+00 7.316813e-01
-1.99 9.000000e+00 7.316813e-01
-1.99 9.500000e+00 7.316813e-01
-1.99 1.000000e+01 7.316813e-01
-1.99 1.050000e+01 7.316813e-01
-1.99 1.100000e+01 7.316813e-01
-1.99 1.150000e+01 7.316813e-01
-1.99 1.200000e+01 7.316813e-01
-1.99 1.250000e+01 7.316813e-01
-1.99 1.300000e+01 7.316813e-01
-1.99 1.350000e+01 7.316813e-01
-1.99 1.400000e+01 7.316550e-01

-1.98 7.000000e+00 7.281050e-01
-1.98 7.500000e+00 7.264258e-01
-1.98 8.000000e+00 7.264258e-01
-1.98 8.500000e+00 7.264258e-01
-1.98 9.000000e+00 7.264258e-01
-1.98 9.500000e+00 7.264258e-01
-1.98 1.000000e+01 7.264258e-01
-1.98 1.050000e+01 7.264258e-01
-1.98 1.100000e+01 7.264258e-01
-1.98 1.150000e+01 7.264258e-01
-1.98 1.200000e+01 7.264258e-01
-1.98 1.250000e+01 7.264258e-01
-1.98 1.300000e+01 7.264258e-01
-1.98 1.350000e+01 7.264258e-01
-1.98 1.400000e+01 7.281050e-01

-1.97 7.000000e+00 7.191080e-01
-1.97 7.500000e+00 7.211621e-01
-1.97 8.000000e+00 7.211621e-01
-1.97 8.500000e+00 7.211621e-01
-1.97 9.000000e+00 7.211621e-01
-1.97 9.500000e+00 7.211621e-01
-1.97 1.000000e+01 7.211621e-01
-1.97 1.050000e+01 7.211621e-01
-1.97 1.100000e+01 7.211621e-01
-1.97 1.150000e+01 7.211621e-01
-1.97 1.200000e+01 7.211621e-01
-1.97 1.250000e+01 7.211621e-01
-1.97 1.300000e+01 7.211621e-01
-1.97 1.350000e+01 7.211621e-01
-1.97 1.400000e+01 7.191080e-01

-1.96 7.000000e+00 7.157845e-01
-1.96 7.500000e+00 7.158906e-01
-1.96 8.000000e+00 7.158906e-01
-1.96 8.500000e+00 7.158906e-01
-1.96 9.000000e+00 7.158906e-01
-1.96 9.500000e+00 7.158906e-01
-1.96 1.000000e+01 7.158906e-01
-1.96 1.050000e+01 7.158906e-01
-1.96 1.100000e+01 7.158906e-01
-1.96 1.150000e+01 7.158906e-01
-1.96 1.200000e+01 7.158906e-01
-1.96 1.250000e+01 7.158906e-01
-1.96 1.300000e+01 7.158906e-01
-1.96 1.350000e+01 7.158906e-01
-1.96 1.400000e+01 7.157845e-01

-1.95 7.000000e+00 7.103897e-01
-1.95 7.500000e+00 7.106117e-01
-1.95 8.000000e+00 7.106117e-01
-1.95 8.500000e+00 7.106117e-01
-1.95 9.000000e+00 7.106117e-01
-1.95 9.500000e+00 7.106117e-01
-1.95 1.000000e+01 7.106117e-01
-1.95 1.050000e+01 7.106117e-01
-1.95 1.100000e+01 7.106117e-01
-1.95 1.150000e+01 7.106117e-01
-1.95 1.200000e+01 7.106117e-01
-1.95 1.250000e+01 7.106117e-01
-1.95 1.300000e+01 7.106117e-01
-1.95 1.350000e+01 7.106117e-01
-1.95 1.400000e+01 7.103897e-01

-1.94 7.000000e+00 7.051664e-01
-1.94 7.500000e+00 7.053258e-01
-1.94 8.000000e+00 7.053258e-01
-1.94 8.500000e+00 7.053258e-01
-1.94 9.000000e+00 7.053258e-01
-1.94 9.500000e+00 7.053258e-01
-1.94 1.000000e+01 7.053258e-01
-1.94 1.050000e+01 7.053258e-01
-1.94 1.100000e+01 7.053258e-01
-1.94 1.150000e+01 7.053258e-01
-1.94 1.200000e+01 7.053258e-01
-1.94 1.250000e+01 7.053258e-01
-1.94 1.300000e+01 7.053258e-01
-1.94 1.350000e+01 7.053258e-01
-1.94 1.400000e+01 7.051664e-01

-1.93 7.000000e+00 7.012001e-01
-1.93 7.500000e+00 7.000334e-01
-1.93 8.000000e+00 7.000334e-01
-1.93 8.500000e+00 7.000334e-01
-1.93 9.000000e+00 7.000334e-01
-1.93 9.500000e+00 7.000334e-01
-1.93 1.000000e+01 7.000334e-01
-1.93 1.050000e+01 7.000334e-01
-1.93 1.100000e+01 7.000334e-01
-1.93 1.150000e+01 7.000334e-01
-1.93 1.200000e+01 7.000334e-01
-1.93 1.250000e+01 7.000334e-01
-1.93 1.300000e+01 7.000334e-01
-1.93 1.350000e+01 7.000334e-01
-1.93 1.400000e+01 7.012001e-01

-1.92 7.000000e+00 6.925960e-01
-1.92 7.500000e+00 6.947349e-01
-1.92 8.000000e+00 6.947349e-01
-1.92 8.500000e+00 6.947349e-01
-1.92 9.000000e+00 6.947349e-01
-1.92 9.500000e+00 6.947349e-01
-1.92 1.000000e+01 6.947349e-01
-1.92 1.050000e+01 6.947349e-01
-1.92 1.100000e+01 6.947349e-01
-1.92 1.150000e+01 6.947349e-01
-1.92 1.200000e+01 6.947349e-01
-1.92 1.250000e+01 6.947349e-01
-1.92 1.300000e+01 6.947349e-01
-1.92 1.350000e+01 6.947349e-01
-1.92 1.400000e+01 6.925960e-01

-1.91 7.000000e+00 6.891905e-01
-1.91 7.500000e+00 6.894305e-01
-1.91 8.000000e+00 6.894305e-01
-1.91 8.500000e+00 6.894305e-01
-1.91 9.000000e+00 6.894305e-01
-1.91 9.500000e+00 6.894305e-01
-1.91 1.000000e+01 6.894305e-01
-1.91 1.050000e+01 6.894305e-01
-1.91 1.100000e+01 6.894305e-01
-1.91 1.150000e+01 6.894305e-01
-1.91 1.200000e+01 6.894305e-01
-1.91 1.250000e+01 6.894305e-01
-1.91 1.300000e+01 6.894305e-01
-1.91 1.350000e+01 6.894305e-01
-1.91 1.400000e+01 6.891905e-01

-1.90 7.000000e+00 6.832202e-01
-1.90 7.500000e+00 6.841207e-01
-1.90 8.000000e+00 6.841207e-01
-1.90 8.500000e+00 6.841207e-01
-1.90 9.000000e+00 6.841207e-01
-1.90 9.500000e+00 6.841207e-01
-1.90 1.000000e+01 6.841207e-01
-1.90 1.050000e+01 6.841207e-01
-1.90 1.100000e+01 6.841207e-01
-1.90 1.150000e+01 6.841207e-01
-1.90 1.200000e+01 6.841207e-01
-1.90 1.250000e+01 6.841207e-01
-1.90 1.300000e+01 6.841207e-01
-1.90 1.350000e+01 6.841207e-01
-1.90 1.400000e+01 6.832202e-01

-1.89 7.000000e+00 6.785118e-01
-1.89 7.500000e+00 6.788057e-01
-1.89 8.000000e+00 6.788057e-01
-1.89 8.500000e+00 6.788057e-01
-1.89 9.000000e+00 6.788057e-01
-1.89 9.500000e+00 6.788057e-01
-1.89 1.000000e+01 6.788057e-01
-1.89 1.050000e+01 6.788057e-01
-1.89 1.100000e+01 6.788057e-01
-1.89 1.150000e+01 6.788057e-01
-1.89 1.200000e+01 6.788057e-01
-1.89 1.250000e+01 6.788057e-01
-1.89 1.300000e+01 6.788057e-01
-1.89 1.350000e+01 6.788057e-01
-1.89 1.400000e+01 6.785118e-01

-1.88 7.000000e+00 6.747382e-01
-1.88 7.500000e+00 6.734861e-01
-1.88 8.000000e+00 6.734861e-01
-1.88 8.500000e+00 6.734861e-01
-1.88 9.000000e+00 6.734861e-01
-1.88 9.500000e+00 6.734861e-01
-1.88 1.000000e+01 6.734861e-01
-1.88 1.050000e+01 6.734861e-01
-1.88 1.100000e+01 6.734861e-01
-1.88 1.150000e+01 6.734861e-01
-1.88 1.200000e+01 6.734861e-01
-1.88 1.250000e+01 6.734861e-01
-1.88 1.300000e+01 6.734861e-01
-1.88 1.350000e+01 6.734861e-01
-1.88 1.400000e+01 6.747382e-01

-1.87 7.000000e+00 6.657894e-01
-1.87 7.500000e+00 6.681620e-01
-1.87 8.000000e+00 6.681620e-01
-1.87 8.500000e+00 6.681620e-01
-1.87 9.000000e+00 6.681620e-01
-1.87 9.500000e+00 6.681620e-01
-1.87 1.000000e+01 6.681620e-01
-1.87 1.050000e+01 6.681620e-01
-1.87 1.100000e+01 6.681620e-01
-1.87 1.150000e+01 6.681620e-01
-1.87 1.200000e+01 6.681620e-01
-1.87 1.250000e+01 6.681620e-01
-1.87 1.300000e+01 6.681620e-01
-1.87 1.350000e+01 6.681620e-01
-1.87 1.400000e+01 6.657894e-01

-1.86 7.000000e+00 6.624588e-01
-1.86 7.500000e+00 6.628338e-01
-1.86 8.000000e+00 6.628338e-01
-1.86 8.500000e+00 6.628338e-01
-1.86 9.000000e+00 6.628338e-01
-1.86 9.500000e+00 6.628338e-01
-1.86 1.000000e+01 6.628338e-01
-1.86 1.050000e+01 6.628338e-01
-1.86 1.100000e+01 6.628338e-01
-1.86 1.150000e+01 6.628338e-01
-1.86 1.200000e+01 6.628338e-01
-1.86 1.250000e+01 6.628338e-01
-1.86 1.300000e+01 6.628338e-01
-1.86 1.350000e+01 6.628338e-01
-1.86 1.400000e+01 6.624588e-01

-1.85 7.000000e+00 6.568294e-01
-1.85 7.500000e+00 6.575018e-01
-1.85 8.000000e+00 6.575018e-01
-1.85 8.500000e+00 6.575018e-01
-1.85 9.000000e+00 6.575018e-01
-1.85 9.500000e+00 6.575018e-01
-1.85 1.000000e+01 6.575018e-01
-1.85 1.050000e+01 6.575018e-01
-1.85 1.100000e+01 6.575018e-01
-1.85 1.150000e+01 6.575018e-01
-1.85 1.200000e+01 6.575018e-01
-1.85 1.250000e+01 6.575018e-01
-1.85 1.300000e+01 6.575018e-01
-1.85 1.350000e+01 6.575018e-01
-1.85 1.400000e+01 6.568294e-01

-1.84 7.000000e+00 6.517371e-01
-1.84 7.500000e+00 6.521663e-01
-1.84 8.000000e+00 6.521663e-01
-1.84 8.500000e+00 6.521663e-01
-1.84 9.000000e+00 6.521663e-01
-1.84 9.500000e+00 6.521663e-01
-1.84 1.000000e+01 6.521663e-01
-1.84 1.050000e+01 6.521663e-01
-1.84 1.100000e+01 6.521663e-01
-1.84 1.150000e+01 6.521663e-01
-1.84 1.200000e+01 6.521663e-01
-1.84 1.250000e+01 6.521663e-01
-1.84 1.300000e+01 6.521663e-01
-1.84 1.350000e+01 6.521663e-01
-1.84 1.400000e+01 6.517371e-01

-1.83 7.000000e+00 6.470991e-01
-1.83 7.500000e+00 6.468276e-01
-1.83 8.000000e+00 6.468276e-01
-1.83 8.500000e+00 6.468276e-01
-1.83 9.000000e+00 6.468276e-01
-1.83 9.500000e+00 6.468276e-01
-1.83 1.000000e+01 6.468276e-01
-1.83 1.050000e+01 6.468276e-01
-1.83 1.100000e+01 6.468276e-01
-1.83 1.150000e+01 6.468276e-01
-1.83 1.200000e+01 6.468276e-01
-1.83 1.250000e+01 6.468276e-01
-1.83 1.300000e+01 6.468276e-01
-1.83 1.350000e+01 6.468276e-01
-1.83 1.400000e+01 6.470991e-01

-1.82 7.000000e+00 6.388815e-01
-1.82 7.500000e+00 6.414859e-01
-1.82 8.000000e+00 6.414859e-01
-1.82 8.500000e+00 6.414859e-01
-1.82 9.000000e+00 6.414859e-01
-1.82 9.500000e+00 6.414859e-01
-1.82 1.000000e+01 6.414859e-01
-1.82 1.050000e+01 6.414859e-01
-1.82 1.100000e+01 6.414859e-01
-1.82 1.150000e+01 6.414859e-01
-1.82 1.200000e+01 6.414859e-01
-1.82 1.250000e+01 6.414859e-01
-1.82 1.300000e+01 6.414859e-01
-1.82 1.350000e+01 6.414859e-01
-1.82 1.400000e+01 6.388815e-01

-1.81 7.000000e+00 6.356313e-01
-1.81 7.500000e+00 6.361417e-01
-1.81 8.000000e+00 6.361417e-01
-1.81 8.500000e+00 6.361417e-01
-1.81 9.000000e+00 6.361417e-01
-1.81 9.500000e+00 6.361417e-01
-1.81 1.000000e+01 6.361417e-01
-1.81 1.050000e+01 6.361417e-01
-1.81 1.100000e+01 6.361417e-01
-1.81 1.150000e+01 6.361417e-01
-1.81 1.200000e+01 6.361417e-01
-1.81 1.250000e+01 6.361417e-01
-1.81 1.300000e+01 6.361417e-01
-1.81 1.350000e+01 6.361417e-01
-1.81 1.400000e+01 6.356313e-01

-1.80 7.000000e+00 6.289822e-01
-1.80 7.500000e+00 6.307951e-01
-1.80 8.000000e+00 6.307951e-01
-1.80 8.500000e+00 6.307951e-01
-1.80 9.000000e+00 6.307951e-01
-1.80 9.500000e+00 6.307951e-01
-1.80 1.000000e+01 6.307951e-01
-1.80 1.050000e+01 6.307951e-01
-1.80 1.100000e+01 6.307951e-01
-1.80 1.150000e+01 6.307951e-01
-1.80 1.200000e+01 6.307951e-01
-1.80 1.250000e+01 6.307951e-01
-1.80 1.300000e+01 6.307951e-01
-1.80 1.350000e+01 6.307951e-01
-1.80 1.400000e+01 6.289822e-01

-1.79 7.000000e+00 6.248818e-01
-1.79 7.500000e+00 6.254464e-01
-1.79 8.000000e+00 6.254464e-01
-1.79 8.500000e+00 6.254464e-01
-1.79 9.000000e+00 6.254464e-01
-1.79 9.500000e+00 6.254464e-01
-1.79 1.000000e+01 6.254464e-01
-1.79 1.050000e+01 6.254464e-01
-1.79 1.100000e+01 6.254464e-01
-1.79 1.150000e+01 6.254464e-01
-1.79 1.200000e+01 6.254464e-01
-1.79 1.250000e+01 6.254464e-01
-1.79 1.300000e+01 6.254464e-01
-1.79 1.350000e+01 6.254464e-01
-1.79 1.400000e+01 6.248818e-01

-1.78 7.000000e+00 6.209053e-01
-1.78 7.500000e+00 6.200959e-01
-1.78 8.000000e+00 6.200959e-01
-1.78 8.500000e+00 6.200959e-01
-1.78 9.000000e+00 6.200959e-01
-1.78 9.500000e+00 6.200959e-01
-1.78 1.000000e+01 6.200959e-01
-1.78 1.050000e+01 6.200959e-01
-1.78 1.100000e+01 6.200959e-01
-1.78 1.150000e+01 6.200959e-01
-1.78 1.200000e+01 6.200959e-01
-1.78 1.250000e+01 6.200959e-01
-1.78 1.300000e+01 6.200959e-01
-1.78 1.350000e+01 6.200959e-01
-1.78 1.400000e+01 6.209053e-01

-1.77 7.000000e+00 6.141251e-01
-1.77 7.500000e+00 6.147438e-01
-1.77 8.000000e+00 6.147438e-01
-1.77 8.500000e+00 6.147438e-01
-1.77 9.000000e+00 6.147438e-01
-1.77 9.500000e+00 6.147438e-01
-1.77 1.000000e+01 6.147438e-01
-1.77 1.050000e+01 6.147438e-01
-1.77 1.100000e+01 6.147438e-01
-1.77 1.150000e+01 6.147438e-01
-1.77 1.200000e+01 6.147438e-01
-1.77 1.250000e+01 6.147438e-01
-1.77 1.300000e+01 6.147438e-01
-1.77 1.350000e+01 6.147438e-01
-1.77 1.400000e+01 6.141251e-01

-1.76 7.000000e+00 6.108423e-01
-1.76 7.500000e+00 6.093904e-01
-1.76 8.000000e+00 6.093904e-01
-1.76 8.500000e+00 6.093904e-01
-1.76 9.000000e+00 6.093904e-01
-1.76 9.500000e+00 6.093904e-01
-1.76 1.000000e+01 6.093904e-01
-1.76 1.050000e+01 6.093904e-01
-1.76 1.100000e+01 6.093904e-01
-1.76 1.150000e+01 6.093904e-01
-1.76 1.200000e+01 6.093904e-01
-1.76 1.250000e+01 6.093904e-01
-1.76 1.300000e+01 6.093904e-01
-1.76 1.350000e+01 6.093904e-01
-1.76 1.400000e+01 6.108423e-01

-1.75 7.000000e+00 6.029109e-01
-1.75 7.500000e+00 6.040359e-01
-1.75 8.000000e+00 6.040359e-01
-1.75 8.500000e+00 6.040359e-01
-1.75 9.000000e+00 6.040359e-01
-1.75 9.500000e+00 6.040359e-01
-1.75 1.000000e+01 6.040359e-01
-1.75 1.050000e+01 6.040359e-01
-1.75 1.100000e+01 6.040359e-01
-1.75 1.150000e+01 6.040359e-01
-1.75 1.200000e+01 6.040359e-01
-1.75 1.250000e+01 6.040359e-01
-1.75 1.300000e+01 6.040359e-01
-1.75 1.350000e+01 6.040359e-01
-1.75 1.400000e+01 6.029109e-01

-1.74 7.000000e+00 5.979809e-01
-1.74 7.500000e+00 5.986806e-01
-1.74 8.000000e+00 5.986806e-01
-1.74 8.500000e+00 5.986806e-01
-1.74 9.000000e+00 5.986806e-01
-1.74 9.500000e+00 5.986806e-01
-1.74 1.000000e+01 5.986806e-01
-1.74 1.050000e+01 5.986806e-01
-1.74 1.100000e+01 5.986806e-01
-1.74 1.150000e+01 5.986806e-01
-1.74 1.200000e+01 5.986806e-01
-1.74 1.250000e+01 5.986806e-01
-1.74 1.300000e+01 5.986806e-01
-1.74 1.350000e+01 5.986806e-01
-1.74 1.400000e+01 5.979809e-01

-1.73 7.000000e+00 5.926893e-01
-1.73 7.500000e+00 5.933248e-01
-1.73 8.000000e+00 5.933248e-01
-1.73 8.500000e+00 5.933248e-01
-1.73 9.000000e+00 5.933248e-01
-1.73 9.500000e+00 5.933248e-01
-1.73 1.000000e+01 5.933248e-01
-1.73 1.050000e+01 5.933248e-01
-1.73 1.100000e+01 5.933248e-01
-1.73 1.150000e+01 5.933248e-01
-1.73 1.200000e+01 5.933248e-01
-1.73 1.250000e+01 5.933248e-01
-1.73 1.300000e+01 5.933248e-01
-1.73 1.350000e+01 5.933248e-01
-1.73 1.400000e+01 5.926893e-01

-1.72 7.000000e+00 5.872150e-01
-1.72 7.500000e+00 5.879686e-01
-1.72 8.000000e+00 5.879686e-01
-1.72 8.500000e+00 5.879686e-01
-1.72 9.000000e+00 5.879686e-01
-1.72 9.500000e+00 5.879686e-01
-1.72 1.000000e+01 5.879686e-01
-1.72 1.050000e+01 5.879686e-01
-1.72 1.100000e+01 5.879686e-01
-1.72 1.150000e+01 5.879686e-01
-1.72 1.200000e+01 5.879686e-01
-1.72 1.250000e+01 5.879686e-01
-1.72 1.300000e+01 5.879686e-01
-1.72 1.350000e+01 5.879686e-01
-1.72 1.400000e+01 5.872150e-01

-1.71 7.000000e+00 5.849079e-01
-1.71 7.500000e+00 5.826124e-01
-1.71 8.000000e+00 5.826124e-01
-1.71 8.500000e+00 5.826124e-01
-1.71 9.000000e+00 5.826124e-01
-1.71 9.500000e+00 5.826124e-01
-1.71 1.000000e+01 5.826124e-01
-1.71 1.050000e+01 5.826124e-01
-1.71 1.100000e+01 5.826124e-01
-1.71 1.150000e+01 5.826124e-01
-1.71 1.200000e+01 5.826124e-01
-1.71 1.250000e+01 5.826124e-01
-1.71 1.300000e+01 5.826124e-01
-1.71 1.350000e+01 5.826124e-01
-1.71 1.400000e+01 5.849079e-01

-1.70 7.000000e+00 5.759060e-01
-1.70 7.500000e+00 5.772562e-01
-1.70 8.000000e+00 5.772562e-01
-1.70 8.500000e+00 5.772562e-01
-1.70 9.000000e+00 5.772562e-01
-1.70 9.500000e+00 5.772562e-01
-1.70 1.000000e+01 5.772562e-01
-1.70 1.050000e+01 5.772562e-01
-1.70 1.100000e+01 5.772562e-01
-1.70 1.150000e+01 5.772562e-01
-1.70 1.200000e+01 5.772562e-01
-1.70 1.250000e+01 5.772562e-01
-1.70 1.300000e+01 5.772562e-01
-1.70 1.350000e+01 5.772562e-01
-1.70 1.400000e+01 5.759060e-01

-1.69 7.000000e+00 5.710662e-01
-1.69 7.500000e+00 5.719005e-01
-1.69 8.000000e+00 5.719005e-01
-1.69 8.500000e+00 5.719005e-01
-1.69 9.000000e+00 5.719005e-01
-1.69 9.500000e+00 5.719005e-01
-1.69 1.000000e+01 5.719005e-01
-1.69 1.050000e+01 5.719005e-01
-1.69 1.100000e+01 5.719005e-01
-1.69 1.150000e+01 5.719005e-01
-1.69 1.200000e+01 5.719005e-01
-1.69 1.250000e+01 5.719005e-01
-1.69 1.300000e+01 5.719005e-01
-1.69 1.350000e+01 5.719005e-01
-1.69 1.400000e+01 5.710662e-01

-1.68 7.000000e+00 5.669053e-01
-1.68 7.500000e+00 5.665453e-01
-1.68 8.000000e+00 5.665453e-01
-1.68 8.500000e+00 5.665453e-01
-1.68 9.000000e+00 5.665453e-01
-1.68 9.500000e+00 5.665453e-01
-1.68 1.000000e+01 5.665453e-01
-1.68 1.050000e+01 5.665453e-01
-1.68 1.100000e+01 5.665453e-01
-1.68 1.150000e+01 5.665453e-01
-1.68 1.200000e+01 5.665453e-01
-1.68 1.250000e+01 5.665453e-01
-1.68 1.300000e+01 5.665453e-01
-1.68 1.350000e+01 5.665453e-01
-1.68 1.400000e+01 5.669053e-01

-1.67 7.000000e+00 5.603031e-01
-1.67 7.500000e+00 5.611909e-01
-1.67 8.000000e+00 5.611909e-01
-1.67 8.500000e+00 5.611909e-01
-1.67 9.000000e+00 5.611909e-01
-1.67 9.500000e+00 5.611909e-01
-1.67 1.000000e+01 5.611909e-01
-1.67 1.050000e+01 5.611909e-01
-1.67 1.100000e+01 5.611909e-01
-1.67 1.150000e+01 5.611909e-01
-1.67 1.200000e+01 5.611909e-01
-1.67 1.250000e+01 5.611909e-01
-1.67 1.300000e+01 5.611909e-01
-1.67 1.350000e+01 5.611909e-01
-1.67 1.400000e+01 5.603031e-01

-1.66 7.000000e+00 5.563820e-01
-1.66 7.500000e+00 5.558377e-01
-1.66 8.000000e+00 5.558377e-01
-1.66 8.500000e+00 5.558377e-01
-1.66 9.000000e+00 5.558377e-01
-1.66 9.500000e+00 5.558377e-01
-1.66 1.000000e+01 5.558377e-01
-1.66 1.050000e+01 5.558377e-01
-1.66 1.100000e+01 5.558377e-01
-1.66 1.150000e+01 5.558377e-01
-1.66 1.200000e+01 5.558377e-01
-1.66 1.250000e+01 5.558377e-01
-1.66 1.300000e+01 5.558377e-01
-1.66 1.350000e+01 5.558377e-01
-1.66 1.400000e+01 5.563820e-01

-1.65 7.000000e+00 5.489118e-01
-1.65 7.500000e+00 5.504856e-01
-1.65 8.000000e+00 5.504856e-01
-1.65 8.500000e+00 5.504856e-01
-1.65 9.000000e+00 5.504856e-01
-1.65 9.500000e+00 5.504856e-01
-1.65 1.000000e+01 5.504856e-01
-1.65 1.050000e+01 5.504856e-01
-1.65 1.100000e+01 5.504856e-01
-1.65 1.150000e+01 5.504856e-01
-1.65 1.200000e+01 5.504856e-01
-1.65 1.250000e+01 5.504856e-01
-1.65 1.300000e+01 5.504856e-01
-1.65 1.350000e+01 5.504856e-01
-1.65 1.400000e+01 5.489118e-01

-1.64 7.000000e+00 5.441674e-01
-1.64 7.500000e+00 5.451351e-01
-1.64 8.000000e+00 5.451351e-01
-1.64 8.500000e+00 5.451351e-01
-1.64 9.000000e+00 5.451351e-01
-1.64 9.500000e+00 5.451351e-01
-1.64 1.000000e+01 5.451351e-01
-1.64 1.050000e+01 5.451351e-01
-1.64 1.100000e+01 5.451351e-01
-1.64 1.150000e+01 5.451351e-01
-1.64 1.200000e+01 5.451351e-01
-1.64 1.250000e+01 5.451351e-01
-1.64 1.300000e+01 5.451351e-01
-1.64 1.350000e+01 5.451351e-01
-1.64 1.400000e+01 5.441674e-01

-1.63 7.000000e+00 5.382455e-01
-1.63 7.500000e+00 5.397863e-01
-1.63 8.000000e+00 5.397863e-01
-1.63 8.500000e+00 5.397863e-01
-1.63 9.000000e+00 5.397863e-01
-1.63 9.500000e+00 5.397863e-01
-1.63 1.000000e+01 5.397863e-01
-1.63 1.050000e+01 5.397863e-01
-1.63 1.100000e+01 5.397863e-01
-1.63 1.150000e+01 5.397863e-01
-1.63 1.200000e+01 5.397863e-01
-1.63 1.250000e+01 5.397863e-01
-1.63 1.300000e+01 5.397863e-01
-1.63 1.350000e+01 5.397863e-01
-1.63 1.400000e+01 5.382455e-01

-1.62 7.000000e+00 5.334187e-01
-1.62 7.500000e+00 5.344394e-01
-1.62 8.000000e+00 5.344394e-01
-1.62 8.500000e+00 5.344394e-01
-1.62 9.000000e+00 5.344394e-01
-1.62 9.500000e+00 5.344394e-01
-1.62 1.000000e+01 5.344394e-01
-1.62 1.050000e+01 5.344394e-01
-1.62 1.100000e+01 5.344394e-01
-1.62 1.150000e+01 5.344394e-01
-1.62 1.200000e+01 5.344394e-01
-1.62 1.250000e+01 5.344394e-01
-1.62 1.300000e+01 5.344394e-01
-1.62 1.350000e+01 5.344394e-01
-1.62 1.400000e+01 5.334187e-01

-1.61 7.000000e+00 5.309359e-01
-1.61 7.500000e+00 5.290947e-01
-1.61 8.000000e+00 5.290947e-01
-1.61 8.500000e+00 5.290947e-01
-1.61 9.000000e+00 5.290947e-01
-1.61 9.500000e+00 5.290947e-01
-1.61 1.000000e+01 5.290947e-01
-1.61 1.050000e+01 5.290947e-01
-1.61 1.100000e+01 5.290947e-01
-1.61 1.150000e+01 5.290947e-01
-1.61 1.200000e+01 5.290947e-01
-1.61 1.250000e+01 5.290947e-01
-1.61 1.300000e+01 5.290947e-01
-1.61 1.350000e+01 5.290947e-01
-1.61 1.400000e+01 5.309359e-01

-1.60 7.000000e+00 5.219572e-01
-1.60 7.500000e+00 5.237524e-01
-1.60 8.000000e+00 5.237524e-01
-1.60 8.500000e+00 5.237524e-01
-1.60 9.000000e+00 5.237524e-01
-1.60 9.500000e+00 5.237524e-01
-1.60 1.000000e+01 5.237524e-01
-1.60 1.050000e+01 5.237524e-01
-1.60 1.100000e+01 5.237524e-01
-1.60 1.150000e+01 5.237524e-01
-1.60 1.200000e+01 5.237524e-01
-1.60 1.250000e+01 5.237524e-01
-1.60 1.300000e+01 5.237524e-01
-1.60 1.350000e+01 5.237524e-01
-1.60 1.400000e+01 5.219572e-01

-1.59 7.000000e+00 5.173128e-01
-1.59 7.500000e+00 5.184126e-01
-1.59 8.000000e+00 5.184126e-01
-1.59 8.500000e+00 5.184126e-01
-1.59 9.000000e+00 5.184126e-01
-1.59 9.500000e+00 5.184126e-01
-1.59 1.000000e+01 5.184126e-01
-1.59 1.050000e+01 5.184126e-01
-1.59 1.100000e+01 5.184126e-01
-1.59 1.150000e+01 5.184126e-01
-1.59 1.200000e+01 5.184126e-01
-1.59 1.250000e+01 5.184126e-01
-1.59 1.300000e+01 5.184126e-01
-1.59 1.350000e+01 5.184126e-01
-1.59 1.400000e+01 5.173128e-01

-1.58 7.000000e+00 5.129860e-01
-1.58 7.500000e+00 5.130757e-01
-1.58 8.000000e+00 5.130757e-01
-1.58 8.500000e+00 5.130757e-01
-1.58 9.000000e+00 5.130757e-01
-1.58 9.500000e+00 5.130757e-01
-1.58 1.000000e+01 5.130757e-01
-1.58 1.050000e+01 5.130757e-01
-1.58 1.100000e+01 5.130757e-01
-1.58 1.150000e+01 5.130757e-01
-1.58 1.200000e+01 5.130757e-01
-1.58 1.250000e+01 5.130757e-01
-1.58 1.300000e+01 5.130757e-01
-1.58 1.350000e+01 5.130757e-01
-1.58 1.400000e+01 5.129860e-01

-1.57 7.000000e+00 5.065897e-01
-1.57 7.500000e+00 5.077418e-01
-1.57 8.000000e+00 5.077418e-01
-1.57 8.500000e+00 5.077418e-01
-1.57 9.000000e+00 5.077418e-01
-1.57 9.500000e+00 5.077418e-01
-1.57 1.000000e+01 5.077418e-01
-1.57 1.050000e+01 5.077418e-01
-1.57 1.100000e+01 5.077418e-01
-1.57 1.150000e+01 5.077418e-01
-1.57 1.200000e+01 5.077418e-01
-1.57 1.250000e+01 5.077418e-01
-1.57 1.300000e+01 5.077418e-01
-1.57 1.350000e+01 5.077418e-01
-1.57 1.400000e+01 5.065897e-01

-1.56 7.000000e+00 5.020499e-01
-1.56 7.500000e+00 5.024112e-01
-1.56 8.000000e+00 5.024112e-01
-1.56 8.500000e+00 5.024112e-01
-1.56 9.000000e+00 5.024112e-01
-1.56 9.500000e+00 5.024112e-01
-1.56 1.000000e+01 5.024112e-01
-1.56 1.050000e+01 5.024112e-01
-1.56 1.100000e+01 5.024112e-01
-1.56 1.150000e+01 5.024112e-01
-1.56 1.200000e+01 5.024112e-01
-1.56 1.250000e+01 5.024112e-01
-1.56 1.300000e+01 5.024112e-01
-1.56 1.350000e+01 5.024112e-01
-1.56 1.400000e+01 5.020499e-01

-1.55 7.000000e+00 4.950705e-01
-1.55 7.500000e+00 4.970840e-01
-1.55 8.000000e+00 4.970840e-01
-1.55 8.500000e+00 4.970840e-01
-1.55 9.000000e+00 4.970840e-01
-1.55 9.500000e+00 4.970840e-01
-1.55 1.000000e+01 4.970840e-01
-1.55 1.050000e+01 4.970840e-01
-1.55 1.100000e+01 4.970840e-01
-1.55 1.150000e+01 4.970840e-01
-1.55 1.200000e+01 4.970840e-01
-1.55 1.250000e+01 4.970840e-01
-1.55 1.300000e+01 4.970840e-01
-1.55 1.350000e+01 4.970840e-01
-1.55 1.400000e+01 4.950705e-01

-1.54 7.000000e+00 4.905305e-01
-1.54 7.500000e+00 4.917605e-01
-1.54 8.000000e+00 4.917605e-01
-1.54 8.500000e+00 4.917605e-01
-1.54 9.000000e+00 4.917605e-01
-1.54 9.500000e+00 4.917605e-01
-1.54 1.000000e+01 4.917605e-01
-1.54 1.050000e+01 4.917605e-01
-1.54 1.100000e+01 4.917605e-01
-1.54 1.150000e+01 4.917605e-01
-1.54 1.200000e+01 4.917605e-01
-1.54 1.250000e+01 4.917605e-01
-1.54 1.300000e+01 4.917605e-01
-1.54 1.350000e+01 4.917605e-01
-1.54 1.400000e+01 4.905305e-01

-1.53 7.000000e+00 4.840080e-01
-1.53 7.500000e+00 4.864410e-01
-1.53 8.000000e+00 4.864410e-01
-1.53 8.500000e+00 4.864410e-01
-1.53 9.000000e+00 4.864410e-01
-1.53 9.500000e+00 4.864410e-01
-1.53 1.000000e+01 4.864410e-01
-1.53 1.050000e+01 4.864410e-01
-1.53 1.100000e+01 4.864410e-01
-1.53 1.150000e+01 4.864410e-01
-1.53 1.200000e+01 4.864410e-01
-1.53 1.250000e+01 4.864410e-01
-1.53 1.300000e+01 4.864410e-01
-1.53 1.350000e+01 4.864410e-01
-1.53 1.400000e+01 4.840080e-01

-1.52 7.000000e+00 4.798441e-01
-1.52 7.500000e+00 4.811256e-01
-1.52 8.000000e+00 4.811256e-01
-1.52 8.500000e+00 4.811256e-01
-1.52 9.000000e+00 4.811256e-01
-1.52 9.500000e+00 4.811256e-01
-1.52 1.000000e+01 4.811256e-01
-1.52 1.050000e+01 4.811256e-01
-1.52 1.100000e+01 4.811256e-01
-1.52 1.150000e+01 4.811256e-01
-1.52 1.200000e+01 4.811256e-01
-1.52 1.250000e+01 4.811256e-01
-1.52 1.300000e+01 4.811256e-01
-1.52 1.350000e+01 4.811256e-01
-1.52 1.400000e+01 4.798441e-01

-1.51 7.000000e+00 4.771976e-01
-1.51 7.500000e+00 4.758145e-01
-1.51 8.000000e+00 4.758145e-01
-1.51 8.500000e+00 4.758145e-01
-1.51 9.000000e+00 4.758145e-01
-1.51 9.500000e+00 4.758145e-01
-1.51 1.000000e+01 4.758145e-01
-1.51 1.050000e+01 4.758145e-01
-1.51 1.100000e+01 4.758145e-01
-1.51 1.150000e+01 4.758145e-01
-1.51 1.200000e+01 4.758145e-01
-1.51 1.250000e+01 4.758145e-01
-1.51 1.300000e+01 4.758145e-01
-1.51 1.350000e+01 4.758145e-01
-1.51 1.400000e+01 4.771976e-01

-1.50 7.000000e+00 4.682799e-01
-1.50 7.500000e+00 4.705081e-01
-1.50 8.000000e+00 4.705081e-01
-1.50 8.500000e+00 4.705081e-01
-1.50 9.000000e+00 4.705081e-01
-1.50 9.500000e+00 4.705081e-01
-1.50 1.000000e+01 4.705081e-01
-1.50 1.050000e+01 4.705081e-01
-1.50 1.100000e+01 4.705081e-01
-1.50 1.150000e+01 4.705081e-01
-1.50 1.200000e+01 4.705081e-01
-1.50 1.250000e+01 4.705081e-01
-1.50 1.300000e+01 4.705081e-01
-1.50 1.350000e+01 4.705081e-01
-1.50 1.400000e+01 4.682799e-01

-1.49 7.000000e+00 4.638485e-01
-1.49 7.500000e+00 4.652064e-01
-1.49 8.000000e+00 4.652064e-01
-1.49 8.500000e+00 4.652064e-01
-1.49 9.000000e+00 4.652064e-01
-1.49 9.500000e+00 4.652064e-01
-1.49 1.000000e+01 4.652064e-01
-1.49 1.050000e+01 4.652064e-01
-1.49 1.100000e+01 4.652064e-01
-1.49 1.150000e+01 4.652064e-01
-1.49 1.200000e+01 4.652064e-01
-1.49 1.250000e+01 4.652064e-01
-1.49 1.300000e+01 4.652064e-01
-1.49 1.350000e+01 4.652064e-01
-1.49 1.400000e+01 4.638485e-01

-1.48 7.000000e+00 4.593760e-01
-1.48 7.500000e+00 4.599099e-01
-1.48 8.000000e+00 4.599099e-01
-1.48 8.500000e+00 4.599099e-01
-1.48 9.000000e+00 4.599099e-01
-1.48 9.500000e+00 4.599099e-01
-1.48 1.000000e+01 4.599099e-01
-1.48 1.050000e+01 4.599099e-01
-1.48 1.100000e+01 4.599099e-01
-1.48 1.150000e+01 4.599099e-01
-1.48 1.200000e+01 4.599099e-01
-1.48 1.250000e+01 4.599099e-01
-1.48 1.300000e+01 4.599099e-01
-1.48 1.350000e+01 4.599099e-01
-1.48 1.400000e+01 4.593760e-01

-1.47 7.000000e+00 4.532102e-01
-1.47 7.500000e+00 4.546186e-01
-1.47 8.000000e+00 4.546186e-01
-1.47 8.500000e+00 4.546186e-01
-1.47 9.000000e+00 4.546186e-01
-1.47 9.500000e+00 4.546186e-01
-1.47 1.000000e+01 4.546186e-01
-1.47 1.050000e+01 4.546186e-01
-1.47 1.100000e+01 4.546186e-01
-1.47 1.150000e+01 4.546186e-01
-1.47 1.200000e+01 4.546186e-01
-1.47 1.250000e+01 4.546186e-01
-1.47 1.300000e+01 4.546186e-01
-1.47 1.350000e+01 4.546186e-01
-1.47 1.400000e+01 4.532102e-01

-1.46 7.000000e+00 4.480794e-01
-1.46 7.500000e+00 4.493328e-01
-1.46 8.000000e+00 4.493328e-01
-1.46 8.500000e+00 4.493328e-01
-1.46 9.000000e+00 4.493328e-01
-1.46 9.500000e+00 4.493328e-01
-1.46 1.000000e+01 4.493328e-01
-1.46 1.050000e+01 4.493328e-01
-1.46 1.100000e+01 4.493328e-01
-1.46 1.150000e+01 4.493328e-01
-1.46 1.200000e+01 4.493328e-01
-1.46 1.250000e+01 4.493328e-01
-1.46 1.300000e+01 4.493328e-01
-1.46 1.350000e+01 4.493328e-01
-1.46 1.400000e+01 4.480794e-01

-1.45 7.000000e+00 4.416144e-01
-1.45 7.500000e+00 4.440528e-01
-1.45 8.000000e+00 4.440528e-01
-1.45 8.500000e+00 4.440528e-01
-1.45 9.000000e+00 4.440528e-01
-1.45 9.500000e+00 4.440528e-01
-1.45 1.000000e+01 4.440528e-01
-1.45 1.050000e+01 4.440528e-01
-1.45 1.100000e+01 4.440528e-01
-1.45 1.150000e+01 4.440528e-01
-1.45 1.200000e+01 4.440528e-01
-1.45 1.250000e+01 4.440528e-01
-1.45 1.300000e+01 4.440528e-01
-1.45 1.350000e+01 4.440528e-01
-1.45 1.400000e+01 4.416144e-01

-1.44 7.000000e+00 4.372957e-01
-1.44 7.500000e+00 4.387788e-01
-1.44 8.000000e+00 4.387788e-01
-1.44 8.500000e+00 4.387788e-01
-1.44 9.000000e+00 4.387788e-01
-1.44 9.500000e+00 4.387788e-01
-1.44 1.000000e+01 4.387788e-01
-1.44 1.050000e+01 4.387788e-01
-1.44 1.100000e+01 4.387788e-01
-1.44 1.150000e+01 4.387788e-01
-1.44 1.200000e+01 4.387788e-01
-1.44 1.250000e+01 4.387788e-01
-1.44 1.300000e+01 4.387788e-01
-1.44 1.350000e+01 4.387788e-01
-1.44 1.400000e+01 4.372957e-01

-1.43 7.000000e+00 4.327590e-01
-1.43 7.500000e+00 4.335110e-01
-1.43 8.000000e+00 4.335110e-01
-1.43 8.500000e+00 4.335110e-01
-1.43 9.000000e+00 4.335110e-01
-1.43 9.500000e+00 4.335110e-01
-1.43 1.000000e+01 4.335110e-01
-1.43 1.050000e+01 4.335110e-01
-1.43 1.100000e+01 4.335110e-01
-1.43 1.150000e+01 4.335110e-01
-1.43 1.200000e+01 4.335110e-01
-1.43 1.250000e+01 4.335110e-01
-1.43 1.300000e+01 4.335110e-01
-1.43 1.350000e+01 4.335110e-01
-1.43 1.400000e+01 4.327590e-01

-1.42 7.000000e+00 4.267175e-01
-1.42 7.500000e+00 4.282497e-01
-1.42 8.000000e+00 4.282497e-01
-1.42 8.500000e+00 4.282497e-01
-1.42 9.000000e+00 4.282497e-01
-1.42 9.500000e+00 4.282497e-01
-1.42 1.000000e+01 4.282497e-01
-1.42 1.050000e+01 4.282497e-01
-1.42 1.100000e+01 4.282497e-01
-1.42 1.150000e+01 4.282497e-01
-1.42 1.200000e+01 4.282497e-01
-1.42 1.250000e+01 4.282497e-01
-1.42 1.300000e+01 4.282497e-01
-1.42 1.350000e+01 4.282497e-01
-1.42 1.400000e+01 4.267175e-01

-1.41 7.000000e+00 4.239219e-01
-1.41 7.500000e+00 4.229952e-01
-1.41 8.000000e+00 4.229952e-01
-1.41 8.500000e+00 4.229952e-01
-1.41 9.000000e+00 4.229952e-01
-1.41 9.500000e+00 4.229952e-01
-1.41 1.000000e+01 4.229952e-01
-1.41 1.050000e+01 4.229952e-01
-1.41 1.100000e+01 4.229952e-01
-1.41 1.150000e+01 4.229952e-01
-1.41 1.200000e+01 4.229952e-01
-1.41 1.250000e+01 4.229952e-01
-1.41 1.300000e+01 4.229952e-01
-1.41 1.350000e+01 4.229952e-01
-1.41 1.400000e+01 4.239219e-01

-1.40 7.000000e+00 4.161669e-01
-1.40 7.500000e+00 4.177476e-01
-1.40 8.000000e+00 4.177476e-01
-1.40 8.500000e+00 4.177476e-01
-1.40 9.000000e+00 4.177476e-01
-1.40 9.500000e+00 4.177476e-01
-1.40 1.000000e+01 4.177476e-01
-1.40 1.050000e+01 4.177476e-01
-1.40 1.100000e+01 4.177476e-01
-1.40 1.150000e+01 4.177476e-01
-1.40 1.200000e+01 4.177476e-01
-1.40 1.250000e+01 4.177476e-01
-1.40 1.300000e+01 4.177476e-01
-1.40 1.350000e+01 4.177476e-01
-1.40 1.400000e+01 4.161669e-01

-1.39 7.000000e+00 4.124186e-01
-1.39 7.500000e+00 4.125073e-01
-1.39 8.000000e+00 4.125073e-01
-1.39 8.500000e+00 4.125073e-01
-1.39 9.000000e+00 4.125073e-01
-1.39 9.500000e+00 4.125073e-01
-1.39 1.000000e+01 4.125073e-01
-1.39 1.050000e+01 4.125073e-01
-1.39 1.100000e+01 4.125073e-01
-1.39 1.150000e+01 4.125073e-01
-1.39 1.200000e+01 4.125073e-01
-1.39 1.250000e+01 4.125073e-01
-1.39 1.300000e+01 4.125073e-01
-1.39 1.350000e+01 4.125073e-01
-1.39 1.400000e+01 4.124186e-01

-1.38 7.000000e+00 4.063080e-01
-1.38 7.500000e+00 4.072745e-01
-1.38 8.000000e+00 4.072745e-01
-1.38 8.500000e+00 4.072745e-01
-1.38 9.000000e+00 4.072745e-01
-1.38 9.500000e+00 4.072745e-01
-1.38 1.000000e+01 4.072745e-01
-1.38 1.050000e+01 4.072745e-01
-1.38 1.100000e+01 4.072745e-01
-1.38 1.150000e+01 4.072745e-01
-1.38 1.200000e+01 4.072745e-01
-1.38 1.250000e+01 4.072745e-01
-1.38 1.300000e+01 4.072745e-01
-1.38 1.350000e+01 4.072745e-01
-1.38 1.400000e+01 4.063080e-01

-1.37 7.000000e+00 4.003971e-01
-1.37 7.500000e+00 4.020496e-01
-1.37 8.000000e+00 4.020496e-01
-1.37 8.500000e+00 4.020496e-01
-1.37 9.000000e+00 4.020496e-01
-1.37 9.500000e+00 4.020496e-01
-1.37 1.000000e+01 4.020496e-01
-1.37 1.050000e+01 4.020496e-01
-1.37 1.100000e+01 4.020496e-01
-1.37 1.150000e+01 4.020496e-01
-1.37 1.200000e+01 4.020496e-01
-1.37 1.250000e+01 4.020496e-01
-1.37 1.300000e+01 4.020496e-01
-1.37 1.350000e+01 4.020496e-01
-1.37 1.400000e+01 4.003971e-01

-1.36 7.000000e+00 3.947128e-01
-1.36 7.500000e+00 3.968326e-01
-1.36 8.000000e+00 3.968326e-01
-1.36 8.500000e+00 3.968326e-01
-1.36 9.000000e+00 3.968326e-01
-1.36 9.500000e+00 3.968326e-01
-1.36 1.000000e+01 3.968326e-01
-1.36 1.050000e+01 3.968326e-01
-1.36 1.100000e+01 3.968326e-01
-1.36 1.150000e+01 3.968326e-01
-1.36 1.200000e+01 3.968326e-01
-1.36 1.250000e+01 3.968326e-01
-1.36 1.300000e+01 3.968326e-01
-1.36 1.350000e+01 3.968326e-01
-1.36 1.400000e+01 3.947128e-01

-1.35 7.000000e+00 3.899246e-01
-1.35 7.500000e+00 3.916240e-01
-1.35 8.000000e+00 3.916240e-01
-1.35 8.500000e+00 3.916240e-01
-1.35 9.000000e+00 3.916240e-01
-1.35 9.500000e+00 3.916240e-01
-1.35 1.000000e+01 3.916240e-01
-1.35 1.050000e+01 3.916240e-01
-1.35 1.100000e+01 3.916240e-01
-1.35 1.150000e+01 3.916240e-01
-1.35 1.200000e+01 3.916240e-01
-1.35 1.250000e+01 3.916240e-01
-1.35 1.300000e+01 3.916240e-01
-1.35 1.350000e+01 3.916240e-01
-1.35 1.400000e+01 3.899246e-01

-1.34 7.000000e+00 3.887826e-01
-1.34 7.500000e+00 3.864240e-01
-1.34 8.000000e+00 3.864240e-01
-1.34 8.500000e+00 3.864240e-01
-1.34 9.000000e+00 3.864240e-01
-1.34 9.500000e+00 3.864240e-01
-1.34 1.000000e+01 3.864240e-01
-1.34 1.050000e+01 3.864240e-01
-1.34 1.100000e+01 3.864240e-01
-1.34 1.150000e+01 3.864240e-01
-1.34 1.200000e+01 3.864240e-01
-1.34 1.250000e+01 3.864240e-01
-1.34 1.300000e+01 3.864240e-01
-1.34 1.350000e+01 3.864240e-01
-1.34 1.400000e+01 3.887826e-01

-1.33 7.000000e+00 3.800564e-01
-1.33 7.500000e+00 3.812329e-01
-1.33 8.000000e+00 3.812329e-01
-1.33 8.500000e+00 3.812329e-01
-1.33 9.000000e+00 3.812329e-01
-1.33 9.500000e+00 3.812329e-01
-1.33 1.000000e+01 3.812329e-01
-1.33 1.050000e+01 3.812329e-01
-1.33 1.100000e+01 3.812329e-01
-1.33 1.150000e+01 3.812329e-01
-1.33 1.200000e+01 3.812329e-01
-1.33 1.250000e+01 3.812329e-01
-1.33 1.300000e+01 3.812329e-01
-1.33 1.350000e+01 3.812329e-01
-1.33 1.400000e+01 3.800564e-01

-1.32 7.000000e+00 3.742825e-01
-1.32 7.500000e+00 3.760510e-01
-1.32 8.000000e+00 3.760510e-01
-1.32 8.500000e+00 3.760510e-01
-1.32 9.000000e+00 3.760510e-01
-1.32 9.500000e+00 3.760510e-01
-1.32 1.000000e+01 3.760510e-01
-1.32 1.050000e+01 3.760510e-01
-1.32 1.100000e+01 3.760510e-01
-1.32 1.150000e+01 3.760510e-01
-1.32 1.200000e+01 3.760510e-01
-1.32 1.250000e+01 3.760510e-01
-1.32 1.300000e+01 3.760510e-01
-1.32 1.350000e+01 3.760510e-01
-1.32 1.400000e+01 3.742825e-01

-1.31 7.000000e+00 3.713563e-01
-1.31 7.500000e+00 3.708786e-01
-1.31 8.000000e+00 3.708786e-01
-1.31 8.500000e+00 3.708786e-01
-1.31 9.000000e+00 3.708786e-01
-1.31 9.500000e+00 3.708786e-01
-1.31 1.000000e+01 3.708786e-01
-1.31 1.050000e+01 3.708786e-01
-1.31 1.100000e+01 3.708786e-01
-1.31 1.150000e+01 3.708786e-01
-1.31 1.200000e+01 3.708786e-01
-1.31 1.250000e+01 3.708786e-01
-1.31 1.300000e+01 3.708786e-01
-1.31 1.350000e+01 3.708786e-01
-1.31 1.400000e+01 3.713563e-01

-1.30 7.000000e+00 3.639024e-01
-1.30 7.500000e+00 3.657160e-01
-1.30 8.000000e+00 3.657160e-01
-1.30 8.500000e+00 3.657160e-01
-1.30 9.000000e+00 3.657160e-01
-1.30 9.500000e+00 3.657160e-01
-1.30 1.000000e+01 3.657160e-01
-1.30 1.050000e+01 3.657160e-01
-1.30 1.100000e+01 3.657160e-01
-1.30 1.150000e+01 3.657160e-01
-1.30 1.200000e+01 3.657160e-01
-1.30 1.250000e+01 3.657160e-01
-1.30 1.300000e+01 3.657160e-01
-1.30 1.350000e+01 3.657160e-01
-1.30 1.400000e+01 3.639024e-01

-1.29 7.000000e+00 3.596040e-01
-1.29 7.500000e+00 3.605635e-01
-1.29 8.000000e+00 3.605635e-01
-1.29 8.500000e+00 3.605635e-01
-1.29 9.000000e+00 3.605635e-01
-1.29 9.500000e+00 3.605635e-01
-1.29 1.000000e+01 3.605635e-01
-1.29 1.050000e+01 3.605635e-01
-1.29 1.100000e+01 3.605635e-01
-1.29 1.150000e+01 3.605635e-01
-1.29 1.200000e+01 3.605635e-01
-1.29 1.250000e+01 3.605635e-01
-1.29 1.300000e+01 3.605635e-01
-1.29 1.350000e+01 3.605635e-01
-1.29 1.400000e+01 3.596040e-01

-1.28 7.000000e+00 3.540405e-01
-1.28 7.500000e+00 3.554214e-01
-1.28 8.000000e+00 3.554214e-01
-1.28 8.500000e+00 3.554214e-01
-1.28 9.000000e+00 3.554214e-01
-1.28 9.500000e+00 3.554214e-01
-1.28 1.000000e+01 3.554214e-01
-1.28 1.050000e+01 3.554214e-01
-1.28 1.100000e+01 3.554214e-01
-1.28 1.150000e+01 3.554214e-01
-1.28 1.200000e+01 3.554214e-01
-1.28 1.250000e+01 3.554214e-01
-1.28 1.300000e+01 3.554214e-01
-1.28 1.350000e+01 3.554214e-01
-1.28 1.400000e+01 3.540405e-01

-1.27 7.000000e+00 3.484105e-01
-1.27 7.500000e+00 3.502901e-01
-1.27 8.000000e+00 3.502901e-01
-1.27 8.500000e+00 3.502901e-01
-1.27 9.000000e+00 3.502901e-01
-1.27 9.500000e+00 3.502901e-01
-1.27 1.000000e+01 3.502901e-01
-1.27 1.050000e+01 3.502901e-01
-1.27 1.100000e+01 3.502901e-01
-1.27 1.150000e+01 3.502901e-01
-1.27 1.200000e+01 3.502901e-01
-1.27 1.250000e+01 3.502901e-01
-1.27 1.300000e+01 3.502901e-01
-1.27 1.350000e+01 3.502901e-01
-1.27 1.400000e+01 3.484105e-01

-1.26 7.000000e+00 3.454278e-01
-1.26 7.500000e+00 3.451699e-01
-1.26 8.000000e+00 3.451699e-01
-1.26 8.500000e+00 3.451699e-01
-1.26 9.000000e+00 3.451699e-01
-1.26 9.500000e+00 3.451699e-01
-1.26 1.000000e+01 3.451699e-01
-1.26 1.050000e+01 3.451699e-01
-1.26 1.100000e+01 3.451699e-01
-1.26 1.150000e+01 3.451699e-01
-1.26 1.200000e+01 3.451699e-01
-1.26 1.250000e+01 3.451699e-01
-1.26 1.300000e+01 3.451699e-01
-1.26 1.350000e+01 3.451699e-01
-1.26 1.400000e+01 3.454278e-01

-1.25 7.000000e+00 3.381387e-01
-1.25 7.500000e+00 3.400611e-01
-1.25 8.000000e+00 3.400611e-01
-1.25 8.500000e+00 3.400611e-01
-1.25 9.000000e+00 3.400611e-01
-1.25 9.500000e+00 3.400611e-01
-1.25 1.000000e+01 3.400611e-01
-1.25 1.050000e+01 3.400611e-01
-1.25 1.100000e+01 3.400611e-01
-1.25 1.150000e+01 3.400611e-01
-1.25 1.200000e+01 3.400611e-01
-1.25 1.250000e+01 3.400611e-01
-1.25 1.300000e+01 3.400611e-01
-1.25 1.350000e+01 3.400611e-01
-1.25 1.400000e+01 3.381387e-01

-1.24 7.000000e+00 3.368473e-01
-1.24 7.500000e+00 3.349641e-01
-1.24 8.000000e+00 3.349641e-01
-1.24 8.500000e+00 3.349641e-01
-1.24 9.000000e+00 3.349641e-01
-1.24 9.500000e+00 3.349641e-01
-1.24 1.000000e+01 3.349641e-01
-1.24 1.050000e+01 3.349641e-01
-1.24 1.100000e+01 3.349641e-01
-1.24 1.150000e+01 3.349641e-01
-1.24 1.200000e+01 3.349641e-01
-1.24 1.250000e+01 3.349641e-01
-1.24 1.300000e+01 3.349641e-01
-1.24 1.350000e+01 3.349641e-01
-1.24 1.400000e+01 3.368473e-01

-1.23 7.000000e+00 3.283007e-01
-1.23 7.500000e+00 3.298792e-01
-1.23 8.000000e+00 3.298792e-01
-1.23 8.500000e+00 3.298792e-01
-1.23 9.000000e+00 3.298792e-01
-1.23 9.500000e+00 3.298792e-01
-1.23 1.000000e+01 3.298792e-01
-1.23 1.050000e+01 3.298792e-01
-1.23 1.100000e+01 3.298792e-01
-1.23 1.150000e+01 3.298792e-01
-1.23 1.200000e+01 3.298792e-01
-1.23 1.250000e+01 3.298792e-01
-1.23 1.300000e+01 3.298792e-01
-1.23 1.350000e+01 3.298792e-01
-1.23 1.400000e+01 3.283007e-01

-1.22 7.000000e+00 3.228221e-01
-1.22 7.500000e+00 3.248068e-01
-1.22 8.000000e+00 3.248068e-01
-1.22 8.500000e+00 3.248068e-01
-1.22 9.000000e+00 3.248068e-01
-1.22 9.500000e+00 3.248068e-01
-1.22 1.000000e+01 3.248068e-01
-1.22 1.050000e+01 3.248068e-01
-1.22 1.100000e+01 3.248068e-01
-1.22 1.150000e+01 3.248068e-01
-1.22 1.200000e+01 3.248068e-01
-1.22 1.250000e+01 3.248068e-01
-1.22 1.300000e+01 3.248068e-01
-1.22 1.350000e+01 3.248068e-01
-1.22 1.400000e+01 3.228221e-01

-1.21 7.000000e+00 3.197898e-01
-1.21 7.500000e+00 3.197473e-01
-1.21 8.000000e+00 3.197473e-01
-1.21 8.500000e+00 3.197473e-01
-1.21 9.000000e+00 3.197473e-01
-1.21 9.500000e+00 3.197473e-01
-1.21 1.000000e+01 3.197473e-01
-1.21 1.050000e+01 3.197473e-01
-1.21 1.100000e+01 3.197473e-01
-1.21 1.150000e+01 3.197473e-01
-1.21 1.200000e+01 3.197473e-01
-1.21 1.250000e+01 3.197473e-01
-1.21 1.300000e+01 3.197473e-01
-1.21 1.350000e+01 3.197473e-01
-1.21 1.400000e+01 3.197898e-01

-1.20 7.000000e+00 3.126763e-01
-1.20 7.500000e+00 3.147011e-01
-1.20 8.000000e+00 3.147011e-01
-1.20 8.500000e+00 3.147011e-01
-1.20 9.000000e+00 3.147011e-01
-1.20 9.500000e+00 3.147011e-01
-1.20 1.000000e+01 3.147011e-01
-1.20 1.050000e+01 3.147011e-01
-1.20 1.100000e+01 3.147011e-01
-1.20 1.150000e+01 3.147011e-01
-1.20 1.200000e+01 3.147011e-01
-1.20 1.250000e+01 3.147011e-01
-1.20 1.300000e+01 3.147011e-01
-1.20 1.350000e+01 3.147011e-01
-1.20 1.400000e+01 3.126763e-01

-1.19 7.000000e+00 3.078807e-01
-1.19 7.500000e+00 3.096685e-01
-1.19 8.000000e+00 3.096685e-01
-1.19 8.500000e+00 3.096685e-01
-1.19 9.000000e+00 3.096685e-01
-1.19 9.500000e+00 3.096685e-01
-1.19 1.000000e+01 3.096685e-01
-1.19 1.050000e+01 3.096685e-01
-1.19 1.100000e+01 3.096685e-01
-1.19 1.150000e+01 3.096685e-01
-1.19 1.200000e+01 3.096685e-01
-1.19 1.250000e+01 3.096685e-01
-1.19 1.300000e+01 3.096685e-01
-1.19 1.350000e+01 3.096685e-01
-1.19 1.400000e+01 3.078807e-01

-1.18 7.000000e+00 3.028822e-01
-1.18 7.500000e+00 3.046500e-01
-1.18 8.000000e+00 3.046500e-01
-1.18 8.500000e+00 3.046500e-01
-1.18 9.000000e+00 3.046500e-01
-1.18 9.500000e+00 3.046500e-01
-1.18 1.000000e+01 3.046500e-01
-1.18 1.050000e+01 3.046500e-01
-1.18 1.100000e+01 3.046500e-01
-1.18 1.150000e+01 3.046500e-01
-1.18 1.200000e+01 3.046500e-01
-1.18 1.250000e+01 3.046500e-01
-1.18 1.300000e+01 3.046500e-01
-1.18 1.350000e+01 3.046500e-01
-1.18 1.400000e+01 3.028822e-01

-1.17 7.000000e+00 2.975633e-01
-1.17 7.500000e+00 2.996460e-01
-1.17 8.000000e+00 2.996460e-01
-1.17 8.500000e+00 2.996460e-01
-1.17 9.000000e+00 2.996460e-01
-1.17 9.500000e+00 2.996460e-01
-1.17 1.000000e+01 2.996460e-01
-1.17 1.050000e+01 2.996460e-01
-1.17 1.100000e+01 2.996460e-01
-1.17 1.150000e+01 2.996460e-01
-1.17 1.200000e+01 2.996460e-01
-1.17 1.250000e+01 2.996460e-01
-1.17 1.300000e+01 2.996460e-01
-1.17 1.350000e+01 2.996460e-01
-1.17 1.400000e+01 2.975633e-01

-1.16 7.000000e+00 2.944895e-01
-1.16 7.500000e+00 2.946570e-01
-1.16 8.000000e+00 2.946570e-01
-1.16 8.500000e+00 2.946570e-01
-1.16 9.000000e+00 2.946570e-01
-1.16 9.500000e+00 2.946570e-01
-1.16 1.000000e+01 2.946570e-01
-1.16 1.050000e+01 2.946570e-01
-1.16 1.100000e+01 2.946570e-01
-1.16 1.150000e+01 2.946570e-01
-1.16 1.200000e+01 2.946570e-01
-1.16 1.250000e+01 2.946570e-01
-1.16 1.300000e+01 2.946570e-01
-1.16 1.350000e+01 2.946570e-01
-1.16 1.400000e+01 2.944895e-01

-1.15 7.000000e+00 2.875636e-01
-1.15 7.500000e+00 2.896832e-01
-1.15 8.000000e+00 2.896832e-01
-1.15 8.500000e+00 2.896832e-01
-1.15 9.000000e+00 2.896832e-01
-1.15 9.500000e+00 2.896832e-01
-1.15 1.000000e+01 2.896832e-01
-1.15 1.050000e+01 2.896832e-01
-1.15 1.100000e+01 2.896832e-01
-1.15 1.150000e+01 2.896832e-01
-1.15 1.200000e+01 2.896832e-01
-1.15 1.250000e+01 2.896832e-01
-1.15 1.300000e+01 2.896832e-01
-1.15 1.350000e+01 2.896832e-01
-1.15 1.400000e+01 2.875636e-01

-1.14 7.000000e+00 2.861402e-01
-1.14 7.500000e+00 2.847253e-01
-1.14 8.000000e+00 2.847253e-01
-1.14 8.500000e+00 2.847253e-01
-1.14 9.000000e+00 2.847253e-01
-1.14 9.500000e+00 2.847253e-01
-1.14 1.000000e+01 2.847253e-01
-1.14 1.050000e+01 2.847253e-01
-1.14 1.100000e+01 2.847253e-01
-1.14 1.150000e+01 2.847253e-01
-1.14 1.200000e+01 2.847253e-01
-1.14 1.250000e+01 2.847253e-01
-1.14 1.300000e+01 2.847253e-01
-1.14 1.350000e+01 2.847253e-01
-1.14 1.400000e+01 2.861402e-01

-1.13 7.000000e+00 2.778366e-01
-1.13 7.500000e+00 2.797837e-01
-1.13 8.000000e+00 2.797837e-01
-1.13 8.500000e+00 2.797837e-01
-1.13 9.000000e+00 2.797837e-01
-1.13 9.500000e+00 2.797837e-01
-1.13 1.000000e+01 2.797837e-01
-1.13 1.050000e+01 2.797837e-01
-1.13 1.100000e+01 2.797837e-01
-1.13 1.150000e+01 2.797837e-01
-1.13 1.200000e+01 2.797837e-01
-1.13 1.250000e+01 2.797837e-01
-1.13 1.300000e+01 2.797837e-01
-1.13 1.350000e+01 2.797837e-01
-1.13 1.400000e+01 2.778366e-01

-1.12 7.000000e+00 2.726865e-01
-1.12 7.500000e+00 2.748589e-01
-1.12 8.000000e+00 2.748589e-01
-1.12 8.500000e+00 2.748589e-01
-1.12 9.000000e+00 2.748589e-01
-1.12 9.500000e+00 2.748589e-01
-1.12 1.000000e+01 2.748589e-01
-1.12 1.050000e+01 2.748589e-01
-1.12 1.100000e+01 2.748589e-01
-1.12 1.150000e+01 2.748589e-01
-1.12 1.200000e+01 2.748589e-01
-1.12 1.250000e+01 2.748589e-01
-1.12 1.300000e+01 2.748589e-01
-1.12 1.350000e+01 2.748589e-01
-1.12 1.400000e+01 2.726865e-01

-1.11 7.000000e+00 2.695808e-01
-1.11 7.500000e+00 2.699513e-01
-1.11 8.000000e+00 2.699513e-01
-1.11 8.500000e+00 2.699513e-01
-1.11 9.000000e+00 2.699513e-01
-1.11 9.500000e+00 2.699513e-01
-1.11 1.000000e+01 2.699513e-01
-1.11 1.050000e+01 2.699513e-01
-1.11 1.100000e+01 2.699513e-01
-1.11 1.150000e+01 2.699513e-01
-1.11 1.200000e+01 2.699513e-01
-1.11 1.250000e+01 2.699513e-01
-1.11 1.300000e+01 2.699513e-01
-1.11 1.350000e+01 2.699513e-01
-1.11 1.400000e+01 2.695808e-01

-1.10 7.000000e+00 2.628559e-01
-1.10 7.500000e+00 2.650614e-01
-1.10 8.000000e+00 2.650614e-01
-1.10 8.500000e+00 2.650614e-01
-1.10 9.000000e+00 2.650614e-01
-1.10 9.500000e+00 2.650614e-01
-1.10 1.000000e+01 2.650614e-01
-1.10 1.050000e+01 2.650614e-01
-1.10 1.100000e+01 2.650614e-01
-1.10 1.150000e+01 2.650614e-01
-1.10 1.200000e+01 2.650614e-01
-1.10 1.250000e+01 2.650614e-01
-1.10 1.300000e+01 2.650614e-01
-1.10 1.350000e+01 2.650614e-01
-1.10 1.400000e+01 2.628559e-01

-1.09 7.000000e+00 2.613754e-01
-1.09 7.500000e+00 2.601899e-01
-1.09 8.000000e+00 2.601899e-01
-1.09 8.500000e+00 2.601899e-01
-1.09 9.000000e+00 2.601899e-01
-1.09 9.500000e+00 2.601899e-01
-1.09 1.000000e+01 2.601899e-01
-1.09 1.050000e+01 2.601899e-01
-1.09 1.100000e+01 2.601899e-01
-1.09 1.150000e+01 2.601899e-01
-1.09 1.200000e+01 2.601899e-01
-1.09 1.250000e+01 2.601899e-01
-1.09 1.300000e+01 2.601899e-01
-1.09 1.350000e+01 2.601899e-01
-1.09 1.400000e+01 2.613753e-01

-1.08 7.000000e+00 2.576378e-01
-1.08 7.500000e+00 2.553372e-01
-1.08 8.000000e+00 2.553372e-01
-1.08 8.500000e+00 2.553372e-01
-1.08 9.000000e+00 2.553372e-01
-1.08 9.500000e+00 2.553372e-01
-1.08 1.000000e+01 2.553372e-01
-1.08 1.050000e+01 2.553372e-01
-1.08 1.100000e+01 2.553372e-01
-1.08 1.150000e+01 2.553372e-01
-1.08 1.200000e+01 2.553372e-01
-1.08 1.250000e+01 2.553372e-01
-1.08 1.300000e+01 2.553372e-01
-1.08 1.350000e+01 2.553371e-01
-1.08 1.400000e+01 2.576377e-01

-1.07 7.000000e+00 2.482519e-01
-1.07 7.500000e+00 2.505038e-01
-1.07 8.000000e+00 2.505038e-01
-1.07 8.500000e+00 2.505038e-01
-1.07 9.000000e+00 2.505038e-01
-1.07 9.500000e+00 2.505038e-01
-1.07 1.000000e+01 2.505038e-01
-1.07 1.050000e+01 2.505038e-01
-1.07 1.100000e+01 2.505038e-01
-1.07 1.150000e+01 2.505038e-01
-1.07 1.200000e+01 2.505038e-01
-1.07 1.250000e+01 2.505038e-01
-1.07 1.300000e+01 2.505038e-01
-1.07 1.350000e+01 2.505038e-01
-1.07 1.400000e+01 2.482517e-01

-1.06 7.000000e+00 2.451255e-01
-1.06 7.500000e+00 2.456905e-01
-1.06 8.000000e+00 2.456905e-01
-1.06 8.500000e+00 2.456905e-01
-1.06 9.000000e+00 2.456905e-01
-1.06 9.500000e+00 2.456905e-01
-1.06 1.000000e+01 2.456905e-01
-1.06 1.050000e+01 2.456905e-01
-1.06 1.100000e+01 2.456905e-01
-1.06 1.150000e+01 2.456905e-01
-1.06 1.200000e+01 2.456905e-01
-1.06 1.250000e+01 2.456905e-01
-1.06 1.300000e+01 2.456905e-01
-1.06 1.350000e+01 2.456904e-01
-1.06 1.400000e+01 2.451254e-01

-1.05 7.000000e+00 2.386170e-01
-1.05 7.500000e+00 2.408976e-01
-1.05 8.000000e+00 2.408976e-01
-1.05 8.500000e+00 2.408976e-01
-1.05 9.000000e+00 2.408976e-01
-1.05 9.500000e+00 2.408976e-01
-1.05 1.000000e+01 2.408976e-01
-1.05 1.050000e+01 2.408976e-01
-1.05 1.100000e+01 2.408976e-01
-1.05 1.150000e+01 2.408976e-01
-1.05 1.200000e+01 2.408976e-01
-1.05 1.250000e+01 2.408976e-01
-1.05 1.300000e+01 2.408976e-01
-1.05 1.350000e+01 2.408976e-01
-1.05 1.400000e+01 2.386168e-01

-1.04 7.000000e+00 2.370866e-01
-1.04 7.500000e+00 2.361260e-01
-1.04 8.000000e+00 2.361260e-01
-1.04 8.500000e+00 2.361260e-01
-1.04 9.000000e+00 2.361260e-01
-1.04 9.500000e+00 2.361260e-01
-1.04 1.000000e+01 2.361260e-01
-1.04 1.050000e+01 2.361260e-01
-1.04 1.100000e+01 2.361260e-01
-1.04 1.150000e+01 2.361260e-01
-1.04 1.200000e+01 2.361260e-01
-1.04 1.250000e+01 2.361260e-01
-1.04 1.300000e+01 2.361259e-01
-1.04 1.350000e+01 2.361259e-01
-1.04 1.400000e+01 2.370863e-01

-1.03 7.000000e+00 2.291089e-01
-1.03 7.500000e+00 2.313761e-01
-1.03 8.000000e+00 2.313761e-01
-1.03 8.500000e+00 2.313761e-01
-1.03 9.000000e+00 2.313761e-01
-1.03 9.500000e+00 2.313761e-01
-1.03 1.000000e+01 2.313761e-01
-1.03 1.050000e+01 2.313761e-01
-1.03 1.100000e+01 2.313761e-01
-1.03 1.150000e+01 2.313761e-01
-1.03 1.200000e+01 2.313761e-01
-1.03 1.250000e+01 2.313761e-01
-1.03 1.300000e+01 2.313761e-01
-1.03 1.350000e+01 2.313760e-01
-1.03 1.400000e+01 2.291083e-01

-1.02 7.000000e+00 2.243290e-01
-1.02 7.500000e+00 2.266487e-01
-1.02 8.000000e+00 2.266487e-01
-1.02 8.500000e+00 2.266487e-01
-1.02 9.000000e+00 2.266487e-01
-1.02 9.500000e+00 2.266487e-01
-1.02 1.000000e+01 2.266487e-01
-1.02 1.050000e+01 2.266487e-01
-1.02 1.100000e+01 2.266487e-01
-1.02 1.150000e+01 2.266486e-01
-1.02 1.200000e+01 2.266486e-01
-1.02 1.250000e+01 2.266486e-01
-1.02 1.300000e+01 2.266486e-01
-1.02 1.350000e+01 2.266485e-01
-1.02 1.400000e+01 2.243283e-01

-1.01 7.000000e+00 2.211954e-01
-1.01 7.500000e+00 2.219443e-01
-1.01 8.000000e+00 2.219443e-01
-1.01 8.500000e+00 2.219443e-01
-1.01 9.000000e+00 2.219443e-01
-1.01 9.500000e+00 2.219443e-01
-1.01 1.000000e+01 2.219443e-01
-1.01 1.050000e+01 2.219443e-01
-1.01 1.100000e+01 2.219443e-01
-1.01 1.150000e+01 2.219443e-01
-1.01 1.200000e+01 2.219443e-01
-1.01 1.250000e+01 2.219443e-01
-1.01 1.300000e+01 2.219442e-01
-1.01 1.350000e+01 2.219440e-01
-1.01 1.400000e+01 2.211945e-01

-1.00 7.000000e+00 2.172637e-01
-1.00 7.500000e+00 2.172637e-01
-1.00 8.000000e+00 2.172637e-01
-1.00 8.500000e+00 2.172637e-01
-1.00 9.000000e+00 2.172637e-01
-1.00 9.500000e+00 2.172637e-01
-1.00 1.000000e+01 2.172637e-01
-1.00 1.050000e+01 2.172637e-01
-1.00 1.100000e+01 2.172637e-01
-1.00 1.150000e+01 2.172637e-01
-1.00 1.200000e+01 2.172637e-01
-1.00 1.250000e+01 2.172637e-01
-1.00 1.300000e+01 2.172636e-01
-1.00 1.350000e+01 2.172634e-01
-1.00 1.400000e+01 2.172626e-01

-0.99 7.000000e+00 2.133494e-01
-0.99 7.500000e+00 2.126077e-01
-0.99 8.000000e+00 2.126077e-01
-0.99 8.500000e+00 2.126077e-01
-0.99 9.000000e+00 2.126077e-01
-0.99 9.500000e+00 2.126077e-01
-0.99 1.000000e+01 2.126077e-01
-0.99 1.050000e+01 2.126077e-01
-0.99 1.100000e+01 2.126077e-01
-0.99 1.150000e+01 2.126077e-01
-0.99 1.200000e+01 2.126077e-01
-0.99 1.250000e+01 2.126076e-01
-0.99 1.300000e+01 2.126075e-01
-0.99 1.350000e+01 2.126072e-01
-0.99 1.400000e+01 2.133479e-01

-0.98 7.000000e+00 2.102542e-01
-0.98 7.500000e+00 2.079768e-01
-0.98 8.000000e+00 2.079768e-01
-0.98 8.500000e+00 2.079768e-01
-0.98 9.000000e+00 2.079768e-01
-0.98 9.500000e+00 2.079768e-01
-0.98 1.000000e+01 2.079768e-01
-0.98 1.050000e+01 2.079768e-01
-0.98 1.100000e+01 2.079768e-01
-0.98 1.150000e+01 2.079768e-01
-0.98 1.200000e+01 2.079768e-01
-0.98 1.250000e+01 2.079768e-01
-0.98 1.300000e+01 2.079766e-01
-0.98 1.350000e+01 2.079762e-01
-0.98 1.400000e+01 2.102523e-01

-0.97 7.000000e+00 2.055744e-01
-0.97 7.500000e+00 2.033720e-01
-0.97 8.000000e+00 2.033720e-01
-0.97 8.500000e+00 2.033720e-01
-0.97 9.000000e+00 2.033720e-01
-0.97 9.500000e+00 2.033720e-01
-0.97 1.000000e+01 2.033720e-01
-0.97 1.050000e+01 2.033720e-01
-0.97 1.100000e+01 2.033720e-01
-0.97 1.150000e+01 2.033720e-01
-0.97 1.200000e+01 2.033720e-01
-0.97 1.250000e+01 2.033719e-01
-0.97 1.300000e+01 2.033717e-01
-0.97 1.350000e+01 2.033711e-01
-0.97 1.400000e+01 2.055718e-01

-0.96 7.000000e+00 1.978739e-01
-0.96 7.500000e+00 1.987939e-01
-0.96 8.000000e+00 1.987939e-01
-0.96 8.500000e+00 1.987939e-01
-0.96 9.000000e+00 1.987939e-01
-0.96 9.500000e+00 1.987939e-01
-0.96 1.000000e+01 1.987939e-01
-0.96 1.050000e+01 1.987939e-01
-0.96 1.100000e+01 1.987939e-01
-0.96 1.150000e+01 1.987939e-01
-0.96 1.200000e+01 1.987939e-01
-0.96 1.250000e+01 1.987938e-01
-0.96 1.300000e+01 1.987935e-01
-0.96 1.350000e+01 1.987926e-01
-0.96 1.400000e+01 1.978696e-01

-0.95 7.000000e+00 1.964123e-01
-0.95 7.500000e+00 1.942434e-01
-0.95 8.000000e+00 1.942434e-01
-0.95 8.500000e+00 1.942434e-01
-0.95 9.000000e+00 1.942434e-01
-0.95 9.500000e+00 1.942434e-01
-0.95 1.000000e+01 1.942434e-01
-0.95 1.050000e+01 1.942434e-01
-0.95 1.100000e+01 1.942434e-01
-0.95 1.150000e+01 1.942434e-01
-0.95 1.200000e+01 1.942433e-01
-0.95 1.250000e+01 1.942432e-01
-0.95 1.300000e+01 1.942428e-01
-0.95 1.350000e+01 1.942416e-01
-0.95 1.400000e+01 1.964074e-01

-0.94 7.000000e+00 1.902518e-01
-0.94 7.500000e+00 1.897213e-01
-0.94 8.000000e+00 1.897213e-01
-0.94 8.500000e+00 1.897213e-01
-0.94 9.000000e+00 1.897213e-01
-0.94 9.500000e+00 1.897213e-01
-0.94 1.000000e+01 1.897213e-01
-0.94 1.050000e+01 1.897213e-01
-0.94 1.100000e+01 1.897213e-01
-0.94 1.150000e+01 1.897213e-01
-0.94 1.200000e+01 1.897212e-01
-0.94 1.250000e+01 1.897210e-01
-0.94 1.300000e+01 1.897205e-01
-0.94 1.350000e+01 1.897188e-01
-0.94 1.400000e+01 1.902444e-01

-0.93 7.000000e+00 1.873244e-01
-0.93 7.500000e+00 1.852284e-01
-0.93 8.000000e+00 1.852284e-01
-0.93 8.500000e+00 1.852284e-01
-0.93 9.000000e+00 1.852284e-01
-0.93 9.500000e+00 1.852284e-01
-0.93 1.000000e+01 1.852284e-01
-0.93 1.050000e+01 1.852284e-01
-0.93 1.100000e+01 1.852284e-01
-0.93 1.150000e+01 1.852284e-01
-0.93 1.200000e+01 1.852283e-01
-0.93 1.250000e+01 1.852281e-01
-0.93 1.300000e+01 1.852274e-01
-0.93 1.350000e+01 1.852251e-01
-0.93 1.400000e+01 1.873153e-01

-0.92 7.000000e+00 1.786586e-01
-0.92 7.500000e+00 1.807657e-01
-0.92 8.000000e+00 1.807657e-01
-0.92 8.500000e+00 1.807657e-01
-0.92 9.000000e+00 1.807657e-01
-0.92 9.500000e+00 1.807657e-01
-0.92 1.000000e+01 1.807657e-01
-0.92 1.050000e+01 1.807657e-01
-0.92 1.100000e+01 1.807657e-01
-0.92 1.150000e+01 1.807656e-01
-0.92 1.200000e+01 1.807655e-01
-0.92 1.250000e+01 1.807652e-01
-0.92 1.300000e+01 1.807642e-01
-0.92 1.350000e+01 1.807611e-01
-0.92 1.400000e+01 1.786417e-01

-0.91 7.000000e+00 1.752588e-01
-0.91 7.500000e+00 1.763340e-01
-0.91 8.000000e+00 1.763340e-01
-0.91 8.500000e+00 1.763340e-01
-0.91 9.000000e+00 1.763340e-01
-0.91 9.500000e+00 1.763340e-01
-0.91 1.000000e+01 1.763340e-01
-0.91 1.050000e+01 1.763340e-01
-0.91 1.100000e+01 1.763340e-01
-0.91 1.150000e+01 1.763339e-01
-0.91 1.200000e+01 1.763338e-01
-0.91 1.250000e+01 1.763334e-01
-0.91 1.300000e+01 1.763320e-01
-0.91 1.350000e+01 1.763277e-01
-0.91 1.400000e+01 1.752372e-01

-0.90 7.000000e+00 1.739201e-01
-0.90 7.500000e+00 1.719343e-01
-0.90 8.000000e+00 1.719343e-01
-0.90 8.500000e+00 1.719343e-01
-0.90 9.000000e+00 1.719343e-01
-0.90 9.500000e+00 1.719343e-01
-0.90 1.000000e+01 1.719343e-01
-0.90 1.050000e+01 1.719343e-01
-0.90 1.100000e+01 1.719343e-01
-0.90 1.150000e+01 1.719342e-01
-0.90 1.200000e+01 1.719340e-01
-0.90 1.250000e+01 1.719335e-01
-0.90 1.300000e+01 1.719316e-01
-0.90 1.350000e+01 1.719256e-01
-0.90 1.400000e+01 1.738963e-01

-0.89 7.000000e+00 1.678967e-01
-0.89 7.500000e+00 1.675676e-01
-0.89 8.000000e+00 1.675676e-01
-0.89 8.500000e+00 1.675676e-01
-0.89 9.000000e+00 1.675676e-01
-0.89 9.500000e+00 1.675676e-01
-0.89 1.000000e+01 1.675676e-01
-0.89 1.050000e+01 1.675676e-01
-0.89 1.100000e+01 1.675675e-01
-0.89 1.150000e+01 1.675675e-01
-0.89 1.200000e+01 1.675672e-01
-0.89 1.250000e+01 1.675664e-01
-0.89 1.300000e+01 1.675638e-01
-0.89 1.350000e+01 1.675557e-01
-0.89 1.400000e+01 1.678599e-01

-0.88 7.000000e+00 1.651465e-01
-0.88 7.500000e+00 1.632348e-01
-0.88 8.000000e+00 1.632348e-01
-0.88 8.500000e+00 1.632348e-01
-0.88 9.000000e+00 1.632348e-01
-0.88 9.500000e+00 1.632348e-01
-0.88 1.000000e+01 1.632348e-01
-0.88 1.050000e+01 1.632348e-01
-0.88 1.100000e+01 1.632347e-01
-0.88 1.150000e+01 1.632346e-01
-0.88 1.200000e+01 1.632343e-01
-0.88 1.250000e+01 1.632332e-01
-0.88 1.300000e+01 1.632296e-01
-0.88 1.350000e+01 1.632185e-01
-0.88 1.400000e+01 1.651016e-01

-0.87 7.000000e+00 1.606302e-01
-0.87 7.500000e+00 1.589370e-01
-0.87 8.000000e+00 1.589370e-01
-0.87 8.500000e+00 1.589370e-01
-0.87 9.000000e+00 1.589370e-01
-0.87 9.500000e+00 1.589370e-01
-0.87 1.000000e+01 1.589370e-01
-0.87 1.050000e+01 1.589369e-01
-0.87 1.100000e+01 1.589369e-01
-0.87 1.150000e+01 1.589367e-01
-0.87 1.200000e+01 1.589363e-01
-0.87 1.250000e+01 1.589347e-01
-0.87 1.300000e+01 1.589299e-01
-0.87 1.350000e+01 1.589146e-01
-0.87 1.400000e+01 1.605676e-01

-0.86 7.000000e+00 1.534643e-01
-0.86 7.500000e+00 1.546752e-01
-0.86 8.000000e+00 1.546752e-01
-0.86 8.500000e+00 1.546752e-01
-0.86 9.000000e+00 1.546752e-01
-0.86 9.500000e+00 1.546752e-01
-0.86 1.000000e+01 1.546752e-01
-0.86 1.050000e+01 1.546751e-01
-0.86 1.100000e+01 1.546751e-01
-0.86 1.150000e+01 1.546749e-01
-0.86 1.200000e+01 1.546742e-01
-0.86 1.250000e+01 1.546721e-01
-0.86 1.300000e+01 1.546655e-01
-0.86 1.350000e+01 1.546445e-01
-0.86 1.400000e+01 1.533581e-01

-0.85 7.000000e+00 1.522504e-01
-0.85 7.500000e+00 1.504505e-01
-0.85 8.000000e+00 1.504505e-01
-0.85 8.500000e+00 1.504505e-01
-0.85 9.000000e+00 1.504505e-01
-0.85 9.500000e+00 1.504505e-01
-0.85 1.000000e+01 1.504505e-01
-0.85 1.050000e+01 1.504505e-01
-0.85 1.100000e+01 1.504504e-01
-0.85 1.150000e+01 1.504501e-01
-0.85 1.200000e+01 1.504492e-01
-0.85 1.250000e+01 1.504463e-01
-0.85 1.300000e+01 1.504372e-01
-0.85 1.350000e+01 1.504085e-01
-0.85 1.400000e+01 1.521341e-01

-0.84 7.000000e+00 1.464042e-01
-0.84 7.500000e+00 1.462641e-01
-0.84 8.000000e+00 1.462641e-01
-0.84 8.500000e+00 1.462641e-01
-0.84 9.000000e+00 1.462641e-01
-0.84 9.500000e+00 1.462641e-01
-0.84 1.000000e+01 1.462641e-01
-0.84 1.050000e+01 1.462640e-01
-0.84 1.100000e+01 1.462639e-01
-0.84 1.150000e+01 1.462635e-01
-0.84 1.200000e+01 1.462623e-01
-0.84 1.250000e+01 1.462583e-01
-0.84 1.300000e+01 1.462459e-01
-0.84 1.350000e+01 1.462066e-01
-0.84 1.400000e+01 1.462240e-01

-0.83 7.000000e+00 1.438419e-01
-0.83 7.500000e+00 1.421171e-01
-0.83 8.000000e+00 1.421171e-01
-0.83 8.500000e+00 1.421171e-01
-0.83 9.000000e+00 1.421170e-01
-0.83 9.500000e+00 1.421170e-01
-0.83 1.000000e+01 1.421170e-01
-0.83 1.050000e+01 1.421170e-01
-0.83 1.100000e+01 1.421168e-01
-0.83 1.150000e+01 1.421163e-01
-0.83 1.200000e+01 1.421146e-01
-0.83 1.250000e+01 1.421092e-01
-0.83 1.300000e+01 1.420922e-01
-0.83 1.350000e+01 1.420384e-01
-0.83 1.400000e+01 1.436233e-01

-0.82 7.000000e+00 1.394552e-01
-0.82 7.500000e+00 1.380106e-01
-0.82 8.000000e+00 1.380106e-01
-0.82 8.500000e+00 1.380106e-01
-0.82 9.000000e+00 1.380106e-01
-0.82 9.500000e+00 1.380106e-01
-0.82 1.000000e+01 1.380106e-01
-0.82 1.050000e+01 1.380105e-01
-0.82 1.100000e+01 1.380103e-01
-0.82 1.150000e+01 1.380095e-01
-0.82 1.200000e+01 1.380072e-01
-0.82 1.250000e+01 1.379999e-01
-0.82 1.300000e+01 1.379766e-01
-0.82 1.350000e+01 1.379030e-01
-0.82 1.400000e+01 1.391501e-01

-0.81 7.000000e+00 1.353878e-01
-0.81 7.500000e+00 1.339459e-01
-0.81 8.000000e+00 1.339459e-01
-0.81 8.500000e+00 1.339459e-01
-0.81 9.000000e+00 1.339459e-01
-0.81 9.500000e+00 1.339459e-01
-0.81 1.000000e+01 1.339459e-01
-0.81 1.050000e+01 1.339458e-01
-0.81 1.100000e+01 1.339454e-01
-0.81 1.150000e+01 1.339444e-01
-0.81 1.200000e+01 1.339413e-01
-0.81 1.250000e+01 1.339312e-01
-0.81 1.300000e+01 1.338995e-01
-0.81 1.350000e+01 1.337989e-01
-0.81 1.400000e+01 1.349710e-01

-0.80 7.000000e+00 1.315358e-01
-0.80 7.500000e+00 1.299243e-01
-0.80 8.000000e+00 1.299243e-01
-0.80 8.500000e+00 1.299243e-01
-0.80 9.000000e+00 1.299243e-01
-0.80 9.500000e+00 1.299242e-01
-0.80 1.000000e+01 1.299242e-01
-0.80 1.050000e+01 1.299241e-01
-0.80 1.100000e+01 1.299236e-01
-0.80 1.150000e+01 1.299223e-01
-0.80 1.200000e+01 1.299179e-01
-0.80 1.250000e+01 1.299042e-01
-0.80 1.300000e+01 1.298609e-01
-0.80 1.350000e+01 1.297235e-01
-0.80 1.400000e+01 1.309743e-01

-0.79 7.000000e+00 1.259137e-01
-0.79 7.500000e+00 1.259469e-01
-0.79 8.000000e+00 1.259469e-01
-0.79 8.500000e+00 1.259469e-01
-0.79 9.000000e+00 1.259469e-01
-0.79 9.500000e+00 1.259469e-01
-0.79 1.000000e+01 1.259468e-01
-0.79 1.050000e+01 1.259467e-01
-0.79 1.100000e+01 1.259461e-01
-0.79 1.150000e+01 1.259442e-01
-0.79 1.200000e+01 1.259383e-01
-0.79 1.250000e+01 1.259196e-01
-0.79 1.300000e+01 1.258604e-01
-0.79 1.350000e+01 1.256728e-01
-0.79 1.400000e+01 1.250421e-01

-0.78 7.000000e+00 1.235508e-01
-0.78 7.500000e+00 1.220152e-01
-0.78 8.000000e+00 1.220152e-01
-0.78 8.500000e+00 1.220152e-01
-0.78 9.000000e+00 1.220152e-01
-0.78 9.500000e+00 1.220152e-01
-0.78 1.000000e+01 1.220151e-01
-0.78 1.050000e+01 1.220148e-01
-0.78 1.100000e+01 1.220140e-01
-0.78 1.150000e+01 1.220115e-01
-0.78 1.200000e+01 1.220034e-01
-0.78 1.250000e+01 1.219779e-01
-0.78 1.300000e+01 1.218972e-01
-0.78 1.350000e+01 1.216413e-01
-0.78 1.400000e+01 1.225003e-01

-0.77 7.000000e+00 1.193332e-01
-0.77 7.500000e+00 1.181304e-01
-0.77 8.000000e+00 1.181304e-01
-0.77 8.500000e+00 1.181304e-01
-0.77 9.000000e+00 1.181304e-01
-0.77 9.500000e+00 1.181304e-01
-0.77 1.000000e+01 1.181303e-01
-0.77 1.050000e+01 1.181299e-01
-0.77 1.100000e+01 1.181288e-01
-0.77 1.150000e+01 1.181254e-01
-0.77 1.200000e+01 1.181144e-01
-0.77 1.250000e+01 1.180796e-01
-0.77 1.300000e+01 1.179695e-01
-0.77 1.350000e+01 1.176206e-01
-0.77 1.400000e+01 1.178630e-01

-0.76 7.000000e+00 1.128879e-01
-0.76 7.500000e+00 1.142940e-01
-0.76 8.000000e+00 1.142940e-01
-0.76 8.500000e+00 1.142939e-01
-0.76 9.000000e+00 1.142939e-01
-0.76 9.500000e+00 1.142939e-01
-0.76 1.000000e+01 1.142937e-01
-0.76 1.050000e+01 1.142933e-01
-0.76 1.100000e+01 1.142918e-01
-0.76 1.150000e+01 1.142870e-01
-0.76 1.200000e+01 1.142721e-01
-0.76 1.250000e+01 1.142247e-01
-0.76 1.300000e+01 1.140748e-01
-0.76 1.350000e+01 1.135993e-01
-0.76 1.400000e+01 1.104109e-01

-0.75 7.000000e+00 1.119284e-01
-0.75 7.500000e+00 1.105072e-01
-0.75 8.000000e+00 1.105072e-01
-0.75 8.500000e+00 1.105072e-01
-0.75 9.000000e+00 1.105072e-01
-0.75 9.500000e+00 1.105071e-01
-0.75 1.000000e+01 1.105069e-01
-0.75 1.050000e+01 1.105063e-01
-0.75 1.100000e+01 1.105042e-01
-0.75 1.150000e+01 1.104978e-01
-0.75 1.200000e+01 1.104774e-01
-0.75 1.250000e+01 1.104130e-01
-0.75 1.300000e+01 1.102089e-01
-0.75 1.350000e+01 1.095613e-01
-0.75 1.400000e+01 1.092490e-01

-0.74 7.000000e+00 1.065846e-01
-0.74 7.500000e+00 1.067715e-01
-0.74 8.000000e+00 1.067715e-01
-0.74 8.500000e+00 1.067715e-01
-0.74 9.000000e+00 1.067715e-01
-0.74 9.500000e+00 1.067714e-01
-0.74 1.000000e+01 1.067711e-01
-0.74 1.050000e+01 1.067703e-01
-0.74 1.100000e+01 1.067675e-01
-0.74 1.150000e+01 1.067588e-01
-0.74 1.200000e+01 1.067311e-01
-0.74 1.250000e+01 1.066435e-01
-0.74 1.300000e+01 1.063659e-01
-0.74 1.350000e+01 1.054844e-01
-0.74 1.400000e+01 1.024162e-01

-0.73 7.000000e+00 1.044333e-01
-0.73 7.500000e+00 1.030884e-01
-0.73 8.000000e+00 1.030884e-01
-0.73 8.500000e+00 1.030884e-01
-0.73 9.000000e+00 1.030884e-01
-0.73 9.500000e+00 1.030883e-01
-0.73 1.000000e+01 1.030879e-01
-0.73 1.050000e+01 1.030867e-01
-0.73 1.100000e+01 1.030829e-01
-0.73 1.150000e+01 1.030711e-01
-0.73 1.200000e+01 1.030335e-01
-0.73 1.250000e+01 1.029145e-01
-0.73 1.300000e+01 1.025372e-01
-0.73 1.350000e+01 1.013379e-01
-0.73 1.400000e+01 9.944218e-02

-0.72 7.000000e+00 1.004298e-01
-0.72 7.500000e+00 9.945894e-02
-0.72 8.000000e+00 9.945893e-02
-0.72 8.500000e+00 9.945892e-02
-0.72 9.000000e+00 9.945887e-02
-0.72 9.500000e+00 9.945871e-02
-0.72 1.000000e+01 9.945820e-02
-0.72 1.050000e+01 9.945659e-02
-0.72 1.100000e+01 9.945149e-02
-0.72 1.150000e+01 9.943534e-02
-0.72 1.200000e+01 9.938424e-02
-0.72 1.250000e+01 9.922234e-02
-0.72 1.300000e+01 9.870852e-02
-0.72 1.350000e+01 9.706873e-02
-0.72 1.400000e+01 9.337371e-02

-0.71 7.000000e+00 9.653144e-02
-0.71 7.500000e+00 9.586263e-02
-0.71 8.000000e+00 9.586262e-02
-0.71 8.500000e+00 9.586260e-02
-0.71 9.000000e+00 9.586253e-02
-0.71 9.500000e+00 9.586231e-02
-0.71 1.000000e+01 9.586162e-02
-0.71 1.050000e+01 9.585941e-02
-0.71 1.100000e+01 9.585243e-02
-0.71 1.150000e+01 9.583033e-02
-0.71 1.200000e+01 9.576035e-02
-0.71 1.250000e+01 9.553864e-02
-0.71 1.300000e+01 9.483445e-02
-0.71 1.350000e+01 9.258291e-02
-0.71 1.400000e+01 8.658031e-02

-0.70 7.000000e+00 9.354386e-02
-0.70 7.500000e+00 9.229020e-02
-0.70 8.000000e+00 9.229019e-02
-0.70 8.500000e+00 9.229016e-02
-0.70 9.000000e+00 9.229006e-02
-0.70 9.500000e+00 9.228976e-02
-0.70 1.000000e+01 9.228881e-02
-0.70 1.050000e+01 9.228579e-02
-0.70 1.100000e+01 9.227625e-02
-0.70 1.150000e+01 9.224604e-02
-0.70 1.200000e+01 9.215039e-02
-0.70 1.250000e+01 9.184723e-02
-0.70 1.300000e+01 9.088348e-02
-0.70 1.350000e+01 8.779677e-02
-0.70 1.400000e+01 8.062240e-02

-0.69 7.000000e+00 8.841962e-02
-0.69 7.500000e+00 8.874570e-02
-0.69 8.000000e+00 8.874569e-02
-0.69 8.500000e+00 8.874565e-02
-0.69 9.000000e+00 8.874552e-02
-0.69 9.500000e+00 8.874510e-02
-0.69 1.000000e+01 8.874380e-02
-0.69 1.050000e+01 8.873969e-02
-0.69 1.100000e+01 8.872667e-02
-0.69 1.150000e+01 8.868545e-02
-0.69 1.200000e+01 8.855492e-02
-0.69 1.250000e+01 8.814106e-02
-0.69 1.300000e+01 8.682416e-02
-0.69 1.350000e+01 8.260244e-02
-0.69 1.400000e+01 6.847320e-02

-0.68 7.000000e+00 8.642970e-02
-0.68 7.500000e+00 8.523341e-02
-0.68 8.000000e+00 8.523339e-02
-0.68 8.500000e+00 8.523334e-02
-0.68 9.000000e+00 8.523316e-02
-0.68 9.500000e+00 8.523260e-02
-0.68 1.000000e+01 8.523083e-02
-0.68 1.050000e+01 8.522523e-02
-0.68 1.100000e+01 8.520749e-02
-0.68 1.150000e+01 8.515135e-02
-0.68 1.200000e+01 8.497354e-02
-0.68 1.250000e+01 8.440954e-02
-0.68 1.300000e+01 8.261331e-02
-0.68 1.350000e+01 7.686235e-02
-0.68 1.400000e+01 6.304393e-02

-0.67 7.000000e+00 8.254292e-02
-0.67 7.500000e+00 8.175778e-02
-0.67 8.000000e+00 8.175776e-02
-0.67 8.500000e+00 8.175768e-02
-0.67 9.000000e+00 8.175744e-02
-0.67 9.500000e+00 8.175668e-02
-0.67 1.000000e+01 8.175427e-02
-0.67 1.050000e+01 8.174666e-02
-0.67 1.100000e+01 8.172255e-02
-0.67 1.150000e+01 8.164623e-02
-0.67 1.200000e+01 8.140447e-02
-0.67 1.250000e+01 8.063732e-02
-0.67 1.300000e+01 7.819272e-02
-0.67 1.350000e+01 7.041545e-02
-0.67 1.400000e+01 5.151734e-02

-0.66 7.000000e+00 7.677990e-02
-0.66 7.500000e+00 7.832343e-02
-0.66 8.000000e+00 7.832340e-02
-0.66 8.500000e+00 7.832330e-02
-0.66 9.000000e+00 7.832297e-02
-0.66 9.500000e+00 7.832194e-02
-0.66 1.000000e+01 7.831868e-02
-0.66 1.050000e+01 7.830834e-02
-0.66 1.100000e+01 7.827564e-02
-0.66 1.150000e+01 7.817210e-02
-0.66 1.200000e+01 7.784405e-02
-0.66 1.250000e+01 7.680273e-02
-0.66 1.300000e+01 7.348562e-02
-0.66 1.350000e+01 6.310893e-02
-0.66 1.400000e+01 3.415527e-02

-0.65 7.000000e+00 7.603651e-02
-0.65 7.500000e+00 7.493512e-02
-0.65 8.000000e+00 7.493508e-02
-0.65 8.500000e+00 7.493494e-02
-0.65 9.000000e+00 7.493449e-02
-0.65 9.500000e+00 7.493310e-02
-0.65 1.000000e+01 7.492868e-02
-0.65 1.050000e+01 7.491469e-02
-0.65 1.100000e+01 7.487042e-02
-0.65 1.150000e+01 7.473024e-02
-0.65 1.200000e+01 7.428607e-02
-0.65 1.250000e+01 7.287592e-02
-0.65 1.300000e+01 6.839461e-02
-0.65 1.350000e+01 5.488223e-02
-0.65 1.400000e+01 3.208580e-02

-0.64 7.000000e+00 7.294885e-02
-0.64 7.500000e+00 7.159768e-02
-0.64 8.000000e+00 7.159762e-02
-0.64 8.500000e+00 7.159743e-02
-0.64 9.000000e+00 7.159684e-02
-0.64 9.500000e+00 7.159495e-02
-0.64 1.000000e+01 7.158898e-02
-0.64 1.050000e+01 7.157009e-02
-0.64 1.100000e+01 7.151028e-02
-0.64 1.150000e+01 7.132093e-02
-0.64 1.200000e+01 7.072091e-02
-0.64 1.250000e+01 6.881662e-02
-0.64 1.300000e+01 6.280461e-02
-0.64 1.350000e+01 4.591330e-02
-0.64 1.400000e+01 2.425503e-02

-0.63 7.000000e+00 6.934863e-02
-0.63 7.500000e+00 6.831602e-02
-0.63 8.000000e+00 6.831594e-02
-0.63 8.500000e+00 6.831569e-02
-0.63 9.000000e+00 6.831488e-02
-0.63 9.500000e+00 6.831234e-02
-0.63 1.000000e+01 6.830430e-02
-0.63 1.050000e+01 6.827884e-02
-0.63 1.100000e+01 6.819824e-02
-0.63 1.150000e+01 6.794306e-02
-0.63 1.200000e+01 6.713455e-02
-0.63 1.250000e+01 6.457196e-02
-0.63 1.300000e+01 5.659980e-02
-0.63 1.350000e+01 3.673582e-02
-0.63 1.400000e+01 1.689980e-02

-0.62 7.000000e+00 6.568576e-02
-0.62 7.500000e+00 6.509505e-02
-0.62 8.000000e+00 6.509494e-02
-0.62 8.500000e+00 6.509460e-02
-0.62 9.000000e+00 6.509352e-02
-0.62 9.500000e+00 6.509010e-02
-0.62 1.000000e+01 6.507929e-02
-0.62 1.050000e+01 6.504506e-02
-0.62 1.100000e+01 6.493671e-02
-0.62 1.150000e+01 6.459368e-02
-0.62 1.200000e+01 6.350728e-02
-0.62 1.250000e+01 6.007504e-02
-0.62 1.300000e+01 4.970996e-02
-0.62 1.350000e+01 2.812552e-02
-0.62 1.400000e+01 1.134819e-02

-0.61 7.000000e+00 6.199257e-02
-0.61 7.500000e+00 6.193962e-02
-0.61 8.000000e+00 6.193947e-02
-0.61 8.500000e+00 6.193901e-02
-0.61 9.000000e+00 6.193757e-02
-0.61 9.500000e+00 6.193298e-02
-0.61 1.000000e+01 6.191848e-02
-0.61 1.050000e+01 6.187257e-02
-0.61 1.100000e+01 6.172728e-02
-0.61 1.150000e+01 6.126739e-02
-0.61 1.200000e+01 5.981230e-02
-0.61 1.250000e+01 5.524640e-02
-0.61 1.300000e+01 4.220040e-02
-0.61 1.350000e+01 2.074516e-02
-0.61 1.400000e+01 7.407151e-03

-0.60 7.000000e+00 5.977705e-02
-0.60 7.500000e+00 5.885448e-02
-0.60 8.000000e+00 5.885429e-02
-0.60 8.500000e+00 5.885367e-02
-0.60 9.000000e+00 5.885174e-02
-0.60 9.500000e+00 5.884561e-02
-0.60 1.000000e+01 5.882621e-02
-0.60 1.050000e+01 5.876481e-02
-0.60 1.100000e+01 5.857049e-02
-0.60 1.150000e+01 5.795568e-02
-0.60 1.200000e+01 5.601435e-02
-0.60 1.250000e+01 5.000287e-02
-0.60 1.300000e+01 3.437811e-02
-0.60 1.350000e+01 1.488178e-02
-0.60 1.400000e+01 5.674699e-03

-0.59 7.000000e+00 5.532120e-02
-0.59 7.500000e+00 5.584423e-02
-0.59 8.000000e+00 5.584397e-02
-0.59 8.500000e+00 5.584316e-02
-0.59 9.000000e+00 5.584057e-02
-0.59 9.500000e+00 5.583239e-02
-0.59 1.000000e+01 5.580651e-02
-0.59 1.050000e+01 5.572460e-02
-0.59 1.100000e+01 5.546544e-02
-0.59 1.150000e+01 5.464611e-02
-0.59 1.200000e+01 5.206873e-02
-0.59 1.250000e+01 4.428213e-02
-0.59 1.300000e+01 2.679717e-02
-0.59 1.350000e+01 1.047353e-02
-0.59 1.400000e+01 3.247799e-03

-0.58 7.000000e+00 5.375916e-02
-0.58 7.500000e+00 5.291323e-02
-0.58 8.000000e+00 5.291288e-02
-0.58 8.500000e+00 5.291180e-02
-0.58 9.000000e+00 5.290836e-02
-0.58 9.500000e+00 5.289748e-02
-0.58 1.000000e+01 5.286304e-02
-0.58 1.050000e+01 5.275408e-02
-0.58 1.100000e+01 5.240943e-02
-0.58 1.150000e+01 5.132137e-02
-0.58 1.200000e+01 4.792200e-02
-0.58 1.250000e+01 3.809345e-02
-0.58 1.300000e+01 2.005815e-02
-0.58 1.350000e+01 7.279024e-03
-0.58 1.400000e+01 2.652148e-03

-0.57 7.000000e+00 5.046725e-02
-0.57 7.500000e+00 5.006555e-02
-0.57 8.000000e+00 5.006509e-02
-0.57 8.500000e+00 5.006365e-02
-0.57 9.000000e+00 5.005909e-02
-0.57 9.500000e+00 5.004465e-02
-0.57 1.000000e+01 4.999896e-02
-0.57 1.050000e+01 4.985441e-02
-0.57 1.100000e+01 4.939749e-02
-0.57 1.150000e+01 4.795846e-02
-0.57 1.200000e+01 4.351646e-02
-0.57 1.250000e+01 3.159140e-02
-0.57 1.300000e+01 1.453780e-02
-0.57 1.350000e+01 5.018013e-03
-0.57 1.400000e+01 1.709189e-03

-0.56 7.000000e+00 4.807295e-02
-0.56 7.500000e+00 4.730491e-02
-0.56 8.000000e+00 4.730431e-02
-0.56 8.500000e+00 4.730240e-02
-0.56 9.000000e+00 4.729636e-02
-0.56 9.500000e+00 4.727726e-02
-0.56 1.000000e+01 4.721681e-02
-0.56 1.050000e+01 4.702561e-02
-0.56 1.100000e+01 4.642186e-02
-0.56 1.150000e+01 4.452803e-02
-0.56 1.200000e+01 3.880276e-02
-0.56 1.250000e+01 2.512289e-02
-0.56 1.300000e+01 1.029789e-02
-0.56 1.350000e+01 3.441361e-03
-0.56 1.400000e+01 1.227837e-03

-0.55 7.000000e+00 4.585760e-02
-0.55 7.500000e+00 4.463465e-02
-0.55 8.000000e+00 4.463385e-02
-0.55 8.500000e+00 4.463133e-02
-0.55 9.000000e+00 4.462337e-02
-0.55 9.500000e+00 4.459816e-02
-0.55 1.000000e+01 4.451841e-02
-0.55 1.050000e+01 4.426628e-02
-0.55 1.100000e+01 4.347140e-02
-0.55 1.150000e+01 4.099459e-02
-0.55 1.200000e+01 3.376678e-02
-0.55 1.250000e+01 1.915557e-02
-0.55 1.300000e+01 7.184293e-03
-0.55 1.350000e+01 2.352205e-03
-0.55 1.400000e+01 8.958628e-04

-0.54 7.000000e+00 4.266086e-02
-0.54 7.500000e+00 4.205763e-02
-0.54 8.000000e+00 4.205658e-02
-0.54 8.500000e+00 4.205327e-02
-0.54 9.000000e+00 4.204279e-02
-0.54 9.500000e+00 4.200962e-02
-0.54 1.000000e+01 4.190471e-02
-0.54 1.050000e+01 4.157327e-02
-0.54 1.100000e+01 4.053105e-02
-0.54 1.150000e+01 3.731871e-02
-0.54 1.200000e+01 2.847387e-02
-0.54 1.250000e+01 1.408348e-02
-0.54 1.300000e+01 4.963420e-03
-0.54 1.350000e+01 1.604283e-03
-0.54 1.400000e+01 5.587162e-04

-0.53 7.000000e+00 4.022807e-02
-0.53 7.500000e+00 3.957625e-02
-0.53 8.000000e+00 3.957488e-02
-0.53 8.500000e+00 3.957053e-02
-0.53 9.000000e+00 3.955678e-02
-0.53 9.500000e+00 3.951326e-02
-0.53 1.000000e+01 3.937565e-02
-0.53 1.050000e+01 3.894141e-02
-0.53 1.100000e+01 3.758139e-02
-0.53 1.150000e+01 3.346327e-02
-0.53 1.200000e+01 2.311502e-02
-0.53 1.250000e+01 1.007285e-02
-0.53 1.300000e+01 3.407999e-03
-0.53 1.350000e+01 1.092637e-03
-0.53 1.400000e+01 3.841024e-04

-0.52 7.000000e+00 3.742885e-02
-0.52 7.500000e+00 3.719237e-02
-0.52 8.000000e+00 3.719057e-02
-0.52 8.500000e+00 3.718489e-02
-0.52 9.000000e+00 3.716689e-02
-0.52 9.500000e+00 3.710995e-02
-0.52 1.000000e+01 3.693001e-02
-0.52 1.050000e+01 3.636311e-02
-0.52 1.100000e+01 3.459867e-02
-0.52 1.150000e+01 2.940707e-02
-0.52 1.200000e+01 1.800489e-02
-0.52 1.250000e+01 7.069258e-03
-0.52 1.300000e+01 2.330928e-03
-0.52 1.350000e+01 7.434830e-04
-0.52 1.400000e+01 2.448750e-04

-0.51 7.000000e+00 3.548416e-02
-0.51 7.500000e+00 3.490732e-02
-0.51 8.000000e+00 3.490498e-02
-0.51 8.500000e+00 3.489755e-02
-0.51 9.000000e+00 3.487407e-02
-0.51 9.500000e+00 3.479979e-02
-0.51 1.000000e+01 3.456520e-02
-0.51 1.050000e+01 3.382803e-02
-0.51 1.100000e+01 3.155578e-02
-0.51 1.150000e+01 2.516905e-02
-0.51 1.200000e+01 1.348428e-02
-0.51 1.250000e+01 4.900939e-03
-0.51 1.300000e+01 1.590335e-03
-0.51 1.350000e+01 5.055956e-04
-0.51 1.400000e+01 1.766877e-04

-0.50 7.000000e+00 3.362884e-02
-0.50 7.500000e+00 3.272188e-02
-0.50 8.000000e+00 3.271883e-02
-0.50 8.500000e+00 3.270917e-02
-0.50 9.000000e+00 3.267860e-02
-0.50 9.500000e+00 3.258197e-02
-0.50 1.000000e+01 3.227712e-02
-0.50 1.050000e+01 3.132280e-02
-0.50 1.100000e+01 2.842521e-02
-0.50 1.150000e+01 2.084053e-02
-0.50 1.200000e+01 9.776865e-03
-0.50 1.250000e+01 3.371704e-03
-0.50 1.300000e+01 1.083344e-03
-0.50 1.350000e+01 3.436857e-04
-0.50 1.400000e+01 1.278929e-04

-0.49 7.000000e+00 3.011066e-02
-0.49 7.500000e+00 3.063627e-02
-0.49 8.000000e+00 3.063231e-02
-0.49 8.500000e+00 3.061977e-02
-0.49 9.000000e+00 3.058010e-02
-0.49 9.500000e+00 3.045475e-02
-0.49 1.000000e+01 3.005993e-02
-0.49 1.050000e+01 2.883094e-02
-0.49 1.100000e+01 2.518576e-02
-0.49 1.150000e+01 1.660569e-02
-0.49 1.200000e+01 6.923344e-03
-0.49 1.250000e+01 2.308610e-03
-0.49 1.300000e+01 7.372345e-04
-0.49 1.350000e+01 2.335630e-04
-0.49 1.400000e+01 6.677767e-05

-0.48 7.000000e+00 2.912169e-02
-0.48 7.500000e+00 2.865019e-02
-0.48 8.000000e+00 2.864506e-02
-0.48 8.500000e+00 2.862882e-02
-0.48 9.000000e+00 2.857748e-02
-0.48 9.500000e+00 2.841533e-02
-0.48 1.000000e+01 2.790584e-02
-0.48 1.050000e+01 2.633329e-02
-0.48 1.100000e+01 2.183496e-02
-0.48 1.150000e+01 1.271299e-02
-0.48 1.200000e+01 4.825989e-03
-0.48 1.250000e+01 1.576045e-03
-0.48 1.300000e+01 5.013733e-04
-0.48 1.350000e+01 1.586973e-04
-0.48 1.400000e+01 5.507395e-05

-0.47 7.000000e+00 2.761621e-02
-0.47 7.500000e+00 2.676281e-02
-0.47 8.000000e+00 2.675618e-02
-0.47 8.500000e+00 2.673521e-02
-0.47 9.000000e+00 2.666893e-02
-0.47 9.500000e+00 2.645981e-02
-0.47 1.000000e+01 2.580497e-02
-0.47 1.050000e+01 2.380937e-02
-0.47 1.100000e+01 1.840827e-02
-0.47 1.150000e+01 9.385666e-03
-0.47 1.200000e+01 3.330622e-03
-0.47 1.250000e+01 1.073956e-03
-0.47 1.300000e+01 3.408252e-04
-0.47 1.350000e+01 1.078160e-04
-0.47 1.400000e+01 4.067617e-05

-0.46 7.000000e+00 2.538056e-02
-0.46 7.500000e+00 2.497282e-02
-0.46 8.000000e+00 2.496428e-02
-0.46 8.500000e+00 2.493727e-02
-0.46 9.000000e+00 2.485192e-02
-0.46 9.500000e+00 2.458304e-02
-0.46 1.000000e+01 2.374525e-02
-0.46 1.050000e+01 2.124048e-02
-0.46 1.100000e+01 1.499925e-02
-0.46 1.150000e+01 6.732462e-03
-0.46 1.200000e+01 2.284530e-03
-0.46 1.250000e+01 7.309739e-04
-0.46 1.300000e+01 2.316224e-04
-0.46 1.350000e+01 7.324237e-05
-0.46 1.400000e+01 2.531239e-05

-0.45 7.000000e+00 2.391123e-02
-0.45 7.500000e+00 2.327846e-02
-0.45 8.000000e+00 2.326749e-02
-0.45 8.500000e+00 2.323278e-02
-0.45 9.000000e+00 2.312315e-02
-0.45 9.500000e+00 2.277855e-02
-0.45 1.000000e+01 2.171258e-02
-0.45 1.050000e+01 1.861594e-02
-0.45 1.100000e+01 1.176276e-02
-0.45 1.150000e+01 4.731905e-03
-0.45 1.200000e+01 1.561138e-03
-0.45 1.250000e+01 4.971623e-04
-0.45 1.300000e+01 1.573799e-04
-0.45 1.350000e+01 4.975288e-05
-0.45 1.400000e+01 1.819907e-05

-0.44 7.000000e+00 2.178758e-02
-0.44 7.500000e+00 2.167758e-02
-0.44 8.000000e+00 2.166350e-02
-0.44 8.500000e+00 2.161899e-02
-0.44 9.000000e+00 2.147856e-02
-0.44 9.500000e+00 2.103844e-02
-0.44 1.000000e+01 1.969141e-02
-0.44 1.050000e+01 1.594337e-02
-0.44 1.100000e+01 8.878093e-03
-0.44 1.150000e+01 3.281926e-03
-0.44 1.200000e+01 1.064371e-03
-0.44 1.250000e+01 3.379796e-04
-0.44 1.300000e+01 1.069214e-04
-0.44 1.350000e+01 3.379546e-05
-0.44 1.400000e+01 1.096311e-05

-0.43 7.000000e+00 2.049173e-02
-0.43 7.500000e+00 2.016762e-02
-0.43 8.000000e+00 2.014960e-02
-0.43 8.500000e+00 2.009267e-02
-0.43 9.000000e+00 1.991325e-02
-0.43 9.500000e+00 1.935334e-02
-0.43 1.000000e+01 1.766621e-02
-0.43 1.050000e+01 1.326256e-02
-0.43 1.100000e+01 6.480035e-03
-0.43 1.150000e+01 2.257557e-03
-0.43 1.200000e+01 7.246623e-04
-0.43 1.250000e+01 2.296946e-04
-0.43 1.300000e+01 7.263476e-05
-0.43 1.350000e+01 2.295556e-05
-0.43 1.400000e+01 7.886025e-06

-0.42 7.000000e+00 1.877617e-02
-0.42 7.500000e+00 1.874574e-02
-0.42 8.000000e+00 1.872273e-02
-0.42 8.500000e+00 1.865006e-02
-0.42 9.000000e+00 1.842146e-02
-0.42 9.500000e+00 1.771246e-02
-0.42 1.000000e+01 1.562437e-02
-0.42 1.050000e+01 1.065648e-02
-0.42 1.100000e+01 4.609609e-03
-0.42 1.150000e+01 1.545176e-03
-0.42 1.200000e+01 4.929479e-04
-0.42 1.250000e+01 1.560722e-04
-0.42 1.300000e+01 4.934018e-05
-0.42 1.350000e+01 1.559230e-05
-0.42 1.400000e+01 4.959009e-06

-0.41 7.000000e+00 1.768630e-02
-0.41 7.500000e+00 1.740881e-02
-0.41 8.000000e+00 1.737949e-02
-0.41 8.500000e+00 1.728694e-02
-0.41 9.000000e+00 1.699654e-02
-0.41 9.500000e+00 1.610377e-02
-0.41 1.000000e+01 1.356147e-02
-0.41 1.050000e+01 8.245093e-03
-0.41 1.100000e+01 3.221449e-03
-0.41 1.150000e+01 1.054422e-03
-0.41 1.200000e+01 3.351432e-04
-0.41 1.250000e+01 1.060337e-04
-0.41 1.300000e+01 3.351513e-05
-0.41 1.350000e+01 1.059078e-05
-0.41 1.400000e+01 3.624041e-06

-0.40 7.000000e+00 1.657744e-02
-0.40 7.500000e+00 1.615348e-02
-0.40 8.000000e+00 1.611618e-02
-0.40 8.500000e+00 1.599857e-02
-0.40 9.000000e+00 1.563090e-02
-0.40 9.500000e+00 1.451472e-02
-0.40 1.000000e+01 1.148933e-02
-0.40 1.050000e+01 6.150393e-03
-0.40 1.100000e+01 2.225953e-03
-0.40 1.150000e+01 7.182368e-04
-0.40 1.200000e+01 2.277776e-04
-0.40 1.250000e+01 7.203202e-05
-0.40 1.300000e+01 2.276515e-05
-0.40 1.350000e+01 7.193531e-06
-0.40 1.400000e+01 2.588566e-06

-0.39 7.000000e+00 1.460425e-02
-0.39 7.500000e+00 1.497619e-02
-0.39 8.000000e+00 1.492883e-02
-0.39 8.500000e+00 1.477973e-02
-0.39 9.000000e+00 1.431598e-02
-0.39 9.500000e+00 1.293354e-02
-0.39 1.000000e+01 9.445416e-03
-0.39 1.050000e+01 4.448021e-03
-0.39 1.100000e+01 1.527472e-03
-0.39 1.150000e+01 4.887064e-04
-0.39 1.200000e+01 1.547734e-04
-0.39 1.250000e+01 4.893083e-05
-0.39 1.300000e+01 1.546297e-05
-0.39 1.350000e+01 4.886008e-06
-0.39 1.400000e+01 1.351205e-06

-0.38 7.000000e+00 1.409646e-02
-0.38 7.500000e+00 1.387324e-02
-0.38 8.000000e+00 1.381322e-02
-0.38 8.500000e+00 1.362466e-02
-0.38 9.000000e+00 1.304240e-02
-0.38 9.500000e+00 1.135177e-02
-0.38 1.000000e+01 7.497719e-03
-0.38 1.050000e+01 3.143407e-03
-0.38 1.100000e+01 1.043842e-03
-0.38 1.150000e+01 3.323074e-04
-0.38 1.200000e+01 1.051527e-04
-0.38 1.250000e+01 3.323711e-05
-0.38 1.300000e+01 1.050293e-05
-0.38 1.350000e+01 3.318675e-06
-0.38 1.400000e+01 1.128984e-06

-0.37 7.000000e+00 1.315377e-02
-0.37 7.500000e+00 1.284080e-02
-0.37 8.000000e+00 1.276487e-02
-0.37 8.500000e+00 1.252706e-02
-0.37 9.000000e+00 1.180015e-02
-0.37 9.500000e+00 9.768539e-03
-0.37 1.000000e+01 5.734674e-03
-0.37 1.050000e+01 2.187130e-03
-0.37 1.100000e+01 7.115970e-04
-0.37 1.150000e+01 2.258678e-04
-0.37 1.200000e+01 7.143401e-05
-0.37 1.250000e+01 2.257631e-05
-0.37 1.300000e+01 7.133863e-06
-0.37 1.350000e+01 2.254106e-06
-0.37 1.400000e+01 7.961987e-07

-0.36 7.000000e+00 1.207408e-02
-0.36 7.500000e+00 1.187493e-02
-0.36 8.000000e+00 1.177906e-02
-0.36 8.500000e+00 1.148006e-02
-0.36 9.000000e+00 1.057926e-02
-0.36 9.500000e+00 8.196584e-03
-0.36 1.000000e+01 4.235942e-03
-0.36 1.050000e+01 1.506959e-03
-0.36 1.100000e+01 4.844000e-04
-0.36 1.150000e+01 1.534822e-04
-0.36 1.200000e+01 4.852478e-05
-0.36 1.250000e+01 1.533471e-05
-0.36 1.300000e+01 4.845480e-06
-0.36 1.350000e+01 1.531028e-06
-0.36 1.400000e+01 5.188184e-07

-0.35 7.000000e+00 1.126691e-02
-0.35 7.500000e+00 1.097161e-02
-0.35 8.000000e+00 1.085081e-02
-0.35 8.500000e+00 1.047626e-02
-0.35 9.000000e+00 9.370895e-03
-0.35 9.500000e+00 6.668326e-03
-0.35 1.000000e+01 3.040514e-03
-0.35 1.050000e+01 1.032215e-03
-0.35 1.100000e+01 3.294577e-04
-0.35 1.150000e+01 1.042778e-04
-0.35 1.200000e+01 3.296136e-05
-0.35 1.250000e+01 1.041581e-05
-0.35 1.300000e+01 3.291147e-06
-0.35 1.350000e+01 1.039900e-06
-0.35 1.400000e+01 3.681646e-07

-0.34 7.000000e+00 1.009348e-02
-0.34 7.500000e+00 1.012673e-02
-0.34 8.000000e+00 9.974861e-03
-0.34 8.500000e+00 9.507796e-03
-0.34 9.000000e+00 8.169524e-03
-0.34 9.500000e+00 5.237002e-03
-0.34 1.000000e+01 2.137435e-03
-0.34 1.050000e+01 7.045824e-04
-0.34 1.100000e+01 2.239600e-04
-0.34 1.150000e+01 7.084052e-05
-0.34 1.200000e+01 2.238903e-05
-0.34 1.250000e+01 7.074688e-06
-0.34 1.300000e+01 2.235408e-06
-0.34 1.350000e+01 7.063168e-07
-0.34 1.400000e+01 2.145636e-07

-0.33 7.000000e+00 9.522304e-03
-0.33 7.500000e+00 9.336128e-03
-0.33 8.000000e+00 9.145662e-03
-0.33 8.500000e+00 8.566598e-03
-0.33 9.000000e+00 6.976216e-03
-0.33 9.500000e+00 3.965776e-03
-0.33 1.000000e+01 1.482039e-03
-0.33 1.050000e+01 4.799680e-04
-0.33 1.100000e+01 1.521965e-04
-0.33 1.150000e+01 4.812194e-05
-0.33 1.200000e+01 1.520750e-05
-0.33 1.250000e+01 4.805287e-06
-0.33 1.300000e+01 1.518328e-06
-0.33 1.350000e+01 4.797416e-07
-0.33 1.400000e+01 1.616239e-07

-0.32 7.000000e+00 8.625131e-03
-0.32 7.500000e+00 8.595522e-03
-0.32 8.000000e+00 8.357357e-03
-0.32 8.500000e+00 7.644910e-03
-0.32 9.000000e+00 5.803036e-03
-0.32 9.500000e+00 2.904980e-03
-0.32 1.000000e+01 1.018890e-03
-0.32 1.050000e+01 3.265715e-04
-0.32 1.100000e+01 1.034083e-04
-0.32 1.150000e+01 3.268783e-05
-0.32 1.200000e+01 1.032941e-05
-0.32 1.250000e+01 3.263848e-06
-0.32 1.300000e+01 1.031274e-06
-0.32 1.350000e+01 3.258480e-07
-0.32 1.400000e+01 1.003140e-07

-0.31 7.000000e+00 8.098657e-03
-0.31 7.500000e+00 7.900552e-03
-0.31 8.000000e+00 7.603811e-03
-0.31 8.500000e+00 6.736266e-03
-0.31 9.000000e+00 4.676783e-03
-0.31 9.500000e+00 2.072136e-03
-0.31 1.000000e+01 6.969391e-04
-0.31 1.050000e+01 2.220455e-04
-0.31 1.100000e+01 7.025124e-05
-0.31 1.150000e+01 2.220327e-05
-0.31 1.200000e+01 7.016004e-06
-0.31 1.250000e+01 2.216866e-06
-0.31 1.300000e+01 7.004579e-07
-0.31 1.350000e+01 2.213210e-07
-0.31 1.400000e+01 7.427322e-08

-0.30 7.000000e+00 7.521476e-03
-0.30 7.500000e+00 7.246730e-03
-0.30 8.000000e+00 6.878688e-03
-0.30 8.500000e+00 5.837191e-03
-0.30 9.000000e+00 3.637989e-03
-0.30 9.500000e+00 1.450420e-03
-0.30 1.000000e+01 4.753135e-04
-0.30 1.050000e+01 1.509131e-04
-0.30 1.100000e+01 4.772217e-05
-0.30 1.150000e+01 1.508134e-05
-0.30 1.200000e+01 4.765428e-06
-0.30 1.250000e+01 1.505734e-06
-0.30 1.300000e+01 4.757622e-07
-0.30 1.350000e+01 1.503246e-07
-0.30 1.400000e+01 5.236258e-08

-0.29 7.000000e+00 6.539735e-03
-0.29 7.500000e+00 6.629435e-03
-0.29 8.000000e+00 6.175667e-03
-0.29 8.500000e+00 4.949757e-03
-0.29 9.000000e+00 2.730775e-03
-0.29 9.500000e+00 1.002882e-03
-0.29 1.000000e+01 3.236120e-04
-0.29 1.050000e+01 1.025428e-04
-0.29 1.100000e+01 3.241647e-05
-0.29 1.150000e+01 1.024373e-05
-0.29 1.200000e+01 3.236774e-06
-0.29 1.250000e+01 1.022720e-06
-0.29 1.300000e+01 3.231451e-07
-0.29 1.350000e+01 1.021028e-07
-0.29 1.400000e+01 2.733258e-08

-0.28 7.000000e+00 6.305691e-03
-0.28 7.500000e+00 6.043898e-03
-0.28 8.000000e+00 5.488875e-03
-0.28 8.500000e+00 4.084714e-03
-0.28 9.000000e+00 1.985929e-03
-0.28 9.500000e+00 6.882709e-04
-0.28 1.000000e+01 2.201107e-04
-0.28 1.050000e+01 6.966570e-05
-0.28 1.100000e+01 2.201902e-05
-0.28 1.150000e+01 6.957806e-06
-0.28 1.200000e+01 2.198477e-06
-0.28 1.250000e+01 6.946477e-07
-0.28 1.300000e+01 2.194852e-07
-0.28 1.350000e+01 6.934978e-08
-0.28 1.400000e+01 2.313779e-08

-0.27 7.000000e+00 5.776204e-03
-0.27 7.500000e+00 5.485225e-03
-0.27 8.000000e+00 4.813691e-03
-0.27 8.500000e+00 3.263604e-03
-0.27 9.000000e+00 1.409062e-03
-0.27 9.500000e+00 4.702826e-04
-0.27 1.000000e+01 1.496269e-04
-0.27 1.050000e+01 4.732529e-05
-0.27 1.100000e+01 1.495622e-05
-0.27 1.150000e+01 4.725899e-06
-0.27 1.200000e+01 1.493244e-06
-0.27 1.250000e+01 4.718158e-07
-0.27 1.300000e+01 1.490777e-07
-0.27 1.350000e+01 4.710343e-08
-0.27 1.400000e+01 1.558201e-08

-0.26 7.000000e+00 5.296026e-03
-0.26 7.500000e+00 4.948465e-03
-0.26 8.000000e+00 4.148093e-03
-0.26 8.500000e+00 2.516700e-03
-0.26 9.000000e+00 9.827619e-04
-0.26 9.500000e+00 3.205207e-04
-0.26 1.000000e+01 1.016795e-04
-0.26 1.050000e+01 3.214720e-05
-0.26 1.100000e+01 1.015874e-05
-0.26 1.150000e+01 3.209925e-06
-0.26 1.200000e+01 1.014236e-06
-0.26 1.250000e+01 3.204646e-07
-0.26 1.300000e+01 1.012559e-07
-0.26 1.350000e+01 3.199336e-08
-0.26 1.400000e+01 1.063282e-08

-0.25 7.000000e+00 4.873464e-03
-0.25 7.500000e+00 4.428791e-03
-0.25 8.000000e+00 3.494598e-03
-0.25 8.500000e+00 1.874263e-03
-0.25 9.000000e+00 6.779736e-04
-0.25 9.500000e+00 2.181334e-04
-0.25 1.000000e+01 6.908315e-05
-0.25 1.050000e+01 2.183624e-05
-0.25 1.100000e+01 6.900088e-06
-0.25 1.150000e+01 2.180241e-06
-0.25 1.200000e+01 6.888857e-07
-0.25 1.250000e+01 2.176646e-07
-0.25 1.300000e+01 6.877453e-08
-0.25 1.350000e+01 2.173038e-08
-0.25 1.400000e+01 7.447311e-09

-0.24 7.000000e+00 4.236309e-03
-0.24 7.500000e+00 3.921862e-03
-0.24 8.000000e+00 2.862439e-03
-0.24 8.500000e+00 1.354410e-03
-0.24 9.000000e+00 4.646343e-04
-0.24 9.500000e+00 1.483296e-04
-0.24 1.000000e+01 4.693101e-05
-0.24 1.050000e+01 1.483211e-05
-0.24 1.100000e+01 4.686697e-06
-0.24 1.150000e+01 1.480858e-06
-0.24 1.200000e+01 4.679021e-07
-0.24 1.250000e+01 1.478411e-07
-0.24 1.300000e+01 4.671271e-08
-0.24 1.350000e+01 1.475960e-08
-0.24 1.400000e+01 4.199108e-09

-0.23 7.000000e+00 3.985529e-03
-0.23 7.500000e+00 3.424466e-03
-0.23 8.000000e+00 2.268609e-03
-0.23 8.500000e+00 9.565912e-04
-0.23 9.000000e+00 3.172045e-04
-0.23 9.500000e+00 1.008153e-04
-0.23 1.000000e+01 3.187991e-05
-0.23 1.050000e+01 1.007446e-05
-0.23 1.100000e+01 3.183299e-06
-0.23 1.150000e+01 1.005823e-06
-0.23 1.200000e+01 3.178064e-07
-0.23 1.250000e+01 1.004159e-07
-0.23 1.300000e+01 3.172798e-08
-0.23 1.350000e+01 1.002495e-08
-0.23 1.400000e+01 3.312363e-09

-0.22 7.000000e+00 3.486531e-03
-0.22 7.500000e+00 2.935579e-03
-0.22 8.000000e+00 1.735385e-03
-0.22 8.500000e+00 6.651597e-04
-0.22 9.000000e+00 2.160783e-04
-0.22 9.500000e+00 6.850241e-05
-0.22 1.000000e+01 2.165488e-05
-0.22 1.050000e+01 6.842846e-06
-0.22 1.100000e+01 2.162156e-06
-0.22 1.150000e+01 6.831714e-07
-0.22 1.200000e+01 2.158590e-07
-0.22 1.250000e+01 6.820405e-08
-0.22 1.300000e+01 2.155013e-08
-0.22 1.350000e+01 6.809096e-09
-0.22 1.400000e+01 2.029170e-09

-0.21 7.000000e+00 3.203398e-03
-0.21 7.500000e+00 2.457819e-03
-0.21 8.000000e+00 1.283157e-03
-0.21 8.500000e+00 4.579987e-04
-0.21 9.000000e+00 1.470077e-04
-0.21 9.500000e+00 4.653888e-05
-0.21 1.000000e+01 1.470899e-05
-0.21 1.050000e+01 4.647819e-06
-0.21 1.100000e+01 1.468574e-06
-0.21 1.150000e+01 4.640209e-07
-0.21 1.200000e+01 1.466148e-07
-0.21 1.250000e+01 4.632523e-08
-0.21 1.300000e+01 1.463717e-08
-0.21 1.350000e+01 4.624842e-09
-0.21 1.400000e+01 1.522174e-09

-0.20 7.000000e+00 2.917094e-03
-0.20 7.500000e+00 1.998926e-03
-0.20 8.000000e+00 9.220216e-04
-0.20 8.500000e+00 3.135170e-04
-0.20 9.000000e+00 9.994509e-05
-0.20 9.500000e+00 3.161442e-05
-0.20 1.000000e+01 9.990864e-06
-0.20 1.050000e+01 3.156893e-06
-0.20 1.100000e+01 9.974799e-07
-0.20 1.150000e+01 3.151702e-07
-0.20 1.200000e+01 9.958301e-08
-0.20 1.250000e+01 3.146480e-08
-0.20 1.300000e+01 9.941791e-09
-0.20 1.350000e+01 3.141263e-09
-0.20 1.400000e+01 1.131594e-09

-0.19 7.000000e+00 2.462354e-03
-0.19 7.500000e+00 1.572110e-03
-0.19 8.000000e+00 6.486022e-04
-0.19 8.500000e+00 2.138891e-04
-0.19 9.000000e+00 6.792160e-05
-0.19 9.500000e+00 2.147487e-05
-0.19 1.000000e+01 6.786075e-06
-0.19 1.050000e+01 2.144221e-06
-0.19 1.100000e+01 6.775045e-07
-0.19 1.150000e+01 2.140685e-07
-0.19 1.200000e+01 6.763830e-08
-0.19 1.250000e+01 2.137137e-08
-0.19 1.300000e+01 6.752615e-09
-0.19 1.350000e+01 2.133593e-09
-0.19 1.400000e+01 6.995049e-10

-0.18 7.000000e+00 2.243892e-03
-0.18 7.500000e+00 1.193547e-03
-0.18 8.000000e+00 4.498269e-04
-0.18 8.500000e+00 1.456401e-04
-0.18 9.000000e+00 4.614818e-05
-0.18 9.500000e+00 1.458684e-05
-0.18 1.000000e+01 4.609261e-06
-0.18 1.050000e+01 1.456392e-06
-0.18 1.100000e+01 4.601718e-07
-0.18 1.150000e+01 1.453986e-07
-0.18 1.200000e+01 4.594096e-08
-0.18 1.250000e+01 1.451576e-08
-0.18 1.300000e+01 4.586479e-09
-0.18 1.350000e+01 1.449169e-09
-0.18 1.400000e+01 5.528883e-10

-0.17 7.000000e+00 1.706108e-03
-0.17 7.500000e+00 8.767148e-04
-0.17 8.000000e+00 3.092323e-04
-0.17 8.500000e+00 9.906089e-05
-0.17 9.000000e+00 3.135046e-05
-0.17 9.500000e+00 9.907939e-06
-0.17 1.000000e+01 3.130705e-06
-0.17 1.050000e+01 9.892059e-07
-0.17 1.100000e+01 3.125559e-07
-0.17 1.150000e+01 9.875697e-08
-0.17 1.200000e+01 3.120380e-08
-0.17 1.250000e+01 9.859324e-09
-0.17 1.300000e+01 3.115206e-09
-0.17 1.350000e+01 9.842975e-10
-0.17 1.400000e+01 3.049467e-10

-0.16 7.000000e+00 1.417830e-03
-0.16 7.500000e+00 6.267671e-04
-0.16 8.000000e+00 2.114769e-04
-0.16 8.500000e+00 6.733771e-05
-0.16 9.000000e+00 2.129610e-05
-0.16 9.500000e+00 6.729766e-06
-0.16 1.000000e+01 2.126434e-06
-0.16 1.050000e+01 6.718847e-07
-0.16 1.100000e+01 2.122928e-07
-0.16 1.150000e+01 6.707724e-08
-0.16 1.200000e+01 2.119410e-08
-0.16 1.250000e+01 6.696603e-09
-0.16 1.300000e+01 2.115895e-09
-0.16 1.350000e+01 6.685498e-10
-0.16 1.400000e+01 2.179116e-10

-0.15 7.000000e+00 1.123344e-03
-0.15 7.500000e+00 4.393469e-04
-0.15 8.000000e+00 1.441926e-04
-0.15 8.500000e+00 4.575779e-05
-0.15 9.000000e+00 1.446561e-05
-0.15 9.500000e+00 4.571021e-06
-0.15 1.000000e+01 1.444311e-06
-0.15 1.050000e+01 4.563547e-07
-0.15 1.100000e+01 1.441925e-07
-0.15 1.150000e+01 4.555989e-08
-0.15 1.200000e+01 1.439535e-08
-0.15 1.250000e+01 4.548434e-09
-0.15 1.300000e+01 1.437148e-09
-0.15 1.350000e+01 4.540892e-10
-0.15 1.400000e+01 1.506455e-10

-0.14 7.000000e+00 8.365286e-04
-0.14 7.500000e+00 3.040118e-04
-0.14 8.000000e+00 9.814983e-05
-0.14 8.500000e+00 3.108760e-05
-0.14 9.000000e+00 9.825667e-06
-0.14 9.500000e+00 3.104734e-06
-0.14 1.000000e+01 9.810004e-07
-0.14 1.050000e+01 3.099633e-07
-0.14 1.100000e+01 9.793779e-08
-0.14 1.150000e+01 3.094497e-08
-0.14 1.200000e+01 9.777542e-09
-0.14 1.250000e+01 3.089366e-09
-0.14 1.300000e+01 9.761328e-10
-0.14 1.350000e+01 3.084243e-10
-0.14 1.400000e+01 1.001398e-10

-0.13 7.000000e+00 6.904698e-04
-0.13 7.500000e+00 2.087040e-04
-0.13 8.000000e+00 6.674590e-05
-0.13 8.500000e+00 2.111841e-05
-0.13 9.000000e+00 6.673911e-06
-0.13 9.500000e+00 2.108794e-06
-0.13 1.000000e+01 6.663114e-07
-0.13 1.050000e+01 2.105319e-07
-0.13 1.100000e+01 6.652084e-08
-0.13 1.150000e+01 2.101829e-08
-0.13 1.200000e+01 6.641055e-09
-0.13 1.250000e+01 2.098344e-09
-0.13 1.300000e+01 6.630042e-10
-0.13 1.350000e+01 2.094864e-10
-0.13 1.400000e+01 7.863497e-11

-0.12 7.000000e+00 3.916844e-04
-0.12 7.500000e+00 1.426115e-04
-0.12 8.000000e+00 4.536588e-05
-0.12 8.500000e+00 1.434524e-05
-0.12 9.000000e+00 4.533093e-06
-0.12 9.500000e+00 1.432331e-06
-0.12 1.000000e+01 4.525693e-07
-0.12 1.050000e+01 1.429965e-07
-0.12 1.100000e+01 4.518197e-08
-0.12 1.150000e+01 1.427594e-08
-0.12 1.200000e+01 4.510705e-09
-0.12 1.250000e+01 1.425227e-09
-0.12 1.300000e+01 4.503225e-10
-0.12 1.350000e+01 1.422864e-10
-0.12 1.400000e+01 4.104641e-11

-0.11 7.000000e+00 3.034320e-04
-0.11 7.500000e+00 9.719135e-05
-0.11 8.000000e+00 3.082515e-05
-0.11 8.500000e+00 9.744021e-06
-0.11 9.000000e+00 3.078976e-06
-0.11 9.500000e+00 9.728630e-07
-0.11 1.000000e+01 3.073922e-07
-0.11 1.050000e+01 9.712540e-08
-0.11 1.100000e+01 3.068828e-08
-0.11 1.150000e+01 9.696438e-09
-0.11 1.200000e+01 3.063739e-09
-0.11 1.250000e+01 9.680359e-10
-0.11 1.300000e+01 3.058659e-10
-0.11 1.350000e+01 9.664306e-11
-0.11 1.400000e+01 3.119581e-11

-0.10 7.000000e+00 2.187938e-04
-0.10 7.500000e+00 6.613841e-05
-0.10 8.000000e+00 2.094154e-05
-0.10 8.500000e+00 6.618499e-06
-0.10 9.000000e+00 2.091301e-06
-0.10 9.500000e+00 6.607844e-07
-0.10 1.000000e+01 2.087855e-07
-0.10 1.050000e+01 6.596906e-08
-0.10 1.100000e+01 2.084395e-08
-0.10 1.150000e+01 6.585968e-09
-0.10 1.200000e+01 2.080938e-09
-0.10 1.250000e+01 6.575046e-10
-0.10 1.300000e+01 2.077488e-10
-0.10 1.350000e+01 6.564143e-11
-0.10 1.400000e+01 2.214578e-11

-0.09 7.000000e+00 1.432519e-04
-0.09 7.500000e+00 4.496955e-05
-0.09 8.000000e+00 1.422561e-05
-0.09 8.500000e+00 4.495472e-06
-0.09 9.000000e+00 1.420449e-06
-0.09 9.500000e+00 4.488153e-07
-0.09 1.000000e+01 1.418103e-07
-0.09 1.050000e+01 4.480719e-08
-0.09 1.100000e+01 1.415753e-08
-0.09 1.150000e+01 4.473289e-09
-0.09 1.200000e+01 1.413405e-09
-0.09 1.250000e+01 4.465871e-10
-0.09 1.300000e+01 1.411061e-10
-0.09 1.350000e+01 4.458466e-11
-0.09 1.400000e+01 1.433582e-11

-0.08 7.000000e+00 1.121886e-04
-0.08 7.500000e+00 3.056202e-05
-0.08 8.000000e+00 9.662963e-06
-0.08 8.500000e+00 3.053429e-06
-0.08 9.000000e+00 9.647930e-07
-0.08 9.500000e+00 3.048424e-07
-0.08 1.000000e+01 9.631975e-08
-0.08 1.050000e+01 3.043372e-08
-0.08 1.100000e+01 9.616006e-09
-0.08 1.150000e+01 3.038326e-09
-0.08 1.200000e+01 9.600061e-10
-0.08 1.250000e+01 3.033288e-10
-0.08 1.300000e+01 9.584141e-11
-0.08 1.350000e+01 3.028257e-11
-0.08 1.400000e+01 1.118392e-11

-0.07 7.000000e+00 6.017843e-05
-0.07 7.500000e+00 2.076507e-05
-0.07 8.000000e+00 6.563513e-06
-0.07 8.500000e+00 2.073951e-06
-0.07 9.000000e+00 6.553031e-07
-0.07 9.500000e+00 2.070537e-07
-0.07 1.000000e+01 6.542185e-08
-0.07 1.050000e+01 2.067105e-08
-0.07 1.100000e+01 6.531338e-09
-0.07 1.150000e+01 2.063677e-09
-0.07 1.200000e+01 6.520507e-10
-0.07 1.250000e+01 2.060255e-10
-0.07 1.300000e+01 6.509694e-11
-0.07 1.350000e+01 2.056838e-11
-0.07 1.400000e+01 5.967940e-12

-0.06 7.000000e+00 4.508522e-05
-0.06 7.500000e+00 1.410659e-05
-0.06 8.000000e+00 4.458151e-06
-0.06 8.500000e+00 1.408665e-06
-0.06 9.000000e+00 4.450923e-07
-0.06 9.500000e+00 1.406340e-07
-0.06 1.000000e+01 4.443552e-08
-0.06 1.050000e+01 1.404009e-08
-0.06 1.100000e+01 4.436184e-09
-0.06 1.150000e+01 1.401681e-09
-0.06 1.200000e+01 4.428827e-10
-0.06 1.250000e+01 1.399356e-10
-0.06 1.300000e+01 4.421483e-11
-0.06 1.350000e+01 1.397036e-11
-0.06 1.400000e+01 4.465934e-12

-0.05 7.000000e+00 3.079199e-05
-0.05 7.500000e+00 9.582430e-06
-0.05 8.000000e+00 3.028089e-06
-0.05 8.500000e+00 9.567897e-07
-0.05 9.000000e+00 3.023137e-07
-0.05 9.500000e+00 9.552079e-08
-0.05 1.000000e+01 3.018128e-08
-0.05 1.050000e+01 9.536242e-09
-0.05 1.100000e+01 3.013123e-09
-0.05 1.150000e+01 9.520429e-10
-0.05 1.200000e+01 3.008127e-10
-0.05 1.250000e+01 9.504641e-11
-0.05 1.300000e+01 3.003138e-11
-0.05 1.350000e+01 9.488879e-12
-0.05 1.400000e+01 3.047285e-12

-0.04 7.000000e+00 2.074889e-05
-0.04 7.500000e+00 6.508928e-06
-0.04 8.000000e+00 2.056743e-06
-0.04 8.500000e+00 6.498673e-07
-0.04 9.000000e+00 2.053362e-07
-0.04 9.500000e+00 6.487918e-08
-0.04 1.000000e+01 2.049958e-08
-0.04 1.050000e+01 6.477160e-09
-0.04 1.100000e+01 2.046559e-09
-0.04 1.150000e+01 6.466420e-10
-0.04 1.200000e+01 2.043165e-10
-0.04 1.250000e+01 6.455696e-11
-0.04 1.300000e+01 2.039777e-11
-0.04 1.350000e+01 6.444991e-12
-0.04 1.400000e+01 2.052290e-12

-0.03 7.000000e+00 1.626303e-05
-0.03 7.500000e+00 4.421119e-06
-0.03 8.000000e+00 1.396979e-06
-0.03 8.500000e+00 4.414003e-07
-0.03 9.000000e+00 1.394675e-07
-0.03 9.500000e+00 4.406693e-08
-0.03 1.000000e+01 1.392363e-08
-0.03 1.050000e+01 4.399386e-09
-0.03 1.100000e+01 1.390054e-09
-0.03 1.150000e+01 4.392090e-10
-0.03 1.200000e+01 1.387749e-10
-0.03 1.250000e+01 4.384807e-11
-0.03 1.300000e+01 1.385448e-11
-0.03 1.350000e+01 4.377536e-12
-0.03 1.400000e+01 1.608266e-12

-0.02 7.000000e+00 8.398473e-06
-0.02 7.500000e+00 3.002952e-06
-0.02 8.000000e+00 9.488526e-07
-0.02 8.500000e+00 2.998060e-07
-0.02 9.000000e+00 9.472845e-08
-0.02 9.500000e+00 2.993093e-08
-0.02 1.000000e+01 9.457140e-09
-0.02 1.050000e+01 2.988130e-09
-0.02 1.100000e+01 9.441457e-10
-0.02 1.150000e+01 2.983174e-10
-0.02 1.200000e+01 9.425801e-11
-0.02 1.250000e+01 2.978227e-11
-0.02 1.300000e+01 9.410170e-12
-0.02 1.350000e+01 2.973289e-12
-0.02 1.400000e+01 8.302941e-13

-0.01 7.000000e+00 6.467265e-06
-0.01 7.500000e+00 2.039675e-06
-0.01 8.000000e+00 6.444765e-07
-0.01 8.500000e+00 2.036329e-07
-0.01 9.000000e+00 6.434101e-08
-0.01 9.500000e+00 2.032954e-08
-0.01 1.000000e+01 6.423433e-09
-0.01 1.050000e+01 2.029583e-09
-0.01 1.100000e+01 6.412781e-10
-0.01 1.150000e+01 2.026217e-10
-0.01 1.200000e+01 6.402147e-11
-0.01 1.250000e+01 2.022857e-11
-0.01 1.300000e+01 6.391530e-12
-0.01 1.350000e+01 2.019503e-12
-0.01 1.400000e+01 6.393346e-13

0.00 7.000000e+00 4.384361e-06
0.00 7.500000e+00 1.385389e-06
0.00 8.000000e+00 4.377388e-07
0.00 8.500000e+00 1.383106e-07
0.00 9.000000e+00 4.370139e-08
0.00 9.500000e+00 1.380813e-08
0.00 1.000000e+01 4.362893e-09
0.00 1.050000e+01 1.378524e-09
0.00 1.100000e+01 4.355658e-10
0.00 1.150000e+01 1.376238e-10
0.00 1.200000e+01 4.348435e-11
0.00 1.250000e+01 1.373955e-11
0.00 1.300000e+01 4.341224e-12
0.00 1.350000e+01 1.371677e-12
0.00 1.400000e+01 4.334025e-13
