
-3.00 7.000000e+00 9.085805e+03 4.542895e+03 1.459719e-02
-3.00 9.333333e+00 9.085805e+03 4.542895e+03 1.459719e-02
-3.00 1.166667e+01 9.085805e+03 4.542895e+03 1.459719e-02
-3.00 1.400000e+01 9.085805e+03 4.542895e+03 1.459719e-02

-2.90 7.000000e+00 1.551113e+04 7.755564e+03 1.834821e-03
-2.90 9.333333e+00 1.551113e+04 7.755564e+03 1.834821e-03
-2.90 1.166667e+01 1.551113e+04 7.755564e+03 1.834821e-03
-2.90 1.400000e+01 1.551113e+04 7.755564e+03 1.834821e-03

-2.79 7.000000e+00 2.648037e+04 1.324018e+04 2.306313e-04
-2.79 9.333333e+00 2.648037e+04 1.324018e+04 2.306313e-04
-2.79 1.166667e+01 2.648037e+04 1.324018e+04 2.306313e-04
-2.79 1.400000e+01 2.648037e+04 1.324018e+04 2.306313e-04

-2.69 7.000000e+00 4.520689e+04 2.260344e+04 2.898964e-05
-2.69 9.333333e+00 4.520689e+04 2.260344e+04 2.898964e-05
-2.69 1.166667e+01 4.520689e+04 2.260344e+04 2.898964e-05
-2.69 1.400000e+01 4.520689e+04 2.260344e+04 2.898964e-05

-2.59 7.000000e+00 7.717652e+04 3.858826e+04 3.643907e-06
-2.59 9.333333e+00 7.717652e+04 3.858826e+04 3.643907e-06
-2.59 1.166667e+01 7.717652e+04 3.858826e+04 3.643907e-06
-2.59 1.400000e+01 7.717652e+04 3.858826e+04 3.643907e-06

-2.48 7.000000e+00 1.317545e+05 6.587725e+04 4.580276e-07
-2.48 9.333333e+00 1.317545e+05 6.587725e+04 4.580276e-07
-2.48 1.166667e+01 1.317545e+05 6.587725e+04 4.580276e-07
-2.48 1.400000e+01 1.317545e+05 6.587725e+04 4.580276e-07

-2.38 7.000000e+00 2.249264e+05 1.124632e+05 5.757226e-08
-2.38 9.333333e+00 2.249264e+05 1.124632e+05 5.757226e-08
-2.38 1.166667e+01 2.249264e+05 1.124632e+05 5.757226e-08
-2.38 1.400000e+01 2.249264e+05 1.124632e+05 5.757226e-08

-2.28 7.000000e+00 3.839417e+05 1.919708e+05 7.236189e-09
-2.28 9.333333e+00 3.839417e+05 1.919708e+05 7.236189e-09
-2.28 1.166667e+01 3.839417e+05 1.919708e+05 7.236189e-09
-2.28 1.400000e+01 3.839417e+05 1.919708e+05 7.236189e-09

-2.17 7.000000e+00 6.546320e+05 3.273160e+05 9.089920e-10
-2.17 9.333333e+00 6.546320e+05 3.273160e+05 9.089920e-10
-2.17 1.166667e+01 6.546320e+05 3.273160e+05 9.089920e-10
-2.17 1.400000e+01 6.546320e+05 3.273160e+05 9.089920e-10

-2.07 7.000000e+00 1.103906e+06 5.519531e+05 1.135564e-10
-2.07 9.333333e+00 1.103906e+06 5.519531e+05 1.135564e-10
-2.07 1.166667e+01 1.103906e+06 5.519531e+05 1.135564e-10
-2.07 1.400000e+01 1.103906e+06 5.519531e+05 1.135564e-10

-1.97 7.000000e+00 1.687394e+06 8.436968e+05 1.350635e-11
-1.97 9.333333e+00 1.687394e+06 8.436968e+05 1.350635e-11
-1.97 1.166667e+01 1.687394e+06 8.436968e+05 1.350635e-11
-1.97 1.400000e+01 1.687394e+06 8.436968e+05 1.350635e-11

-1.86 7.000000e+00 1.530675e+06 7.653374e+05 1.237529e-12
-1.86 9.333333e+00 1.530675e+06 7.653374e+05 1.237529e-12
-1.86 1.166667e+01 1.530675e+06 7.653374e+05 1.237529e-12
-1.86 1.400000e+01 1.530675e+06 7.653374e+05 1.237529e-12

-1.76 7.000000e+00 5.726556e+05 2.863278e+05 7.281905e-14
-1.76 9.333333e+00 5.726556e+05 2.863278e+05 7.281905e-14
-1.76 1.166667e+01 5.726556e+05 2.863278e+05 7.281905e-14
-1.76 1.400000e+01 5.726556e+05 2.863278e+05 7.281905e-14

-1.66 7.000000e+00 1.291786e+05 6.458928e+04 3.327190e-15
-1.66 9.333333e+00 1.291786e+05 6.458928e+04 3.327190e-15
-1.66 1.166667e+01 1.291786e+05 6.458928e+04 3.327190e-15
-1.66 1.400000e+01 1.291786e+05 6.458928e+04 3.327190e-15

-1.55 7.000000e+00 2.438068e+04 1.219034e+04 1.390559e-16
-1.55 9.333333e+00 2.438068e+04 1.219034e+04 1.390559e-16
-1.55 1.166667e+01 2.438068e+04 1.219034e+04 1.390559e-16
-1.55 1.400000e+01 2.438068e+04 1.219034e+04 1.390559e-16

-1.45 7.000000e+00 4.344462e+03 2.172231e+03 5.647013e-18
-1.45 9.333333e+00 4.344462e+03 2.172231e+03 5.647013e-18
-1.45 1.166667e+01 4.344462e+03 2.172231e+03 5.647013e-18
-1.45 1.400000e+01 4.344462e+03 2.172231e+03 5.647013e-18

-1.34 7.000000e+00 7.600798e+02 3.800399e+02 2.272294e-19
-1.34 9.333333e+00 7.600798e+02 3.800399e+02 2.272294e-19
-1.34 1.166667e+01 7.600798e+02 3.800399e+02 2.272294e-19
-1.34 1.400000e+01 7.600798e+02 3.800399e+02 2.272294e-19

-1.24 7.000000e+00 1.322034e+02 6.610170e+01 9.116760e-21
-1.24 9.333333e+00 1.322034e+02 6.610170e+01 9.116760e-21
-1.24 1.166667e+01 1.322034e+02 6.610170e+01 9.116760e-21
-1.24 1.400000e+01 1.322034e+02 6.610170e+01 9.116760e-21

-1.14 7.000000e+00 2.295178e+01 1.147589e+01 3.654362e-22
-1.14 9.333333e+00 2.295178e+01 1.147589e+01 3.654362e-22
-1.14 1.166667e+01 2.295178e+01 1.147589e+01 3.654362e-22
-1.14 1.400000e+01 2.295178e+01 1.147589e+01 3.654362e-22

-1.03 7.000000e+00 3.982284e+00 1.991142e+00 1.464380e-23
-1.03 9.333333e+00 3.982284e+00 1.991142e+00 1.464380e-23
-1.03 1.166667e+01 3.982284e+00 1.991142e+00 1.464380e-23
-1.03 1.400000e+01 3.982284e+00 1.991142e+00 1.464380e-23

-0.93 7.000000e+00 6.908213e-01 3.454107e-01 5.867521e-25
-0.93 9.333333e+00 6.908213e-01 3.454107e-01 5.867521e-25
-0.93 1.166667e+01 6.908213e-01 3.454107e-01 5.867521e-25
-0.93 1.400000e+01 6.908212e-01 3.454106e-01 5.867520e-25

-0.83 7.000000e+00 1.198321e-01 5.991603e-02 2.350945e-26
-0.83 9.333333e+00 1.198321e-01 5.991603e-02 2.350945e-26
-0.83 1.166667e+01 1.198321e-01 5.991603e-02 2.350945e-26
-0.83 1.400000e+01 1.198317e-01 5.991586e-02 2.350942e-26

-0.72 7.000000e+00 2.078605e-02 1.039302e-02 9.419462e-28
-0.72 9.333333e+00 2.078605e-02 1.039302e-02 9.419462e-28
-0.72 1.166667e+01 2.078604e-02 1.039302e-02 9.419461e-28
-0.72 1.400000e+01 2.078471e-02 1.039235e-02 9.419159e-28

-0.62 7.000000e+00 3.605522e-03 1.802761e-03 3.774057e-29
-0.62 9.333333e+00 3.605522e-03 1.802761e-03 3.774057e-29
-0.62 1.166667e+01 3.605498e-03 1.802749e-03 3.774044e-29
-0.62 1.400000e+01 3.600232e-03 1.800116e-03 3.771287e-29

-0.52 7.000000e+00 6.254083e-04 3.127041e-04 1.512134e-30
-0.52 9.333333e+00 6.254078e-04 3.127039e-04 1.512134e-30
-0.52 1.166667e+01 6.253116e-04 3.126558e-04 1.512017e-30
-0.52 1.400000e+01 6.048390e-04 3.024195e-04 1.487060e-30

-0.41 7.000000e+00 1.084823e-04 5.424113e-05 6.058597e-32
-0.41 9.333333e+00 1.084805e-04 5.424025e-05 6.058548e-32
-0.41 1.166667e+01 1.081009e-04 5.405045e-05 6.047939e-32
-0.41 1.400000e+01 5.153279e-05 2.576639e-05 4.175750e-32

-0.31 7.000000e+00 1.881712e-05 9.408558e-06 2.427468e-33
-0.31 9.333333e+00 1.881017e-05 9.405086e-06 2.427020e-33
-0.31 1.166667e+01 1.736722e-05 8.683608e-06 2.332072e-33
-0.31 1.400000e+01 6.212123e-08 3.106061e-08 1.394752e-34

-0.21 7.000000e+00 3.263863e-06 1.631931e-06 9.725838e-35
-0.21 9.333333e+00 3.236539e-06 1.618270e-06 9.685043e-35
-0.21 1.166667e+01 6.347434e-07 3.173717e-07 4.289041e-35
-0.21 1.400000e+01 2.091208e-11 1.045604e-11 2.461840e-37

-0.10 7.000000e+00 5.656628e-07 2.828314e-07 3.895149e-36
-0.10 9.333333e+00 4.672347e-07 2.336173e-07 3.540078e-36
-0.10 1.166667e+01 3.267551e-10 1.633775e-10 9.361738e-38
-0.10 1.400000e+01 6.993481e-15 3.496741e-15 4.331038e-40

0.00 7.000000e+00 9.623707e-08 4.811854e-08 1.545613e-37
0.00 9.333333e+00 4.644735e-09 2.322367e-09 3.395549e-38
0.00 1.166667e+01 1.093990e-13 5.469951e-14 1.647920e-40
0.00 1.400000e+01 2.338751e-18 1.169376e-18 7.619413e-43
