0.00 1.400000e+01 0.000000e+00 1.169376e-18 2.338751e-18 0.000000e+00
-0.10 1.400000e+01 0.000000e+00 3.496741e-15 6.993481e-15 0.000000e+00
-0.21 1.400000e+01 0.000000e+00 1.045604e-11 2.091208e-11 0.000000e+00
-0.31 1.400000e+01 0.000000e+00 3.106061e-08 6.212123e-08 0.000000e+00
-0.41 1.400000e+01 0.000000e+00 2.576639e-05 5.153279e-05 0.000000e+00
-0.52 1.400000e+01 0.000000e+00 3.024195e-04 6.048390e-04 0.000000e+00
-0.62 1.400000e+01 0.000000e+00 1.800116e-03 3.600232e-03 0.000000e+00
-0.72 1.400000e+01 0.000000e+00 1.039235e-02 2.078471e-02 0.000000e+00
-0.83 1.400000e+01 0.000000e+00 5.991586e-02 1.198317e-01 0.000000e+00
-0.93 1.400000e+01 0.000000e+00 3.454106e-01 6.908212e-01 0.000000e+00
-1.03 1.400000e+01 0.000000e+00 1.991142e+00 3.982284e+00 0.000000e+00
-1.14 1.400000e+01 0.000000e+00 1.147589e+01 2.295178e+01 0.000000e+00
-1.24 1.400000e+01 0.000000e+00 6.610170e+01 1.322034e+02 0.000000e+00
-1.34 1.400000e+01 0.000000e+00 3.800399e+02 7.600798e+02 0.000000e+00
-1.45 1.400000e+01 0.000000e+00 2.172231e+03 4.344462e+03 0.000000e+00
-1.55 1.400000e+01 0.000000e+00 1.219034e+04 2.438068e+04 0.000000e+00
-1.66 1.400000e+01 0.000000e+00 6.458928e+04 1.291786e+05 0.000000e+00
-1.76 1.400000e+01 0.000000e+00 2.863278e+05 5.726556e+05 0.000000e+00
-1.86 1.400000e+01 0.000000e+00 7.653374e+05 1.530675e+06 0.000000e+00
-1.97 1.400000e+01 0.000000e+00 8.436968e+05 1.687394e+06 0.000000e+00
-2.07 1.400000e+01 0.000000e+00 5.519531e+05 1.103906e+06 0.000000e+00
-2.17 1.400000e+01 0.000000e+00 3.273160e+05 6.546320e+05 0.000000e+00
-2.28 1.400000e+01 0.000000e+00 1.919708e+05 3.839417e+05 0.000000e+00
-2.38 1.400000e+01 0.000000e+00 1.124632e+05 2.249264e+05 0.000000e+00
-2.48 1.400000e+01 0.000000e+00 6.587725e+04 1.317545e+05 0.000000e+00
-2.59 1.400000e+01 0.000000e+00 3.858826e+04 7.717652e+04 0.000000e+00
-2.69 1.400000e+01 0.000000e+00 2.260344e+04 4.520689e+04 0.000000e+00
-2.79 1.400000e+01 0.000000e+00 1.324018e+04 2.648037e+04 0.000000e+00
-2.90 1.400000e+01 0.000000e+00 7.755565e+03 1.551113e+04 0.000000e+00
-3.00 1.400000e+01 0.000000e+00 4.542910e+03 9.085820e+03 0.000000e+00
0.00 1.166667e+01 0.000000e+00 5.469951e-14 1.093990e-13 0.000000e+00
-0.10 1.166667e+01 0.000000e+00 1.633775e-10 3.267551e-10 0.000000e+00
-0.21 1.166667e+01 0.000000e+00 3.173717e-07 6.347434e-07 0.000000e+00
-0.31 1.166667e+01 0.000000e+00 8.683608e-06 1.736722e-05 0.000000e+00
-0.41 1.166667e+01 0.000000e+00 5.405045e-05 1.081009e-04 0.000000e+00
-0.52 1.166667e+01 0.000000e+00 3.126558e-04 6.253116e-04 0.000000e+00
-0.62 1.166667e+01 0.000000e+00 1.802749e-03 3.605498e-03 0.000000e+00
-0.72 1.166667e+01 0.000000e+00 1.039302e-02 2.078604e-02 0.000000e+00
-0.83 1.166667e+01 0.000000e+00 5.991603e-02 1.198321e-01 0.000000e+00
-0.93 1.166667e+01 0.000000e+00 3.454107e-01 6.908213e-01 0.000000e+00
-1.03 1.166667e+01 0.000000e+00 1.991142e+00 3.982284e+00 0.000000e+00
-1.14 1.166667e+01 0.000000e+00 1.147589e+01 2.295178e+01 0.000000e+00
-1.24 1.166667e+01 0.000000e+00 6.610170e+01 1.322034e+02 0.000000e+00
-1.34 1.166667e+01 0.000000e+00 3.800399e+02 7.600798e+02 0.000000e+00
-1.45 1.166667e+01 0.000000e+00 2.172231e+03 4.344462e+03 0.000000e+00
-1.55 1.166667e+01 0.000000e+00 1.219034e+04 2.438068e+04 0.000000e+00
-1.66 1.166667e+01 0.000000e+00 6.458928e+04 1.291786e+05 0.000000e+00
-1.76 1.166667e+01 0.000000e+00 2.863278e+05 5.726556e+05 0.000000e+00
-1.86 1.166667e+01 0.000000e+00 7.653374e+05 1.530675e+06 0.000000e+00
-1.97 1.166667e+01 0.000000e+00 8.436968e+05 1.687394e+06 0.000000e+00
-2.07 1.166667e+01 0.000000e+00 5.519531e+05 1.103906e+06 0.000000e+00
-2.17 1.166667e+01 0.000000e+00 3.273160e+05 6.546320e+05 0.000000e+00
-2.28 1.166667e+01 0.000000e+00 1.919708e+05 3.839417e+05 0.000000e+00
-2.38 1.166667e+01 0.000000e+00 1.124632e+05 2.249264e+05 0.000000e+00
-2.48 1.166667e+01 0.000000e+00 6.587725e+04 1.317545e+05 0.000000e+00
-2.59 1.166667e+01 0.000000e+00 3.858826e+04 7.717652e+04 0.000000e+00
-2.69 1.166667e+01 0.000000e+00 2.260344e+04 4.520689e+04 0.000000e+00
-2.79 1.166667e+01 0.000000e+00 1.324018e+04 2.648037e+04 0.000000e+00
-2.90 1.166667e+01 0.000000e+00 7.755565e+03 1.551113e+04 0.000000e+00
-3.00 1.166667e+01 0.000000e+00 4.542910e+03 9.085820e+03 0.000000e+00
0.00 9.333333e+00 0.000000e+00 2.322367e-09 4.644735e-09 0.000000e+00
-0.10 9.333333e+00 0.000000e+00 2.336173e-07 4.672347e-07 0.000000e+00
-0.21 9.333333e+00 0.000000e+00 1.618270e-06 3.236539e-06 0.000000e+00
-0.31 9.333333e+00 0.000000e+00 9.405086e-06 1.881017e-05 0.000000e+00
-0.41 9.333333e+00 0.000000e+00 5.424025e-05 1.084805e-04 0.000000e+00
-0.52 9.333333e+00 0.000000e+00 3.127039e-04 6.254078e-04 0.000000e+00
-0.62 9.333333e+00 0.000000e+00 1.802761e-03 3.605522e-03 0.000000e+00
-0.72 9.333333e+00 0.000000e+00 1.039302e-02 2.078605e-02 0.000000e+00
-0.83 9.333333e+00 0.000000e+00 5.991603e-02 1.198321e-01 0.000000e+00
-0.93 9.333333e+00 0.000000e+00 3.454107e-01 6.908213e-01 0.000000e+00
-1.03 9.333333e+00 0.000000e+00 1.991142e+00 3.982284e+00 0.000000e+00
-1.14 9.333333e+00 0.000000e+00 1.147589e+01 2.295178e+01 0.000000e+00
-1.24 9.333333e+00 0.000000e+00 6.610170e+01 1.322034e+02 0.000000e+00
-1.34 9.333333e+00 0.000000e+00 3.800399e+02 7.600798e+02 0.000000e+00
-1.45 9.333333e+00 0.000000e+00 2.172231e+03 4.344462e+03 0.000000e+00
-1.55 9.333333e+00 0.000000e+00 1.219034e+04 2.438068e+04 0.000000e+00
-1.66 9.333333e+00 0.000000e+00 6.458928e+04 1.291786e+05 0.000000e+00
-1.76 9.333333e+00 0.000000e+00 2.863278e+05 5.726556e+05 0.000000e+00
-1.86 9.333333e+00 0.000000e+00 7.653374e+05 1.530675e+06 0.000000e+00
-1.97 9.333333e+00 0.000000e+00 8.436968e+05 1.687394e+06 0.000000e+00
-2.07 9.333333e+00 0.000000e+00 5.519531e+05 1.103906e+06 0.000000e+00
-2.17 9.333333e+00 0.000000e+00 3.273160e+05 6.546320e+05 0.000000e+00
-2.28 9.333333e+00 0.000000e+00 1.919708e+05 3.839417e+05 0.000000e+00
-2.38 9.333333e+00 0.000000e+00 1.124632e+05 2.249264e+05 0.000000e+00
-2.48 9.333333e+00 0.000000e+00 6.587725e+04 1.317545e+05 0.000000e+00
-2.59 9.333333e+00 0.000000e+00 3.858826e+04 7.717652e+04 0.000000e+00
-2.69 9.333333e+00 0.000000e+00 2.260344e+04 4.520689e+04 0.000000e+00
-2.79 9.333333e+00 0.000000e+00 1.324018e+04 2.648037e+04 0.000000e+00
-2.90 9.333333e+00 0.000000e+00 7.755565e+03 1.551113e+04 0.000000e+00
-3.00 9.333333e+00 0.000000e+00 4.542910e+03 9.085820e+03 0.000000e+00
0.00 7.000000e+00 0.000000e+00 4.811854e-08 9.623707e-08 0.000000e+00
-0.10 7.000000e+00 0.000000e+00 2.828314e-07 5.656628e-07 0.000000e+00
-0.21 7.000000e+00 0.000000e+00 1.631931e-06 3.263863e-06 0.000000e+00
-0.31 7.000000e+00 0.000000e+00 9.408558e-06 1.881712e-05 0.000000e+00
-0.41 7.000000e+00 0.000000e+00 5.424113e-05 1.084823e-04 0.000000e+00
-0.52 7.000000e+00 0.000000e+00 3.127041e-04 6.254083e-04 0.000000e+00
-0.62 7.000000e+00 0.000000e+00 1.802761e-03 3.605522e-03 0.000000e+00
-0.72 7.000000e+00 0.000000e+00 1.039302e-02 2.078605e-02 0.000000e+00
-0.83 7.000000e+00 0.000000e+00 5.991603e-02 1.198321e-01 0.000000e+00
-0.93 7.000000e+00 0.000000e+00 3.454107e-01 6.908213e-01 0.000000e+00
-1.03 7.000000e+00 0.000000e+00 1.991142e+00 3.982284e+00 0.000000e+00
-1.14 7.000000e+00 0.000000e+00 1.147589e+01 2.295178e+01 0.000000e+00
-1.24 7.000000e+00 0.000000e+00 6.610170e+01 1.322034e+02 0.000000e+00
-1.34 7.000000e+00 0.000000e+00 3.800399e+02 7.600798e+02 0.000000e+00
-1.45 7.000000e+00 0.000000e+00 2.172231e+03 4.344462e+03 0.000000e+00
-1.55 7.000000e+00 0.000000e+00 1.219034e+04 2.438068e+04 0.000000e+00
-1.66 7.000000e+00 0.000000e+00 6.458928e+04 1.291786e+05 0.000000e+00
-1.76 7.000000e+00 0.000000e+00 2.863278e+05 5.726556e+05 0.000000e+00
-1.86 7.000000e+00 0.000000e+00 7.653374e+05 1.530675e+06 0.000000e+00
-1.97 7.000000e+00 0.000000e+00 8.436968e+05 1.687394e+06 0.000000e+00
-2.07 7.000000e+00 0.000000e+00 5.519531e+05 1.103906e+06 0.000000e+00
-2.17 7.000000e+00 0.000000e+00 3.273160e+05 6.546320e+05 0.000000e+00
-2.28 7.000000e+00 0.000000e+00 1.919708e+05 3.839417e+05 0.000000e+00
-2.38 7.000000e+00 0.000000e+00 1.124632e+05 2.249264e+05 0.000000e+00
-2.48 7.000000e+00 0.000000e+00 6.587725e+04 1.317545e+05 0.000000e+00
-2.59 7.000000e+00 0.000000e+00 3.858826e+04 7.717652e+04 0.000000e+00
-2.69 7.000000e+00 0.000000e+00 2.260344e+04 4.520689e+04 0.000000e+00
-2.79 7.000000e+00 0.000000e+00 1.324018e+04 2.648037e+04 0.000000e+00
-2.90 7.000000e+00 0.000000e+00 7.755565e+03 1.551113e+04 0.000000e+00
-3.00 7.000000e+00 0.000000e+00 4.542910e+03 9.085820e+03 0.000000e+00
