-2.00 6.668110e-01
-1.99 6.615978e-01
-1.98 6.563813e-01
-1.97 6.511616e-01
-1.96 6.459392e-01
-1.95 6.407142e-01
-1.94 6.354869e-01
-1.93 6.302576e-01
-1.92 6.250264e-01
-1.91 6.197937e-01
-1.90 6.145596e-01
-1.89 6.093243e-01
-1.88 6.040881e-01
-1.87 5.988512e-01
-1.86 5.936138e-01
-1.85 5.883760e-01
-1.84 5.831382e-01
-1.83 5.779004e-01
-1.82 5.726629e-01
-1.81 5.674258e-01
-1.80 5.621894e-01
-1.79 5.569538e-01
-1.78 5.517193e-01
-1.77 5.464860e-01
-1.76 5.412540e-01
-1.75 5.360237e-01
-1.74 5.307951e-01
-1.73 5.255684e-01
-1.72 5.203439e-01
-1.71 5.151217e-01
-1.70 5.099019e-01
-1.69 5.046849e-01
-1.68 4.994707e-01
-1.67 4.942595e-01
-1.66 4.890515e-01
-1.65 4.838469e-01
-1.64 4.786460e-01
-1.63 4.734488e-01
-1.62 4.682556e-01
-1.61 4.630665e-01
-1.60 4.578818e-01
-1.59 4.527017e-01
-1.58 4.475263e-01
-1.57 4.423558e-01
-1.56 4.371905e-01
-1.55 4.320305e-01
-1.54 4.268761e-01
-1.53 4.217275e-01
-1.52 4.165849e-01
-1.51 4.114485e-01
-1.50 4.063185e-01
-1.49 4.011952e-01
-1.48 3.960787e-01
-1.47 3.909694e-01
-1.46 3.858674e-01
-1.45 3.807731e-01
-1.44 3.756866e-01
-1.43 3.706082e-01
-1.42 3.655383e-01
-1.41 3.604769e-01
-1.40 3.554245e-01
-1.39 3.503812e-01
-1.38 3.453475e-01
-1.37 3.403235e-01
-1.36 3.353096e-01
-1.35 3.303061e-01
-1.34 3.253133e-01
-1.33 3.203316e-01
-1.32 3.153612e-01
-1.31 3.104025e-01
-1.30 3.054559e-01
-1.29 3.005218e-01
-1.28 2.956004e-01
-1.27 2.906923e-01
-1.26 2.857977e-01
-1.25 2.809172e-01
-1.24 2.760511e-01
-1.23 2.711998e-01
-1.22 2.663639e-01
-1.21 2.615438e-01
-1.20 2.567399e-01
-1.19 2.519528e-01
-1.18 2.471830e-01
-1.17 2.424309e-01
-1.16 2.376972e-01
-1.15 2.329825e-01
-1.14 2.282872e-01
-1.13 2.236120e-01
-1.12 2.189576e-01
-1.11 2.143245e-01
-1.10 2.097135e-01
-1.09 2.051252e-01
-1.08 2.005604e-01
-1.07 1.960198e-01
-1.06 1.915042e-01
-1.05 1.870143e-01
-1.04 1.825511e-01
-1.03 1.781153e-01
-1.02 1.737078e-01
-1.01 1.693296e-01
-1.00 1.649817e-01
-0.99 1.606649e-01
-0.98 1.563803e-01
-0.97 1.521290e-01
-0.96 1.479120e-01
-0.95 1.437305e-01
-0.94 1.395857e-01
-0.93 1.354786e-01
-0.92 1.314105e-01
-0.91 1.273828e-01
-0.90 1.233966e-01
-0.89 1.194532e-01
-0.88 1.155540e-01
-0.87 1.117003e-01
-0.86 1.078934e-01
-0.85 1.041346e-01
-0.84 1.004250e-01
-0.83 9.675059e-02
-0.82 9.309013e-02
-0.81 8.944661e-02
-0.80 8.582325e-02
-0.79 8.222317e-02
-0.78 7.864923e-02
-0.77 7.510387e-02
-0.76 7.158882e-02
-0.75 6.810486e-02
-0.74 6.465142e-02
-0.73 6.122612e-02
-0.72 5.782422e-02
-0.71 5.443797e-02
-0.70 5.105586e-02
-0.69 4.766192e-02
-0.68 4.423508e-02
-0.67 4.074908e-02
-0.66 3.717347e-02
-0.65 3.347720e-02
-0.64 2.963683e-02
-0.63 2.565252e-02
-0.62 2.157265e-02
-0.61 1.751905e-02
-0.60 1.368746e-02
-0.59 1.029540e-02
-0.58 7.495718e-03
-0.57 5.324488e-03
-0.56 3.718810e-03
-0.55 2.569334e-03
-0.54 1.763304e-03
-0.53 1.205228e-03
-0.52 8.217634e-04
-0.51 5.594771e-04
-0.50 3.805642e-04
-0.49 2.587232e-04
-0.48 1.758311e-04
-0.47 1.194715e-04
-0.46 8.116622e-05
-0.45 5.513786e-05
-0.44 3.745425e-05
-0.43 2.544118e-05
-0.42 1.728079e-05
-0.41 1.173772e-05
-0.40 7.972588e-06
-0.39 5.415173e-06
-0.38 3.678099e-06
-0.37 2.498235e-06
-0.36 1.696846e-06
-0.35 1.152526e-06
-0.34 7.828148e-07
-0.33 5.317003e-07
-0.32 3.611392e-07
-0.31 2.452914e-07
-0.30 1.666057e-07
-0.29 1.131611e-07
-0.28 7.686078e-08
-0.27 5.220501e-08
-0.26 3.545844e-08
-0.25 2.408391e-08
-0.24 1.635816e-08
-0.23 1.111071e-08
-0.22 7.546563e-09
-0.21 5.125740e-09
-0.20 3.481480e-09
-0.19 2.364674e-09
-0.18 1.606123e-09
-0.17 1.090903e-09
-0.16 7.409578e-10
-0.15 5.032698e-10
-0.14 3.418285e-10
-0.13 2.321751e-10
-0.12 1.576968e-10
-0.11 1.071101e-10
-0.10 7.275079e-11
-0.09 4.941344e-11
-0.08 3.356236e-11
-0.07 2.279606e-11
-0.06 1.548343e-11
-0.05 1.051658e-11
-0.04 7.143022e-12
-0.03 4.851649e-12
-0.02 3.295314e-12
-0.01 2.238227e-12
0.00 1.520238e-12
