
-2.00 7.000000e+00 1.443343e-06
-2.00 7.500000e+00 1.443343e-06
-2.00 8.000000e+00 1.443343e-06
-2.00 8.500000e+00 1.443343e-06
-2.00 9.000000e+00 1.443343e-06
-2.00 9.500000e+00 1.443343e-06
-2.00 1.000000e+01 1.443343e-06
-2.00 1.050000e+01 1.443343e-06
-2.00 1.100000e+01 1.443343e-06
-2.00 1.150000e+01 1.443343e-06
-2.00 1.200000e+01 1.443343e-06
-2.00 1.250000e+01 1.443343e-06
-2.00 1.300000e+01 1.443343e-06
-2.00 1.350000e+01 1.443343e-06
-2.00 1.400000e+01 1.443343e-06

-1.99 7.000000e+00 1.392289e-06
-1.99 7.500000e+00 1.392540e-06
-1.99 8.000000e+00 1.392540e-06
-1.99 8.500000e+00 1.392540e-06
-1.99 9.000000e+00 1.392540e-06
-1.99 9.500000e+00 1.392540e-06
-1.99 1.000000e+01 1.392540e-06
-1.99 1.050000e+01 1.392540e-06
-1.99 1.100000e+01 1.392540e-06
-1.99 1.150000e+01 1.392540e-06
-1.99 1.200000e+01 1.392540e-06
-1.99 1.250000e+01 1.392540e-06
-1.99 1.300000e+01 1.392540e-06
-1.99 1.350000e+01 1.392540e-06
-1.99 1.400000e+01 1.392289e-06

-1.98 7.000000e+00 1.358986e-06
-1.98 7.500000e+00 1.343525e-06
-1.98 8.000000e+00 1.343525e-06
-1.98 8.500000e+00 1.343525e-06
-1.98 9.000000e+00 1.343525e-06
-1.98 9.500000e+00 1.343525e-06
-1.98 1.000000e+01 1.343525e-06
-1.98 1.050000e+01 1.343525e-06
-1.98 1.100000e+01 1.343525e-06
-1.98 1.150000e+01 1.343525e-06
-1.98 1.200000e+01 1.343525e-06
-1.98 1.250000e+01 1.343525e-06
-1.98 1.300000e+01 1.343525e-06
-1.98 1.350000e+01 1.343525e-06
-1.98 1.400000e+01 1.358986e-06

-1.97 7.000000e+00 1.278254e-06
-1.97 7.500000e+00 1.296235e-06
-1.97 8.000000e+00 1.296235e-06
-1.97 8.500000e+00 1.296235e-06
-1.97 9.000000e+00 1.296235e-06
-1.97 9.500000e+00 1.296235e-06
-1.97 1.000000e+01 1.296235e-06
-1.97 1.050000e+01 1.296235e-06
-1.97 1.100000e+01 1.296235e-06
-1.97 1.150000e+01 1.296235e-06
-1.97 1.200000e+01 1.296235e-06
-1.97 1.250000e+01 1.296235e-06
-1.97 1.300000e+01 1.296235e-06
-1.97 1.350000e+01 1.296235e-06
-1.97 1.400000e+01 1.278254e-06

-1.96 7.000000e+00 1.249709e-06
-1.96 7.500000e+00 1.250610e-06
-1.96 8.000000e+00 1.250610e-06
-1.96 8.500000e+00 1.250610e-06
-1.96 9.000000e+00 1.250610e-06
-1.96 9.500000e+00 1.250610e-06
-1.96 1.000000e+01 1.250610e-06
-1.96 1.050000e+01 1.250610e-06
-1.96 1.100000e+01 1.250610e-06
-1.96 1.150000e+01 1.250610e-06
-1.96 1.200000e+01 1.250610e-06
-1.96 1.250000e+01 1.250610e-06
-1.96 1.300000e+01 1.250610e-06
-1.96 1.350000e+01 1.250610e-06
-1.96 1.400000e+01 1.249709e-06

-1.95 7.000000e+00 1.204775e-06
-1.95 7.500000e+00 1.206590e-06
-1.95 8.000000e+00 1.206590e-06
-1.95 8.500000e+00 1.206590e-06
-1.95 9.000000e+00 1.206590e-06
-1.95 9.500000e+00 1.206590e-06
-1.95 1.000000e+01 1.206590e-06
-1.95 1.050000e+01 1.206590e-06
-1.95 1.100000e+01 1.206590e-06
-1.95 1.150000e+01 1.206590e-06
-1.95 1.200000e+01 1.206590e-06
-1.95 1.250000e+01 1.206590e-06
-1.95 1.300000e+01 1.206590e-06
-1.95 1.350000e+01 1.206590e-06
-1.95 1.400000e+01 1.204775e-06

-1.94 7.000000e+00 1.162863e-06
-1.94 7.500000e+00 1.164120e-06
-1.94 8.000000e+00 1.164120e-06
-1.94 8.500000e+00 1.164120e-06
-1.94 9.000000e+00 1.164120e-06
-1.94 9.500000e+00 1.164120e-06
-1.94 1.000000e+01 1.164120e-06
-1.94 1.050000e+01 1.164120e-06
-1.94 1.100000e+01 1.164120e-06
-1.94 1.150000e+01 1.164120e-06
-1.94 1.200000e+01 1.164120e-06
-1.94 1.250000e+01 1.164120e-06
-1.94 1.300000e+01 1.164120e-06
-1.94 1.350000e+01 1.164120e-06
-1.94 1.400000e+01 1.162863e-06

-1.93 7.000000e+00 1.132048e-06
-1.93 7.500000e+00 1.123145e-06
-1.93 8.000000e+00 1.123145e-06
-1.93 8.500000e+00 1.123145e-06
-1.93 9.000000e+00 1.123145e-06
-1.93 9.500000e+00 1.123145e-06
-1.93 1.000000e+01 1.123145e-06
-1.93 1.050000e+01 1.123145e-06
-1.93 1.100000e+01 1.123145e-06
-1.93 1.150000e+01 1.123145e-06
-1.93 1.200000e+01 1.123145e-06
-1.93 1.250000e+01 1.123145e-06
-1.93 1.300000e+01 1.123145e-06
-1.93 1.350000e+01 1.123145e-06
-1.93 1.400000e+01 1.132048e-06

-1.92 7.000000e+00 1.068063e-06
-1.92 7.500000e+00 1.083612e-06
-1.92 8.000000e+00 1.083612e-06
-1.92 8.500000e+00 1.083612e-06
-1.92 9.000000e+00 1.083612e-06
-1.92 9.500000e+00 1.083612e-06
-1.92 1.000000e+01 1.083612e-06
-1.92 1.050000e+01 1.083612e-06
-1.92 1.100000e+01 1.083612e-06
-1.92 1.150000e+01 1.083612e-06
-1.92 1.200000e+01 1.083612e-06
-1.92 1.250000e+01 1.083612e-06
-1.92 1.300000e+01 1.083612e-06
-1.92 1.350000e+01 1.083612e-06
-1.92 1.400000e+01 1.068063e-06

-1.91 7.000000e+00 1.043778e-06
-1.91 7.500000e+00 1.045471e-06
-1.91 8.000000e+00 1.045471e-06
-1.91 8.500000e+00 1.045471e-06
-1.91 9.000000e+00 1.045471e-06
-1.91 9.500000e+00 1.045471e-06
-1.91 1.000000e+01 1.045471e-06
-1.91 1.050000e+01 1.045471e-06
-1.91 1.100000e+01 1.045471e-06
-1.91 1.150000e+01 1.045471e-06
-1.91 1.200000e+01 1.045471e-06
-1.91 1.250000e+01 1.045471e-06
-1.91 1.300000e+01 1.045471e-06
-1.91 1.350000e+01 1.045471e-06
-1.91 1.400000e+01 1.043778e-06

-1.90 7.000000e+00 1.002565e-06
-1.90 7.500000e+00 1.008672e-06
-1.90 8.000000e+00 1.008672e-06
-1.90 8.500000e+00 1.008672e-06
-1.90 9.000000e+00 1.008672e-06
-1.90 9.500000e+00 1.008672e-06
-1.90 1.000000e+01 1.008672e-06
-1.90 1.050000e+01 1.008672e-06
-1.90 1.100000e+01 1.008672e-06
-1.90 1.150000e+01 1.008672e-06
-1.90 1.200000e+01 1.008672e-06
-1.90 1.250000e+01 1.008672e-06
-1.90 1.300000e+01 1.008672e-06
-1.90 1.350000e+01 1.008672e-06
-1.90 1.400000e+01 1.002565e-06

-1.89 7.000000e+00 9.712428e-07
-1.89 7.500000e+00 9.731684e-07
-1.89 8.000000e+00 9.731684e-07
-1.89 8.500000e+00 9.731684e-07
-1.89 9.000000e+00 9.731684e-07
-1.89 9.500000e+00 9.731684e-07
-1.89 1.000000e+01 9.731684e-07
-1.89 1.050000e+01 9.731684e-07
-1.89 1.100000e+01 9.731684e-07
-1.89 1.150000e+01 9.731684e-07
-1.89 1.200000e+01 9.731684e-07
-1.89 1.250000e+01 9.731684e-07
-1.89 1.300000e+01 9.731684e-07
-1.89 1.350000e+01 9.731684e-07
-1.89 1.400000e+01 9.712428e-07

-1.88 7.000000e+00 9.468641e-07
-1.88 7.500000e+00 9.389144e-07
-1.88 8.000000e+00 9.389144e-07
-1.88 8.500000e+00 9.389144e-07
-1.88 9.000000e+00 9.389144e-07
-1.88 9.500000e+00 9.389144e-07
-1.88 1.000000e+01 9.389144e-07
-1.88 1.050000e+01 9.389144e-07
-1.88 1.100000e+01 9.389144e-07
-1.88 1.150000e+01 9.389144e-07
-1.88 1.200000e+01 9.389144e-07
-1.88 1.250000e+01 9.389144e-07
-1.88 1.300000e+01 9.389144e-07
-1.88 1.350000e+01 9.389144e-07
-1.88 1.400000e+01 9.468641e-07

-1.87 7.000000e+00 8.915240e-07
-1.87 7.500000e+00 9.058661e-07
-1.87 8.000000e+00 9.058661e-07
-1.87 8.500000e+00 9.058661e-07
-1.87 9.000000e+00 9.058661e-07
-1.87 9.500000e+00 9.058661e-07
-1.87 1.000000e+01 9.058661e-07
-1.87 1.050000e+01 9.058661e-07
-1.87 1.100000e+01 9.058661e-07
-1.87 1.150000e+01 9.058661e-07
-1.87 1.200000e+01 9.058661e-07
-1.87 1.250000e+01 9.058661e-07
-1.87 1.300000e+01 9.058661e-07
-1.87 1.350000e+01 9.058661e-07
-1.87 1.400000e+01 8.915240e-07

-1.86 7.000000e+00 8.717806e-07
-1.86 7.500000e+00 8.739810e-07
-1.86 8.000000e+00 8.739810e-07
-1.86 8.500000e+00 8.739810e-07
-1.86 9.000000e+00 8.739810e-07
-1.86 9.500000e+00 8.739810e-07
-1.86 1.000000e+01 8.739810e-07
-1.86 1.050000e+01 8.739810e-07
-1.86 1.100000e+01 8.739810e-07
-1.86 1.150000e+01 8.739810e-07
-1.86 1.200000e+01 8.739810e-07
-1.86 1.250000e+01 8.739810e-07
-1.86 1.300000e+01 8.739810e-07
-1.86 1.350000e+01 8.739810e-07
-1.86 1.400000e+01 8.717806e-07

-1.85 7.000000e+00 8.394182e-07
-1.85 7.500000e+00 8.432182e-07
-1.85 8.000000e+00 8.432182e-07
-1.85 8.500000e+00 8.432182e-07
-1.85 9.000000e+00 8.432182e-07
-1.85 9.500000e+00 8.432182e-07
-1.85 1.000000e+01 8.432182e-07
-1.85 1.050000e+01 8.432182e-07
-1.85 1.100000e+01 8.432182e-07
-1.85 1.150000e+01 8.432182e-07
-1.85 1.200000e+01 8.432182e-07
-1.85 1.250000e+01 8.432182e-07
-1.85 1.300000e+01 8.432182e-07
-1.85 1.350000e+01 8.432182e-07
-1.85 1.400000e+01 8.394182e-07

-1.84 7.000000e+00 8.111978e-07
-1.84 7.500000e+00 8.135382e-07
-1.84 8.000000e+00 8.135382e-07
-1.84 8.500000e+00 8.135382e-07
-1.84 9.000000e+00 8.135382e-07
-1.84 9.500000e+00 8.135382e-07
-1.84 1.000000e+01 8.135382e-07
-1.84 1.050000e+01 8.135382e-07
-1.84 1.100000e+01 8.135382e-07
-1.84 1.150000e+01 8.135382e-07
-1.84 1.200000e+01 8.135382e-07
-1.84 1.250000e+01 8.135382e-07
-1.84 1.300000e+01 8.135382e-07
-1.84 1.350000e+01 8.135382e-07
-1.84 1.400000e+01 8.111978e-07

-1.83 7.000000e+00 7.863343e-07
-1.83 7.500000e+00 7.849029e-07
-1.83 8.000000e+00 7.849029e-07
-1.83 8.500000e+00 7.849029e-07
-1.83 9.000000e+00 7.849029e-07
-1.83 9.500000e+00 7.849029e-07
-1.83 1.000000e+01 7.849029e-07
-1.83 1.050000e+01 7.849029e-07
-1.83 1.100000e+01 7.849029e-07
-1.83 1.150000e+01 7.849029e-07
-1.83 1.200000e+01 7.849029e-07
-1.83 1.250000e+01 7.849029e-07
-1.83 1.300000e+01 7.849029e-07
-1.83 1.350000e+01 7.849029e-07
-1.83 1.400000e+01 7.863343e-07

-1.82 7.000000e+00 7.441647e-07
-1.82 7.500000e+00 7.572755e-07
-1.82 8.000000e+00 7.572755e-07
-1.82 8.500000e+00 7.572755e-07
-1.82 9.000000e+00 7.572755e-07
-1.82 9.500000e+00 7.572755e-07
-1.82 1.000000e+01 7.572755e-07
-1.82 1.050000e+01 7.572755e-07
-1.82 1.100000e+01 7.572755e-07
-1.82 1.150000e+01 7.572755e-07
-1.82 1.200000e+01 7.572755e-07
-1.82 1.250000e+01 7.572755e-07
-1.82 1.300000e+01 7.572755e-07
-1.82 1.350000e+01 7.572755e-07
-1.82 1.400000e+01 7.441647e-07

-1.81 7.000000e+00 7.281252e-07
-1.81 7.500000e+00 7.306205e-07
-1.81 8.000000e+00 7.306205e-07
-1.81 8.500000e+00 7.306205e-07
-1.81 9.000000e+00 7.306205e-07
-1.81 9.500000e+00 7.306205e-07
-1.81 1.000000e+01 7.306205e-07
-1.81 1.050000e+01 7.306205e-07
-1.81 1.100000e+01 7.306205e-07
-1.81 1.150000e+01 7.306205e-07
-1.81 1.200000e+01 7.306205e-07
-1.81 1.250000e+01 7.306205e-07
-1.81 1.300000e+01 7.306205e-07
-1.81 1.350000e+01 7.306205e-07
-1.81 1.400000e+01 7.281252e-07

-1.80 7.000000e+00 6.963933e-07
-1.80 7.500000e+00 7.049038e-07
-1.80 8.000000e+00 7.049038e-07
-1.80 8.500000e+00 7.049038e-07
-1.80 9.000000e+00 7.049038e-07
-1.80 9.500000e+00 7.049038e-07
-1.80 1.000000e+01 7.049038e-07
-1.80 1.050000e+01 7.049038e-07
-1.80 1.100000e+01 7.049038e-07
-1.80 1.150000e+01 7.049038e-07
-1.80 1.200000e+01 7.049038e-07
-1.80 1.250000e+01 7.049038e-07
-1.80 1.300000e+01 7.049038e-07
-1.80 1.350000e+01 7.049038e-07
-1.80 1.400000e+01 6.963933e-07

-1.79 7.000000e+00 6.775254e-07
-1.79 7.500000e+00 6.800922e-07
-1.79 8.000000e+00 6.800922e-07
-1.79 8.500000e+00 6.800922e-07
-1.79 9.000000e+00 6.800922e-07
-1.79 9.500000e+00 6.800922e-07
-1.79 1.000000e+01 6.800922e-07
-1.79 1.050000e+01 6.800922e-07
-1.79 1.100000e+01 6.800922e-07
-1.79 1.150000e+01 6.800922e-07
-1.79 1.200000e+01 6.800922e-07
-1.79 1.250000e+01 6.800922e-07
-1.79 1.300000e+01 6.800922e-07
-1.79 1.350000e+01 6.800922e-07
-1.79 1.400000e+01 6.775254e-07

-1.78 7.000000e+00 6.597200e-07
-1.78 7.500000e+00 6.561539e-07
-1.78 8.000000e+00 6.561539e-07
-1.78 8.500000e+00 6.561539e-07
-1.78 9.000000e+00 6.561539e-07
-1.78 9.500000e+00 6.561539e-07
-1.78 1.000000e+01 6.561539e-07
-1.78 1.050000e+01 6.561539e-07
-1.78 1.100000e+01 6.561539e-07
-1.78 1.150000e+01 6.561539e-07
-1.78 1.200000e+01 6.561539e-07
-1.78 1.250000e+01 6.561539e-07
-1.78 1.300000e+01 6.561539e-07
-1.78 1.350000e+01 6.561539e-07
-1.78 1.400000e+01 6.597200e-07

-1.77 7.000000e+00 6.304419e-07
-1.77 7.500000e+00 6.330582e-07
-1.77 8.000000e+00 6.330582e-07
-1.77 8.500000e+00 6.330582e-07
-1.77 9.000000e+00 6.330582e-07
-1.77 9.500000e+00 6.330582e-07
-1.77 1.000000e+01 6.330582e-07
-1.77 1.050000e+01 6.330582e-07
-1.77 1.100000e+01 6.330582e-07
-1.77 1.150000e+01 6.330582e-07
-1.77 1.200000e+01 6.330582e-07
-1.77 1.250000e+01 6.330582e-07
-1.77 1.300000e+01 6.330582e-07
-1.77 1.350000e+01 6.330582e-07
-1.77 1.400000e+01 6.304419e-07

-1.76 7.000000e+00 6.167396e-07
-1.76 7.500000e+00 6.107755e-07
-1.76 8.000000e+00 6.107755e-07
-1.76 8.500000e+00 6.107755e-07
-1.76 9.000000e+00 6.107755e-07
-1.76 9.500000e+00 6.107755e-07
-1.76 1.000000e+01 6.107755e-07
-1.76 1.050000e+01 6.107755e-07
-1.76 1.100000e+01 6.107755e-07
-1.76 1.150000e+01 6.107755e-07
-1.76 1.200000e+01 6.107755e-07
-1.76 1.250000e+01 6.107755e-07
-1.76 1.300000e+01 6.107755e-07
-1.76 1.350000e+01 6.107755e-07
-1.76 1.400000e+01 6.167396e-07

-1.75 7.000000e+00 5.848577e-07
-1.75 7.500000e+00 5.892771e-07
-1.75 8.000000e+00 5.892771e-07
-1.75 8.500000e+00 5.892771e-07
-1.75 9.000000e+00 5.892771e-07
-1.75 9.500000e+00 5.892771e-07
-1.75 1.000000e+01 5.892771e-07
-1.75 1.050000e+01 5.892771e-07
-1.75 1.100000e+01 5.892771e-07
-1.75 1.150000e+01 5.892771e-07
-1.75 1.200000e+01 5.892771e-07
-1.75 1.250000e+01 5.892771e-07
-1.75 1.300000e+01 5.892771e-07
-1.75 1.350000e+01 5.892771e-07
-1.75 1.400000e+01 5.848577e-07

-1.74 7.000000e+00 5.658799e-07
-1.74 7.500000e+00 5.685354e-07
-1.74 8.000000e+00 5.685354e-07
-1.74 8.500000e+00 5.685354e-07
-1.74 9.000000e+00 5.685354e-07
-1.74 9.500000e+00 5.685354e-07
-1.74 1.000000e+01 5.685354e-07
-1.74 1.050000e+01 5.685354e-07
-1.74 1.100000e+01 5.685354e-07
-1.74 1.150000e+01 5.685354e-07
-1.74 1.200000e+01 5.685354e-07
-1.74 1.250000e+01 5.685354e-07
-1.74 1.300000e+01 5.685354e-07
-1.74 1.350000e+01 5.685354e-07
-1.74 1.400000e+01 5.658799e-07

-1.73 7.000000e+00 5.461967e-07
-1.73 7.500000e+00 5.485237e-07
-1.73 8.000000e+00 5.485237e-07
-1.73 8.500000e+00 5.485237e-07
-1.73 9.000000e+00 5.485237e-07
-1.73 9.500000e+00 5.485237e-07
-1.73 1.000000e+01 5.485237e-07
-1.73 1.050000e+01 5.485237e-07
-1.73 1.100000e+01 5.485237e-07
-1.73 1.150000e+01 5.485237e-07
-1.73 1.200000e+01 5.485237e-07
-1.73 1.250000e+01 5.485237e-07
-1.73 1.300000e+01 5.485237e-07
-1.73 1.350000e+01 5.485237e-07
-1.73 1.400000e+01 5.461967e-07

-1.72 7.000000e+00 5.265550e-07
-1.72 7.500000e+00 5.292165e-07
-1.72 8.000000e+00 5.292165e-07
-1.72 8.500000e+00 5.292165e-07
-1.72 9.000000e+00 5.292165e-07
-1.72 9.500000e+00 5.292165e-07
-1.72 1.000000e+01 5.292165e-07
-1.72 1.050000e+01 5.292165e-07
-1.72 1.100000e+01 5.292165e-07
-1.72 1.150000e+01 5.292165e-07
-1.72 1.200000e+01 5.292165e-07
-1.72 1.250000e+01 5.292165e-07
-1.72 1.300000e+01 5.292165e-07
-1.72 1.350000e+01 5.292165e-07
-1.72 1.400000e+01 5.265550e-07

-1.71 7.000000e+00 5.184904e-07
-1.71 7.500000e+00 5.105888e-07
-1.71 8.000000e+00 5.105888e-07
-1.71 8.500000e+00 5.105888e-07
-1.71 9.000000e+00 5.105888e-07
-1.71 9.500000e+00 5.105888e-07
-1.71 1.000000e+01 5.105888e-07
-1.71 1.050000e+01 5.105888e-07
-1.71 1.100000e+01 5.105888e-07
-1.71 1.150000e+01 5.105888e-07
-1.71 1.200000e+01 5.105888e-07
-1.71 1.250000e+01 5.105888e-07
-1.71 1.300000e+01 5.105888e-07
-1.71 1.350000e+01 5.105888e-07
-1.71 1.400000e+01 5.184904e-07

-1.70 7.000000e+00 4.881867e-07
-1.70 7.500000e+00 4.926168e-07
-1.70 8.000000e+00 4.926168e-07
-1.70 8.500000e+00 4.926168e-07
-1.70 9.000000e+00 4.926168e-07
-1.70 9.500000e+00 4.926168e-07
-1.70 1.000000e+01 4.926168e-07
-1.70 1.050000e+01 4.926168e-07
-1.70 1.100000e+01 4.926168e-07
-1.70 1.150000e+01 4.926168e-07
-1.70 1.200000e+01 4.926168e-07
-1.70 1.250000e+01 4.926168e-07
-1.70 1.300000e+01 4.926168e-07
-1.70 1.350000e+01 4.926168e-07
-1.70 1.400000e+01 4.881867e-07

-1.69 7.000000e+00 4.726317e-07
-1.69 7.500000e+00 4.752773e-07
-1.69 8.000000e+00 4.752773e-07
-1.69 8.500000e+00 4.752773e-07
-1.69 9.000000e+00 4.752773e-07
-1.69 9.500000e+00 4.752773e-07
-1.69 1.000000e+01 4.752773e-07
-1.69 1.050000e+01 4.752773e-07
-1.69 1.100000e+01 4.752773e-07
-1.69 1.150000e+01 4.752773e-07
-1.69 1.200000e+01 4.752773e-07
-1.69 1.250000e+01 4.752773e-07
-1.69 1.300000e+01 4.752773e-07
-1.69 1.350000e+01 4.752773e-07
-1.69 1.400000e+01 4.726317e-07

-1.68 7.000000e+00 4.596542e-07
-1.68 7.500000e+00 4.585482e-07
-1.68 8.000000e+00 4.585482e-07
-1.68 8.500000e+00 4.585482e-07
-1.68 9.000000e+00 4.585482e-07
-1.68 9.500000e+00 4.585482e-07
-1.68 1.000000e+01 4.585482e-07
-1.68 1.050000e+01 4.585482e-07
-1.68 1.100000e+01 4.585482e-07
-1.68 1.150000e+01 4.585482e-07
-1.68 1.200000e+01 4.585482e-07
-1.68 1.250000e+01 4.585482e-07
-1.68 1.300000e+01 4.585482e-07
-1.68 1.350000e+01 4.585482e-07
-1.68 1.400000e+01 4.596542e-07

-1.67 7.000000e+00 4.397869e-07
-1.67 7.500000e+00 4.424080e-07
-1.67 8.000000e+00 4.424080e-07
-1.67 8.500000e+00 4.424080e-07
-1.67 9.000000e+00 4.424080e-07
-1.67 9.500000e+00 4.424080e-07
-1.67 1.000000e+01 4.424080e-07
-1.67 1.050000e+01 4.424080e-07
-1.67 1.100000e+01 4.424080e-07
-1.67 1.150000e+01 4.424080e-07
-1.67 1.200000e+01 4.424080e-07
-1.67 1.250000e+01 4.424080e-07
-1.67 1.300000e+01 4.424080e-07
-1.67 1.350000e+01 4.424080e-07
-1.67 1.400000e+01 4.397869e-07

-1.66 7.000000e+00 4.283941e-07
-1.66 7.500000e+00 4.268358e-07
-1.66 8.000000e+00 4.268358e-07
-1.66 8.500000e+00 4.268358e-07
-1.66 9.000000e+00 4.268358e-07
-1.66 9.500000e+00 4.268358e-07
-1.66 1.000000e+01 4.268358e-07
-1.66 1.050000e+01 4.268358e-07
-1.66 1.100000e+01 4.268358e-07
-1.66 1.150000e+01 4.268358e-07
-1.66 1.200000e+01 4.268358e-07
-1.66 1.250000e+01 4.268358e-07
-1.66 1.300000e+01 4.268358e-07
-1.66 1.350000e+01 4.268358e-07
-1.66 1.400000e+01 4.283941e-07

-1.65 7.000000e+00 4.074944e-07
-1.65 7.500000e+00 4.118118e-07
-1.65 8.000000e+00 4.118118e-07
-1.65 8.500000e+00 4.118118e-07
-1.65 9.000000e+00 4.118118e-07
-1.65 9.500000e+00 4.118118e-07
-1.65 1.000000e+01 4.118118e-07
-1.65 1.050000e+01 4.118118e-07
-1.65 1.100000e+01 4.118118e-07
-1.65 1.150000e+01 4.118118e-07
-1.65 1.200000e+01 4.118118e-07
-1.65 1.250000e+01 4.118118e-07
-1.65 1.300000e+01 4.118118e-07
-1.65 1.350000e+01 4.118118e-07
-1.65 1.400000e+01 4.074944e-07

-1.64 7.000000e+00 3.947493e-07
-1.64 7.500000e+00 3.973166e-07
-1.64 8.000000e+00 3.973166e-07
-1.64 8.500000e+00 3.973166e-07
-1.64 9.000000e+00 3.973166e-07
-1.64 9.500000e+00 3.973166e-07
-1.64 1.000000e+01 3.973166e-07
-1.64 1.050000e+01 3.973166e-07
-1.64 1.100000e+01 3.973166e-07
-1.64 1.150000e+01 3.973166e-07
-1.64 1.200000e+01 3.973166e-07
-1.64 1.250000e+01 3.973166e-07
-1.64 1.300000e+01 3.973166e-07
-1.64 1.350000e+01 3.973166e-07
-1.64 1.400000e+01 3.947493e-07

-1.63 7.000000e+00 3.793941e-07
-1.63 7.500000e+00 3.833315e-07
-1.63 8.000000e+00 3.833315e-07
-1.63 8.500000e+00 3.833315e-07
-1.63 9.000000e+00 3.833315e-07
-1.63 9.500000e+00 3.833315e-07
-1.63 1.000000e+01 3.833315e-07
-1.63 1.050000e+01 3.833315e-07
-1.63 1.100000e+01 3.833315e-07
-1.63 1.150000e+01 3.833315e-07
-1.63 1.200000e+01 3.833315e-07
-1.63 1.250000e+01 3.833315e-07
-1.63 1.300000e+01 3.833315e-07
-1.63 1.350000e+01 3.833315e-07
-1.63 1.400000e+01 3.793941e-07

-1.62 7.000000e+00 3.673168e-07
-1.62 7.500000e+00 3.698388e-07
-1.62 8.000000e+00 3.698388e-07
-1.62 8.500000e+00 3.698388e-07
-1.62 9.000000e+00 3.698388e-07
-1.62 9.500000e+00 3.698388e-07
-1.62 1.000000e+01 3.698388e-07
-1.62 1.050000e+01 3.698388e-07
-1.62 1.100000e+01 3.698388e-07
-1.62 1.150000e+01 3.698388e-07
-1.62 1.200000e+01 3.698388e-07
-1.62 1.250000e+01 3.698388e-07
-1.62 1.300000e+01 3.698388e-07
-1.62 1.350000e+01 3.698388e-07
-1.62 1.400000e+01 3.673168e-07

-1.61 7.000000e+00 3.612535e-07
-1.61 7.500000e+00 3.568210e-07
-1.61 8.000000e+00 3.568210e-07
-1.61 8.500000e+00 3.568210e-07
-1.61 9.000000e+00 3.568210e-07
-1.61 9.500000e+00 3.568210e-07
-1.61 1.000000e+01 3.568210e-07
-1.61 1.050000e+01 3.568210e-07
-1.61 1.100000e+01 3.568210e-07
-1.61 1.150000e+01 3.568210e-07
-1.61 1.200000e+01 3.568210e-07
-1.61 1.250000e+01 3.568210e-07
-1.61 1.300000e+01 3.568210e-07
-1.61 1.350000e+01 3.568210e-07
-1.61 1.400000e+01 3.612535e-07

-1.60 7.000000e+00 3.401397e-07
-1.60 7.500000e+00 3.442613e-07
-1.60 8.000000e+00 3.442613e-07
-1.60 8.500000e+00 3.442613e-07
-1.60 9.000000e+00 3.442613e-07
-1.60 9.500000e+00 3.442613e-07
-1.60 1.000000e+01 3.442613e-07
-1.60 1.050000e+01 3.442613e-07
-1.60 1.100000e+01 3.442613e-07
-1.60 1.150000e+01 3.442613e-07
-1.60 1.200000e+01 3.442613e-07
-1.60 1.250000e+01 3.442613e-07
-1.60 1.300000e+01 3.442613e-07
-1.60 1.350000e+01 3.442613e-07
-1.60 1.400000e+01 3.401397e-07

-1.59 7.000000e+00 3.297007e-07
-1.59 7.500000e+00 3.321438e-07
-1.59 8.000000e+00 3.321438e-07
-1.59 8.500000e+00 3.321438e-07
-1.59 9.000000e+00 3.321438e-07
-1.59 9.500000e+00 3.321438e-07
-1.59 1.000000e+01 3.321438e-07
-1.59 1.050000e+01 3.321438e-07
-1.59 1.100000e+01 3.321438e-07
-1.59 1.150000e+01 3.321438e-07
-1.59 1.200000e+01 3.321438e-07
-1.59 1.250000e+01 3.321438e-07
-1.59 1.300000e+01 3.321438e-07
-1.59 1.350000e+01 3.321438e-07
-1.59 1.400000e+01 3.297007e-07

-1.58 7.000000e+00 3.202598e-07
-1.58 7.500000e+00 3.204528e-07
-1.58 8.000000e+00 3.204528e-07
-1.58 8.500000e+00 3.204528e-07
-1.58 9.000000e+00 3.204528e-07
-1.58 9.500000e+00 3.204528e-07
-1.58 1.000000e+01 3.204528e-07
-1.58 1.050000e+01 3.204528e-07
-1.58 1.100000e+01 3.204528e-07
-1.58 1.150000e+01 3.204528e-07
-1.58 1.200000e+01 3.204528e-07
-1.58 1.250000e+01 3.204528e-07
-1.58 1.300000e+01 3.204528e-07
-1.58 1.350000e+01 3.204528e-07
-1.58 1.400000e+01 3.202598e-07

-1.57 7.000000e+00 3.067886e-07
-1.57 7.500000e+00 3.091733e-07
-1.57 8.000000e+00 3.091733e-07
-1.57 8.500000e+00 3.091733e-07
-1.57 9.000000e+00 3.091733e-07
-1.57 9.500000e+00 3.091733e-07
-1.57 1.000000e+01 3.091733e-07
-1.57 1.050000e+01 3.091733e-07
-1.57 1.100000e+01 3.091733e-07
-1.57 1.150000e+01 3.091733e-07
-1.57 1.200000e+01 3.091733e-07
-1.57 1.250000e+01 3.091733e-07
-1.57 1.300000e+01 3.091733e-07
-1.57 1.350000e+01 3.091733e-07
-1.57 1.400000e+01 3.067886e-07

-1.56 7.000000e+00 2.975670e-07
-1.56 7.500000e+00 2.982908e-07
-1.56 8.000000e+00 2.982908e-07
-1.56 8.500000e+00 2.982908e-07
-1.56 9.000000e+00 2.982908e-07
-1.56 9.500000e+00 2.982908e-07
-1.56 1.000000e+01 2.982908e-07
-1.56 1.050000e+01 2.982908e-07
-1.56 1.100000e+01 2.982908e-07
-1.56 1.150000e+01 2.982908e-07
-1.56 1.200000e+01 2.982908e-07
-1.56 1.250000e+01 2.982908e-07
-1.56 1.300000e+01 2.982908e-07
-1.56 1.350000e+01 2.982908e-07
-1.56 1.400000e+01 2.975670e-07

-1.55 7.000000e+00 2.839180e-07
-1.55 7.500000e+00 2.877913e-07
-1.55 8.000000e+00 2.877913e-07
-1.55 8.500000e+00 2.877913e-07
-1.55 9.000000e+00 2.877913e-07
-1.55 9.500000e+00 2.877913e-07
-1.55 1.000000e+01 2.877913e-07
-1.55 1.050000e+01 2.877913e-07
-1.55 1.100000e+01 2.877913e-07
-1.55 1.150000e+01 2.877913e-07
-1.55 1.200000e+01 2.877913e-07
-1.55 1.250000e+01 2.877913e-07
-1.55 1.300000e+01 2.877913e-07
-1.55 1.350000e+01 2.877913e-07
-1.55 1.400000e+01 2.839180e-07

-1.54 7.000000e+00 2.753711e-07
-1.54 7.500000e+00 2.776615e-07
-1.54 8.000000e+00 2.776615e-07
-1.54 8.500000e+00 2.776615e-07
-1.54 9.000000e+00 2.776615e-07
-1.54 9.500000e+00 2.776615e-07
-1.54 1.000000e+01 2.776615e-07
-1.54 1.050000e+01 2.776615e-07
-1.54 1.100000e+01 2.776615e-07
-1.54 1.150000e+01 2.776615e-07
-1.54 1.200000e+01 2.776615e-07
-1.54 1.250000e+01 2.776615e-07
-1.54 1.300000e+01 2.776615e-07
-1.54 1.350000e+01 2.776615e-07
-1.54 1.400000e+01 2.753711e-07

-1.53 7.000000e+00 2.635311e-07
-1.53 7.500000e+00 2.678881e-07
-1.53 8.000000e+00 2.678881e-07
-1.53 8.500000e+00 2.678881e-07
-1.53 9.000000e+00 2.678881e-07
-1.53 9.500000e+00 2.678881e-07
-1.53 1.000000e+01 2.678881e-07
-1.53 1.050000e+01 2.678881e-07
-1.53 1.100000e+01 2.678881e-07
-1.53 1.150000e+01 2.678881e-07
-1.53 1.200000e+01 2.678881e-07
-1.53 1.250000e+01 2.678881e-07
-1.53 1.300000e+01 2.678881e-07
-1.53 1.350000e+01 2.678881e-07
-1.53 1.400000e+01 2.635311e-07

-1.52 7.000000e+00 2.562345e-07
-1.52 7.500000e+00 2.584588e-07
-1.52 8.000000e+00 2.584588e-07
-1.52 8.500000e+00 2.584588e-07
-1.52 9.000000e+00 2.584588e-07
-1.52 9.500000e+00 2.584588e-07
-1.52 1.000000e+01 2.584588e-07
-1.52 1.050000e+01 2.584588e-07
-1.52 1.100000e+01 2.584588e-07
-1.52 1.150000e+01 2.584588e-07
-1.52 1.200000e+01 2.584588e-07
-1.52 1.250000e+01 2.584588e-07
-1.52 1.300000e+01 2.584588e-07
-1.52 1.350000e+01 2.584588e-07
-1.52 1.400000e+01 2.562345e-07

-1.51 7.000000e+00 2.517000e-07
-1.51 7.500000e+00 2.493614e-07
-1.51 8.000000e+00 2.493614e-07
-1.51 8.500000e+00 2.493614e-07
-1.51 9.000000e+00 2.493614e-07
-1.51 9.500000e+00 2.493614e-07
-1.51 1.000000e+01 2.493614e-07
-1.51 1.050000e+01 2.493614e-07
-1.51 1.100000e+01 2.493614e-07
-1.51 1.150000e+01 2.493614e-07
-1.51 1.200000e+01 2.493614e-07
-1.51 1.250000e+01 2.493614e-07
-1.51 1.300000e+01 2.493614e-07
-1.51 1.350000e+01 2.493614e-07
-1.51 1.400000e+01 2.517000e-07

-1.50 7.000000e+00 2.369891e-07
-1.50 7.500000e+00 2.405842e-07
-1.50 8.000000e+00 2.405842e-07
-1.50 8.500000e+00 2.405842e-07
-1.50 9.000000e+00 2.405842e-07
-1.50 9.500000e+00 2.405842e-07
-1.50 1.000000e+01 2.405842e-07
-1.50 1.050000e+01 2.405842e-07
-1.50 1.100000e+01 2.405842e-07
-1.50 1.150000e+01 2.405842e-07
-1.50 1.200000e+01 2.405842e-07
-1.50 1.250000e+01 2.405842e-07
-1.50 1.300000e+01 2.405842e-07
-1.50 1.350000e+01 2.405842e-07
-1.50 1.400000e+01 2.369891e-07

-1.49 7.000000e+00 2.299941e-07
-1.49 7.500000e+00 2.321160e-07
-1.49 8.000000e+00 2.321160e-07
-1.49 8.500000e+00 2.321160e-07
-1.49 9.000000e+00 2.321160e-07
-1.49 9.500000e+00 2.321160e-07
-1.49 1.000000e+01 2.321160e-07
-1.49 1.050000e+01 2.321160e-07
-1.49 1.100000e+01 2.321160e-07
-1.49 1.150000e+01 2.321160e-07
-1.49 1.200000e+01 2.321160e-07
-1.49 1.250000e+01 2.321160e-07
-1.49 1.300000e+01 2.321160e-07
-1.49 1.350000e+01 2.321159e-07
-1.49 1.400000e+01 2.299941e-07

-1.48 7.000000e+00 2.231380e-07
-1.48 7.500000e+00 2.239458e-07
-1.48 8.000000e+00 2.239458e-07
-1.48 8.500000e+00 2.239458e-07
-1.48 9.000000e+00 2.239458e-07
-1.48 9.500000e+00 2.239458e-07
-1.48 1.000000e+01 2.239458e-07
-1.48 1.050000e+01 2.239458e-07
-1.48 1.100000e+01 2.239458e-07
-1.48 1.150000e+01 2.239458e-07
-1.48 1.200000e+01 2.239458e-07
-1.48 1.250000e+01 2.239458e-07
-1.48 1.300000e+01 2.239458e-07
-1.48 1.350000e+01 2.239458e-07
-1.48 1.400000e+01 2.231380e-07

-1.47 7.000000e+00 2.140110e-07
-1.47 7.500000e+00 2.160632e-07
-1.47 8.000000e+00 2.160632e-07
-1.47 8.500000e+00 2.160632e-07
-1.47 9.000000e+00 2.160632e-07
-1.47 9.500000e+00 2.160632e-07
-1.47 1.000000e+01 2.160632e-07
-1.47 1.050000e+01 2.160632e-07
-1.47 1.100000e+01 2.160632e-07
-1.47 1.150000e+01 2.160632e-07
-1.47 1.200000e+01 2.160632e-07
-1.47 1.250000e+01 2.160632e-07
-1.47 1.300000e+01 2.160632e-07
-1.47 1.350000e+01 2.160632e-07
-1.47 1.400000e+01 2.140110e-07

-1.46 7.000000e+00 2.066931e-07
-1.46 7.500000e+00 2.084580e-07
-1.46 8.000000e+00 2.084580e-07
-1.46 8.500000e+00 2.084580e-07
-1.46 9.000000e+00 2.084580e-07
-1.46 9.500000e+00 2.084580e-07
-1.46 1.000000e+01 2.084580e-07
-1.46 1.050000e+01 2.084580e-07
-1.46 1.100000e+01 2.084580e-07
-1.46 1.150000e+01 2.084580e-07
-1.46 1.200000e+01 2.084580e-07
-1.46 1.250000e+01 2.084580e-07
-1.46 1.300000e+01 2.084580e-07
-1.46 1.350000e+01 2.084580e-07
-1.46 1.400000e+01 2.066931e-07

-1.45 7.000000e+00 1.978171e-07
-1.45 7.500000e+00 2.011206e-07
-1.45 8.000000e+00 2.011206e-07
-1.45 8.500000e+00 2.011206e-07
-1.45 9.000000e+00 2.011206e-07
-1.45 9.500000e+00 2.011206e-07
-1.45 1.000000e+01 2.011206e-07
-1.45 1.050000e+01 2.011206e-07
-1.45 1.100000e+01 2.011206e-07
-1.45 1.150000e+01 2.011206e-07
-1.45 1.200000e+01 2.011206e-07
-1.45 1.250000e+01 2.011206e-07
-1.45 1.300000e+01 2.011206e-07
-1.45 1.350000e+01 2.011206e-07
-1.45 1.400000e+01 1.978171e-07

-1.44 7.000000e+00 1.920946e-07
-1.44 7.500000e+00 1.940414e-07
-1.44 8.000000e+00 1.940414e-07
-1.44 8.500000e+00 1.940414e-07
-1.44 9.000000e+00 1.940414e-07
-1.44 9.500000e+00 1.940414e-07
-1.44 1.000000e+01 1.940414e-07
-1.44 1.050000e+01 1.940414e-07
-1.44 1.100000e+01 1.940414e-07
-1.44 1.150000e+01 1.940414e-07
-1.44 1.200000e+01 1.940414e-07
-1.44 1.250000e+01 1.940414e-07
-1.44 1.300000e+01 1.940414e-07
-1.44 1.350000e+01 1.940414e-07
-1.44 1.400000e+01 1.920945e-07

-1.43 7.000000e+00 1.862555e-07
-1.43 7.500000e+00 1.872114e-07
-1.43 8.000000e+00 1.872114e-07
-1.43 8.500000e+00 1.872114e-07
-1.43 9.000000e+00 1.872114e-07
-1.43 9.500000e+00 1.872114e-07
-1.43 1.000000e+01 1.872114e-07
-1.43 1.050000e+01 1.872114e-07
-1.43 1.100000e+01 1.872114e-07
-1.43 1.150000e+01 1.872114e-07
-1.43 1.200000e+01 1.872114e-07
-1.43 1.250000e+01 1.872114e-07
-1.43 1.300000e+01 1.872114e-07
-1.43 1.350000e+01 1.872114e-07
-1.43 1.400000e+01 1.862555e-07

-1.42 7.000000e+00 1.787452e-07
-1.42 7.500000e+00 1.806218e-07
-1.42 8.000000e+00 1.806218e-07
-1.42 8.500000e+00 1.806218e-07
-1.42 9.000000e+00 1.806218e-07
-1.42 9.500000e+00 1.806218e-07
-1.42 1.000000e+01 1.806218e-07
-1.42 1.050000e+01 1.806218e-07
-1.42 1.100000e+01 1.806218e-07
-1.42 1.150000e+01 1.806218e-07
-1.42 1.200000e+01 1.806218e-07
-1.42 1.250000e+01 1.806218e-07
-1.42 1.300000e+01 1.806218e-07
-1.42 1.350000e+01 1.806218e-07
-1.42 1.400000e+01 1.787452e-07

-1.41 7.000000e+00 1.753696e-07
-1.41 7.500000e+00 1.742641e-07
-1.41 8.000000e+00 1.742641e-07
-1.41 8.500000e+00 1.742641e-07
-1.41 9.000000e+00 1.742641e-07
-1.41 9.500000e+00 1.742641e-07
-1.41 1.000000e+01 1.742641e-07
-1.41 1.050000e+01 1.742641e-07
-1.41 1.100000e+01 1.742641e-07
-1.41 1.150000e+01 1.742641e-07
-1.41 1.200000e+01 1.742641e-07
-1.41 1.250000e+01 1.742641e-07
-1.41 1.300000e+01 1.742641e-07
-1.41 1.350000e+01 1.742641e-07
-1.41 1.400000e+01 1.753695e-07

-1.40 7.000000e+00 1.663235e-07
-1.40 7.500000e+00 1.681302e-07
-1.40 8.000000e+00 1.681302e-07
-1.40 8.500000e+00 1.681302e-07
-1.40 9.000000e+00 1.681302e-07
-1.40 9.500000e+00 1.681302e-07
-1.40 1.000000e+01 1.681302e-07
-1.40 1.050000e+01 1.681302e-07
-1.40 1.100000e+01 1.681302e-07
-1.40 1.150000e+01 1.681302e-07
-1.40 1.200000e+01 1.681302e-07
-1.40 1.250000e+01 1.681302e-07
-1.40 1.300000e+01 1.681302e-07
-1.40 1.350000e+01 1.681302e-07
-1.40 1.400000e+01 1.663235e-07

-1.39 7.000000e+00 1.621138e-07
-1.39 7.500000e+00 1.622123e-07
-1.39 8.000000e+00 1.622123e-07
-1.39 8.500000e+00 1.622123e-07
-1.39 9.000000e+00 1.622123e-07
-1.39 9.500000e+00 1.622123e-07
-1.39 1.000000e+01 1.622123e-07
-1.39 1.050000e+01 1.622123e-07
-1.39 1.100000e+01 1.622123e-07
-1.39 1.150000e+01 1.622123e-07
-1.39 1.200000e+01 1.622123e-07
-1.39 1.250000e+01 1.622123e-07
-1.39 1.300000e+01 1.622123e-07
-1.39 1.350000e+01 1.622122e-07
-1.39 1.400000e+01 1.621137e-07

-1.38 7.000000e+00 1.554693e-07
-1.38 7.500000e+00 1.565026e-07
-1.38 8.000000e+00 1.565026e-07
-1.38 8.500000e+00 1.565026e-07
-1.38 9.000000e+00 1.565026e-07
-1.38 9.500000e+00 1.565026e-07
-1.38 1.000000e+01 1.565026e-07
-1.38 1.050000e+01 1.565026e-07
-1.38 1.100000e+01 1.565026e-07
-1.38 1.150000e+01 1.565026e-07
-1.38 1.200000e+01 1.565026e-07
-1.38 1.250000e+01 1.565026e-07
-1.38 1.300000e+01 1.565026e-07
-1.38 1.350000e+01 1.565026e-07
-1.38 1.400000e+01 1.554691e-07

-1.37 7.000000e+00 1.492907e-07
-1.37 7.500000e+00 1.509939e-07
-1.37 8.000000e+00 1.509939e-07
-1.37 8.500000e+00 1.509939e-07
-1.37 9.000000e+00 1.509939e-07
-1.37 9.500000e+00 1.509939e-07
-1.37 1.000000e+01 1.509939e-07
-1.37 1.050000e+01 1.509939e-07
-1.37 1.100000e+01 1.509939e-07
-1.37 1.150000e+01 1.509939e-07
-1.37 1.200000e+01 1.509939e-07
-1.37 1.250000e+01 1.509939e-07
-1.37 1.300000e+01 1.509939e-07
-1.37 1.350000e+01 1.509939e-07
-1.37 1.400000e+01 1.492905e-07

-1.36 7.000000e+00 1.435711e-07
-1.36 7.500000e+00 1.456791e-07
-1.36 8.000000e+00 1.456791e-07
-1.36 8.500000e+00 1.456791e-07
-1.36 9.000000e+00 1.456791e-07
-1.36 9.500000e+00 1.456791e-07
-1.36 1.000000e+01 1.456791e-07
-1.36 1.050000e+01 1.456791e-07
-1.36 1.100000e+01 1.456791e-07
-1.36 1.150000e+01 1.456791e-07
-1.36 1.200000e+01 1.456791e-07
-1.36 1.250000e+01 1.456791e-07
-1.36 1.300000e+01 1.456791e-07
-1.36 1.350000e+01 1.456790e-07
-1.36 1.400000e+01 1.435708e-07

-1.35 7.000000e+00 1.389159e-07
-1.35 7.500000e+00 1.405514e-07
-1.35 8.000000e+00 1.405514e-07
-1.35 8.500000e+00 1.405514e-07
-1.35 9.000000e+00 1.405514e-07
-1.35 9.500000e+00 1.405514e-07
-1.35 1.000000e+01 1.405514e-07
-1.35 1.050000e+01 1.405514e-07
-1.35 1.100000e+01 1.405514e-07
-1.35 1.150000e+01 1.405514e-07
-1.35 1.200000e+01 1.405514e-07
-1.35 1.250000e+01 1.405514e-07
-1.35 1.300000e+01 1.405514e-07
-1.35 1.350000e+01 1.405513e-07
-1.35 1.400000e+01 1.389156e-07

-1.34 7.000000e+00 1.378272e-07
-1.34 7.500000e+00 1.356041e-07
-1.34 8.000000e+00 1.356041e-07
-1.34 8.500000e+00 1.356041e-07
-1.34 9.000000e+00 1.356041e-07
-1.34 9.500000e+00 1.356041e-07
-1.34 1.000000e+01 1.356041e-07
-1.34 1.050000e+01 1.356041e-07
-1.34 1.100000e+01 1.356041e-07
-1.34 1.150000e+01 1.356041e-07
-1.34 1.200000e+01 1.356041e-07
-1.34 1.250000e+01 1.356041e-07
-1.34 1.300000e+01 1.356041e-07
-1.34 1.350000e+01 1.356040e-07
-1.34 1.400000e+01 1.378269e-07

-1.33 7.000000e+00 1.297717e-07
-1.33 7.500000e+00 1.308311e-07
-1.33 8.000000e+00 1.308311e-07
-1.33 8.500000e+00 1.308311e-07
-1.33 9.000000e+00 1.308311e-07
-1.33 9.500000e+00 1.308311e-07
-1.33 1.000000e+01 1.308311e-07
-1.33 1.050000e+01 1.308311e-07
-1.33 1.100000e+01 1.308311e-07
-1.33 1.150000e+01 1.308311e-07
-1.33 1.200000e+01 1.308310e-07
-1.33 1.250000e+01 1.308310e-07
-1.33 1.300000e+01 1.308310e-07
-1.33 1.350000e+01 1.308309e-07
-1.33 1.400000e+01 1.297712e-07

-1.32 7.000000e+00 1.246898e-07
-1.32 7.500000e+00 1.262260e-07
-1.32 8.000000e+00 1.262260e-07
-1.32 8.500000e+00 1.262260e-07
-1.32 9.000000e+00 1.262260e-07
-1.32 9.500000e+00 1.262260e-07
-1.32 1.000000e+01 1.262260e-07
-1.32 1.050000e+01 1.262260e-07
-1.32 1.100000e+01 1.262260e-07
-1.32 1.150000e+01 1.262260e-07
-1.32 1.200000e+01 1.262260e-07
-1.32 1.250000e+01 1.262259e-07
-1.32 1.300000e+01 1.262259e-07
-1.32 1.350000e+01 1.262258e-07
-1.32 1.400000e+01 1.246891e-07

-1.31 7.000000e+00 1.221870e-07
-1.31 7.500000e+00 1.217830e-07
-1.31 8.000000e+00 1.217830e-07
-1.31 8.500000e+00 1.217830e-07
-1.31 9.000000e+00 1.217830e-07
-1.31 9.500000e+00 1.217830e-07
-1.31 1.000000e+01 1.217830e-07
-1.31 1.050000e+01 1.217830e-07
-1.31 1.100000e+01 1.217830e-07
-1.31 1.150000e+01 1.217830e-07
-1.31 1.200000e+01 1.217830e-07
-1.31 1.250000e+01 1.217829e-07
-1.31 1.300000e+01 1.217829e-07
-1.31 1.350000e+01 1.217827e-07
-1.31 1.400000e+01 1.221862e-07

-1.30 7.000000e+00 1.160247e-07
-1.30 7.500000e+00 1.174964e-07
-1.30 8.000000e+00 1.174964e-07
-1.30 8.500000e+00 1.174964e-07
-1.30 9.000000e+00 1.174964e-07
-1.30 9.500000e+00 1.174964e-07
-1.30 1.000000e+01 1.174964e-07
-1.30 1.050000e+01 1.174964e-07
-1.30 1.100000e+01 1.174964e-07
-1.30 1.150000e+01 1.174964e-07
-1.30 1.200000e+01 1.174963e-07
-1.30 1.250000e+01 1.174963e-07
-1.30 1.300000e+01 1.174962e-07
-1.30 1.350000e+01 1.174960e-07
-1.30 1.400000e+01 1.160233e-07

-1.29 7.000000e+00 1.126058e-07
-1.29 7.500000e+00 1.133606e-07
-1.29 8.000000e+00 1.133606e-07
-1.29 8.500000e+00 1.133606e-07
-1.29 9.000000e+00 1.133606e-07
-1.29 9.500000e+00 1.133606e-07
-1.29 1.000000e+01 1.133606e-07
-1.29 1.050000e+01 1.133606e-07
-1.29 1.100000e+01 1.133606e-07
-1.29 1.150000e+01 1.133606e-07
-1.29 1.200000e+01 1.133606e-07
-1.29 1.250000e+01 1.133606e-07
-1.29 1.300000e+01 1.133605e-07
-1.29 1.350000e+01 1.133601e-07
-1.29 1.400000e+01 1.126041e-07

-1.28 7.000000e+00 1.083217e-07
-1.28 7.500000e+00 1.093705e-07
-1.28 8.000000e+00 1.093705e-07
-1.28 8.500000e+00 1.093705e-07
-1.28 9.000000e+00 1.093705e-07
-1.28 9.500000e+00 1.093705e-07
-1.28 1.000000e+01 1.093705e-07
-1.28 1.050000e+01 1.093705e-07
-1.28 1.100000e+01 1.093705e-07
-1.28 1.150000e+01 1.093705e-07
-1.28 1.200000e+01 1.093705e-07
-1.28 1.250000e+01 1.093704e-07
-1.28 1.300000e+01 1.093703e-07
-1.28 1.350000e+01 1.093698e-07
-1.28 1.400000e+01 1.083192e-07

-1.27 7.000000e+00 1.041428e-07
-1.27 7.500000e+00 1.055208e-07
-1.27 8.000000e+00 1.055208e-07
-1.27 8.500000e+00 1.055208e-07
-1.27 9.000000e+00 1.055208e-07
-1.27 9.500000e+00 1.055208e-07
-1.27 1.000000e+01 1.055208e-07
-1.27 1.050000e+01 1.055208e-07
-1.27 1.100000e+01 1.055208e-07
-1.27 1.150000e+01 1.055208e-07
-1.27 1.200000e+01 1.055207e-07
-1.27 1.250000e+01 1.055207e-07
-1.27 1.300000e+01 1.055205e-07
-1.27 1.350000e+01 1.055198e-07
-1.27 1.400000e+01 1.041393e-07

-1.26 7.000000e+00 1.019907e-07
-1.26 7.500000e+00 1.018066e-07
-1.26 8.000000e+00 1.018066e-07
-1.26 8.500000e+00 1.018066e-07
-1.26 9.000000e+00 1.018066e-07
-1.26 9.500000e+00 1.018066e-07
-1.26 1.000000e+01 1.018066e-07
-1.26 1.050000e+01 1.018066e-07
-1.26 1.100000e+01 1.018066e-07
-1.26 1.150000e+01 1.018066e-07
-1.26 1.200000e+01 1.018065e-07
-1.26 1.250000e+01 1.018064e-07
-1.26 1.300000e+01 1.018061e-07
-1.26 1.350000e+01 1.018052e-07
-1.26 1.400000e+01 1.019865e-07

-1.25 7.000000e+00 9.690553e-08
-1.25 7.500000e+00 9.822311e-08
-1.25 8.000000e+00 9.822311e-08
-1.25 8.500000e+00 9.822311e-08
-1.25 9.000000e+00 9.822311e-08
-1.25 9.500000e+00 9.822311e-08
-1.25 1.000000e+01 9.822311e-08
-1.25 1.050000e+01 9.822311e-08
-1.25 1.100000e+01 9.822310e-08
-1.25 1.150000e+01 9.822309e-08
-1.25 1.200000e+01 9.822305e-08
-1.25 1.250000e+01 9.822292e-08
-1.25 1.300000e+01 9.822252e-08
-1.25 1.350000e+01 9.822126e-08
-1.25 1.400000e+01 9.689892e-08

-1.24 7.000000e+00 9.602971e-08
-1.24 7.500000e+00 9.476578e-08
-1.24 8.000000e+00 9.476578e-08
-1.24 8.500000e+00 9.476578e-08
-1.24 9.000000e+00 9.476578e-08
-1.24 9.500000e+00 9.476578e-08
-1.24 1.000000e+01 9.476578e-08
-1.24 1.050000e+01 9.476578e-08
-1.24 1.100000e+01 9.476577e-08
-1.24 1.150000e+01 9.476575e-08
-1.24 1.200000e+01 9.476570e-08
-1.24 1.250000e+01 9.476552e-08
-1.24 1.300000e+01 9.476497e-08
-1.24 1.350000e+01 9.476324e-08
-1.24 1.400000e+01 9.602255e-08

-1.23 7.000000e+00 9.041713e-08
-1.23 7.500000e+00 9.143014e-08
-1.23 8.000000e+00 9.143014e-08
-1.23 8.500000e+00 9.143014e-08
-1.23 9.000000e+00 9.143014e-08
-1.23 9.500000e+00 9.143014e-08
-1.23 1.000000e+01 9.143014e-08
-1.23 1.050000e+01 9.143014e-08
-1.23 1.100000e+01 9.143013e-08
-1.23 1.150000e+01 9.143010e-08
-1.23 1.200000e+01 9.143003e-08
-1.23 1.250000e+01 9.142979e-08
-1.23 1.300000e+01 9.142904e-08
-1.23 1.350000e+01 9.142666e-08
-1.23 1.400000e+01 9.040498e-08

-1.22 7.000000e+00 8.698162e-08
-1.22 7.500000e+00 8.821191e-08
-1.22 8.000000e+00 8.821191e-08
-1.22 8.500000e+00 8.821191e-08
-1.22 9.000000e+00 8.821191e-08
-1.22 9.500000e+00 8.821191e-08
-1.22 1.000000e+01 8.821191e-08
-1.22 1.050000e+01 8.821191e-08
-1.22 1.100000e+01 8.821190e-08
-1.22 1.150000e+01 8.821186e-08
-1.22 1.200000e+01 8.821176e-08
-1.22 1.250000e+01 8.821144e-08
-1.22 1.300000e+01 8.821040e-08
-1.22 1.350000e+01 8.820714e-08
-1.22 1.400000e+01 8.696453e-08

-1.21 7.000000e+00 8.513259e-08
-1.21 7.500000e+00 8.510696e-08
-1.21 8.000000e+00 8.510696e-08
-1.21 8.500000e+00 8.510696e-08
-1.21 9.000000e+00 8.510696e-08
-1.21 9.500000e+00 8.510696e-08
-1.21 1.000000e+01 8.510696e-08
-1.21 1.050000e+01 8.510695e-08
-1.21 1.100000e+01 8.510694e-08
-1.21 1.150000e+01 8.510690e-08
-1.21 1.200000e+01 8.510675e-08
-1.21 1.250000e+01 8.510631e-08
-1.21 1.300000e+01 8.510489e-08
-1.21 1.350000e+01 8.510042e-08
-1.21 1.400000e+01 8.511195e-08

-1.20 7.000000e+00 8.093694e-08
-1.20 7.500000e+00 8.211130e-08
-1.20 8.000000e+00 8.211130e-08
-1.20 8.500000e+00 8.211130e-08
-1.20 9.000000e+00 8.211130e-08
-1.20 9.500000e+00 8.211130e-08
-1.20 1.000000e+01 8.211130e-08
-1.20 1.050000e+01 8.211129e-08
-1.20 1.100000e+01 8.211127e-08
-1.20 1.150000e+01 8.211121e-08
-1.20 1.200000e+01 8.211102e-08
-1.20 1.250000e+01 8.211041e-08
-1.20 1.300000e+01 8.210847e-08
-1.20 1.350000e+01 8.210234e-08
-1.20 1.400000e+01 8.090475e-08

-1.19 7.000000e+00 7.821710e-08
-1.19 7.500000e+00 7.922108e-08
-1.19 8.000000e+00 7.922108e-08
-1.19 8.500000e+00 7.922108e-08
-1.19 9.000000e+00 7.922108e-08
-1.19 9.500000e+00 7.922108e-08
-1.19 1.000000e+01 7.922108e-08
-1.19 1.050000e+01 7.922107e-08
-1.19 1.100000e+01 7.922105e-08
-1.19 1.150000e+01 7.922096e-08
-1.19 1.200000e+01 7.922070e-08
-1.19 1.250000e+01 7.921986e-08
-1.19 1.300000e+01 7.921720e-08
-1.19 1.350000e+01 7.920880e-08
-1.19 1.400000e+01 7.817363e-08

-1.18 7.000000e+00 7.547204e-08
-1.18 7.500000e+00 7.643260e-08
-1.18 8.000000e+00 7.643260e-08
-1.18 8.500000e+00 7.643260e-08
-1.18 9.000000e+00 7.643260e-08
-1.18 9.500000e+00 7.643260e-08
-1.18 1.000000e+01 7.643259e-08
-1.18 1.050000e+01 7.643258e-08
-1.18 1.100000e+01 7.643255e-08
-1.18 1.150000e+01 7.643243e-08
-1.18 1.200000e+01 7.643207e-08
-1.18 1.250000e+01 7.643092e-08
-1.18 1.300000e+01 7.642728e-08
-1.18 1.350000e+01 7.641577e-08
-1.18 1.400000e+01 7.541253e-08

-1.17 7.000000e+00 7.264835e-08
-1.17 7.500000e+00 7.374227e-08
-1.17 8.000000e+00 7.374227e-08
-1.17 8.500000e+00 7.374227e-08
-1.17 9.000000e+00 7.374227e-08
-1.17 9.500000e+00 7.374226e-08
-1.17 1.000000e+01 7.374226e-08
-1.17 1.050000e+01 7.374224e-08
-1.17 1.100000e+01 7.374219e-08
-1.17 1.150000e+01 7.374204e-08
-1.17 1.200000e+01 7.374154e-08
-1.17 1.250000e+01 7.373996e-08
-1.17 1.300000e+01 7.373498e-08
-1.17 1.350000e+01 7.371920e-08
-1.17 1.400000e+01 7.256515e-08

-1.16 7.000000e+00 7.106099e-08
-1.16 7.500000e+00 7.114663e-08
-1.16 8.000000e+00 7.114663e-08
-1.16 8.500000e+00 7.114663e-08
-1.16 9.000000e+00 7.114663e-08
-1.16 9.500000e+00 7.114663e-08
-1.16 1.000000e+01 7.114662e-08
-1.16 1.050000e+01 7.114660e-08
-1.16 1.100000e+01 7.114653e-08
-1.16 1.150000e+01 7.114631e-08
-1.16 1.200000e+01 7.114563e-08
-1.16 1.250000e+01 7.114347e-08
-1.16 1.300000e+01 7.113664e-08
-1.16 1.350000e+01 7.111502e-08
-1.16 1.400000e+01 7.095998e-08

-1.15 7.000000e+00 6.759974e-08
-1.15 7.500000e+00 6.864236e-08
-1.15 8.000000e+00 6.864235e-08
-1.15 8.500000e+00 6.864235e-08
-1.15 9.000000e+00 6.864235e-08
-1.15 9.500000e+00 6.864235e-08
-1.15 1.000000e+01 6.864234e-08
-1.15 1.050000e+01 6.864231e-08
-1.15 1.100000e+01 6.864222e-08
-1.15 1.150000e+01 6.864192e-08
-1.15 1.200000e+01 6.864099e-08
-1.15 1.250000e+01 6.863803e-08
-1.15 1.300000e+01 6.862866e-08
-1.15 1.350000e+01 6.859904e-08
-1.15 1.400000e+01 6.744317e-08

-1.14 7.000000e+00 6.690774e-08
-1.14 7.500000e+00 6.622623e-08
-1.14 8.000000e+00 6.622623e-08
-1.14 8.500000e+00 6.622623e-08
-1.14 9.000000e+00 6.622623e-08
-1.14 9.500000e+00 6.622622e-08
-1.14 1.000000e+01 6.622621e-08
-1.14 1.050000e+01 6.622617e-08
-1.14 1.100000e+01 6.622604e-08
-1.14 1.150000e+01 6.622564e-08
-1.14 1.200000e+01 6.622435e-08
-1.14 1.250000e+01 6.622030e-08
-1.14 1.300000e+01 6.620747e-08
-1.14 1.350000e+01 6.616689e-08
-1.14 1.400000e+01 6.673639e-08

-1.13 7.000000e+00 6.299723e-08
-1.13 7.500000e+00 6.389515e-08
-1.13 8.000000e+00 6.389515e-08
-1.13 8.500000e+00 6.389515e-08
-1.13 9.000000e+00 6.389514e-08
-1.13 9.500000e+00 6.389514e-08
-1.13 1.000000e+01 6.389512e-08
-1.13 1.050000e+01 6.389507e-08
-1.13 1.100000e+01 6.389489e-08
-1.13 1.150000e+01 6.389434e-08
-1.13 1.200000e+01 6.389258e-08
-1.13 1.250000e+01 6.388702e-08
-1.13 1.300000e+01 6.386944e-08
-1.13 1.350000e+01 6.381385e-08
-1.13 1.400000e+01 6.270681e-08

-1.12 7.000000e+00 6.067698e-08
-1.12 7.500000e+00 6.164612e-08
-1.12 8.000000e+00 6.164612e-08
-1.12 8.500000e+00 6.164611e-08
-1.12 9.000000e+00 6.164611e-08
-1.12 9.500000e+00 6.164610e-08
-1.12 1.000000e+01 6.164608e-08
-1.12 1.050000e+01 6.164600e-08
-1.12 1.100000e+01 6.164576e-08
-1.12 1.150000e+01 6.164500e-08
-1.12 1.200000e+01 6.164260e-08
-1.12 1.250000e+01 6.163498e-08
-1.12 1.300000e+01 6.161089e-08
-1.12 1.350000e+01 6.153476e-08
-1.12 1.400000e+01 6.027382e-08

-1.11 7.000000e+00 5.931528e-08
-1.11 7.500000e+00 5.947625e-08
-1.11 8.000000e+00 5.947625e-08
-1.11 8.500000e+00 5.947625e-08
-1.11 9.000000e+00 5.947624e-08
-1.11 9.500000e+00 5.947623e-08
-1.11 1.000000e+01 5.947620e-08
-1.11 1.050000e+01 5.947610e-08
-1.11 1.100000e+01 5.947577e-08
-1.11 1.150000e+01 5.947472e-08
-1.11 1.200000e+01 5.947143e-08
-1.11 1.250000e+01 5.946099e-08
-1.11 1.300000e+01 5.942798e-08
-1.11 1.350000e+01 5.932376e-08
-1.11 1.400000e+01 5.882386e-08

-1.10 7.000000e+00 5.646031e-08
-1.10 7.500000e+00 5.738276e-08
-1.10 8.000000e+00 5.738276e-08
-1.10 8.500000e+00 5.738275e-08
-1.10 9.000000e+00 5.738275e-08
-1.10 9.500000e+00 5.738274e-08
-1.10 1.000000e+01 5.738269e-08
-1.10 1.050000e+01 5.738255e-08
-1.10 1.100000e+01 5.738210e-08
-1.10 1.150000e+01 5.738067e-08
-1.10 1.200000e+01 5.737615e-08
-1.10 1.250000e+01 5.736185e-08
-1.10 1.300000e+01 5.731663e-08
-1.10 1.350000e+01 5.717400e-08
-1.10 1.400000e+01 5.570584e-08

-1.09 7.000000e+00 5.584853e-08
-1.09 7.500000e+00 5.536295e-08
-1.09 8.000000e+00 5.536295e-08
-1.09 8.500000e+00 5.536295e-08
-1.09 9.000000e+00 5.536294e-08
-1.09 9.500000e+00 5.536293e-08
-1.09 1.000000e+01 5.536286e-08
-1.09 1.050000e+01 5.536267e-08
-1.09 1.100000e+01 5.536205e-08
-1.09 1.150000e+01 5.536009e-08
-1.09 1.200000e+01 5.535390e-08
-1.09 1.250000e+01 5.533430e-08
-1.09 1.300000e+01 5.527238e-08
-1.09 1.350000e+01 5.507730e-08
-1.09 1.400000e+01 5.501944e-08

-1.08 7.000000e+00 5.433035e-08
-1.08 7.500000e+00 5.341424e-08
-1.08 8.000000e+00 5.341424e-08
-1.08 8.500000e+00 5.341424e-08
-1.08 9.000000e+00 5.341423e-08
-1.08 9.500000e+00 5.341421e-08
-1.08 1.000000e+01 5.341412e-08
-1.08 1.050000e+01 5.341385e-08
-1.08 1.100000e+01 5.341301e-08
-1.08 1.150000e+01 5.341032e-08
-1.08 1.200000e+01 5.340184e-08
-1.08 1.250000e+01 5.337499e-08
-1.08 1.300000e+01 5.329020e-08
-1.08 1.350000e+01 5.302361e-08
-1.08 1.400000e+01 5.327869e-08

-1.07 7.000000e+00 5.067832e-08
-1.07 7.500000e+00 5.153413e-08
-1.07 8.000000e+00 5.153413e-08
-1.07 8.500000e+00 5.153412e-08
-1.07 9.000000e+00 5.153411e-08
-1.07 9.500000e+00 5.153408e-08
-1.07 1.000000e+01 5.153396e-08
-1.07 1.050000e+01 5.153359e-08
-1.07 1.100000e+01 5.153243e-08
-1.07 1.150000e+01 5.152875e-08
-1.07 1.200000e+01 5.151712e-08
-1.07 1.250000e+01 5.148035e-08
-1.07 1.300000e+01 5.136429e-08
-1.07 1.350000e+01 5.100042e-08
-1.07 1.400000e+01 4.877494e-08

-1.06 7.000000e+00 4.951103e-08
-1.06 7.500000e+00 4.972019e-08
-1.06 8.000000e+00 4.972019e-08
-1.06 8.500000e+00 4.972018e-08
-1.06 9.000000e+00 4.972017e-08
-1.06 9.500000e+00 4.972012e-08
-1.06 1.000000e+01 4.971996e-08
-1.06 1.050000e+01 4.971946e-08
-1.06 1.100000e+01 4.971786e-08
-1.06 1.150000e+01 4.971283e-08
-1.06 1.200000e+01 4.969689e-08
-1.06 1.250000e+01 4.964651e-08
-1.06 1.300000e+01 4.948776e-08
-1.06 1.350000e+01 4.899193e-08
-1.06 1.400000e+01 4.719699e-08

-1.05 7.000000e+00 4.715649e-08
-1.05 7.500000e+00 4.797010e-08
-1.05 8.000000e+00 4.797010e-08
-1.05 8.500000e+00 4.797009e-08
-1.05 9.000000e+00 4.797007e-08
-1.05 9.500000e+00 4.797000e-08
-1.05 1.000000e+01 4.796978e-08
-1.05 1.050000e+01 4.796909e-08
-1.05 1.100000e+01 4.796691e-08
-1.05 1.150000e+01 4.796001e-08
-1.05 1.200000e+01 4.793817e-08
-1.05 1.250000e+01 4.786919e-08
-1.05 1.300000e+01 4.765218e-08
-1.05 1.350000e+01 4.697815e-08
-1.05 1.400000e+01 4.370319e-08

-1.04 7.000000e+00 4.661729e-08
-1.04 7.500000e+00 4.628161e-08
-1.04 8.000000e+00 4.628161e-08
-1.04 8.500000e+00 4.628160e-08
-1.04 9.000000e+00 4.628157e-08
-1.04 9.500000e+00 4.628147e-08
-1.04 1.000000e+01 4.628118e-08
-1.04 1.050000e+01 4.628023e-08
-1.04 1.100000e+01 4.627724e-08
-1.04 1.150000e+01 4.626778e-08
-1.04 1.200000e+01 4.623787e-08
-1.04 1.250000e+01 4.614344e-08
-1.04 1.300000e+01 4.584713e-08
-1.04 1.350000e+01 4.493390e-08
-1.04 1.400000e+01 4.282952e-08

-1.03 7.000000e+00 4.389269e-08
-1.03 7.500000e+00 4.465255e-08
-1.03 8.000000e+00 4.465255e-08
-1.03 8.500000e+00 4.465254e-08
-1.03 9.000000e+00 4.465250e-08
-1.03 9.500000e+00 4.465237e-08
-1.03 1.000000e+01 4.465196e-08
-1.03 1.050000e+01 4.465066e-08
-1.03 1.100000e+01 4.464657e-08
-1.03 1.150000e+01 4.463360e-08
-1.03 1.200000e+01 4.459263e-08
-1.03 1.250000e+01 4.446344e-08
-1.03 1.300000e+01 4.405945e-08
-1.03 1.350000e+01 4.282790e-08
-1.03 1.400000e+01 3.785405e-08

-1.02 7.000000e+00 4.232728e-08
-1.02 7.500000e+00 4.308084e-08
-1.02 8.000000e+00 4.308083e-08
-1.02 8.500000e+00 4.308081e-08
-1.02 9.000000e+00 4.308076e-08
-1.02 9.500000e+00 4.308058e-08
-1.02 1.000000e+01 4.308002e-08
-1.02 1.050000e+01 4.307825e-08
-1.02 1.100000e+01 4.307263e-08
-1.02 1.150000e+01 4.305487e-08
-1.02 1.200000e+01 4.299876e-08
-1.02 1.250000e+01 4.282212e-08
-1.02 1.300000e+01 4.227252e-08
-1.02 1.350000e+01 4.062245e-08
-1.02 1.400000e+01 3.447767e-08

-1.01 7.000000e+00 4.132732e-08
-1.01 7.500000e+00 4.156444e-08
-1.01 8.000000e+00 4.156444e-08
-1.01 8.500000e+00 4.156441e-08
-1.01 9.000000e+00 4.156433e-08
-1.01 9.500000e+00 4.156409e-08
-1.01 1.000000e+01 4.156332e-08
-1.01 1.050000e+01 4.156089e-08
-1.01 1.100000e+01 4.155320e-08
-1.01 1.150000e+01 4.152887e-08
-1.01 1.200000e+01 4.145204e-08
-1.01 1.250000e+01 4.121077e-08
-1.01 1.300000e+01 4.046535e-08
-1.01 1.350000e+01 3.827426e-08
-1.01 1.400000e+01 3.209271e-08

-1.00 7.000000e+00 4.010143e-08
-1.00 7.500000e+00 4.010142e-08
-1.00 8.000000e+00 4.010141e-08
-1.00 8.500000e+00 4.010138e-08
-1.00 9.000000e+00 4.010127e-08
-1.00 9.500000e+00 4.010094e-08
-1.00 1.000000e+01 4.009989e-08
-1.00 1.050000e+01 4.009656e-08
-1.00 1.100000e+01 4.008601e-08
-1.00 1.150000e+01 4.005268e-08
-1.00 1.200000e+01 3.994756e-08
-1.00 1.250000e+01 3.961846e-08
-1.00 1.300000e+01 3.861171e-08
-1.00 1.350000e+01 3.573758e-08
-1.00 1.400000e+01 2.892360e-08

-0.99 7.000000e+00 3.891189e-08
-0.99 7.500000e+00 3.868990e-08
-0.99 8.000000e+00 3.868989e-08
-0.99 8.500000e+00 3.868984e-08
-0.99 9.000000e+00 3.868970e-08
-0.99 9.500000e+00 3.868924e-08
-0.99 1.000000e+01 3.868780e-08
-0.99 1.050000e+01 3.868323e-08
-0.99 1.100000e+01 3.866879e-08
-0.99 1.150000e+01 3.862314e-08
-0.99 1.200000e+01 3.847937e-08
-0.99 1.250000e+01 3.803135e-08
-0.99 1.300000e+01 3.667970e-08
-0.99 1.350000e+01 3.297106e-08
-0.99 1.400000e+01 2.561617e-08

-0.98 7.000000e+00 3.799262e-08
-0.98 7.500000e+00 3.732806e-08
-0.98 8.000000e+00 3.732804e-08
-0.98 8.500000e+00 3.732798e-08
-0.98 9.000000e+00 3.732778e-08
-0.98 9.500000e+00 3.732716e-08
-0.98 1.000000e+01 3.732518e-08
-0.98 1.050000e+01 3.731892e-08
-0.98 1.100000e+01 3.729913e-08
-0.98 1.150000e+01 3.723663e-08
-0.98 1.200000e+01 3.704020e-08
-0.98 1.250000e+01 3.643195e-08
-0.98 1.300000e+01 3.463205e-08
-0.98 1.350000e+01 2.994919e-08
-0.98 1.400000e+01 2.294249e-08

-0.97 7.000000e+00 3.663764e-08
-0.97 7.500000e+00 3.601415e-08
-0.97 8.000000e+00 3.601413e-08
-0.97 8.500000e+00 3.601404e-08
-0.97 9.000000e+00 3.601377e-08
-0.97 9.500000e+00 3.601291e-08
-0.97 1.000000e+01 3.601020e-08
-0.97 1.050000e+01 3.600163e-08
-0.97 1.100000e+01 3.597452e-08
-0.97 1.150000e+01 3.588898e-08
-0.97 1.200000e+01 3.562092e-08
-0.97 1.250000e+01 3.479833e-08
-0.97 1.300000e+01 3.242826e-08
-0.97 1.350000e+01 2.667767e-08
-0.97 1.400000e+01 1.892213e-08

-0.96 7.000000e+00 3.449630e-08
-0.96 7.500000e+00 3.474649e-08
-0.96 8.000000e+00 3.474646e-08
-0.96 8.500000e+00 3.474634e-08
-0.96 9.000000e+00 3.474597e-08
-0.96 9.500000e+00 3.474480e-08
-0.96 1.000000e+01 3.474108e-08
-0.96 1.050000e+01 3.472933e-08
-0.96 1.100000e+01 3.469220e-08
-0.96 1.150000e+01 3.457520e-08
-0.96 1.200000e+01 3.421005e-08
-0.96 1.250000e+01 3.310358e-08
-0.96 1.300000e+01 3.002962e-08
-0.96 1.350000e+01 2.320881e-08
-0.96 1.400000e+01 1.282980e-08

-0.95 7.000000e+00 3.410187e-08
-0.95 7.500000e+00 3.352345e-08
-0.95 8.000000e+00 3.352340e-08
-0.95 8.500000e+00 3.352324e-08
-0.95 9.000000e+00 3.352273e-08
-0.95 9.500000e+00 3.352113e-08
-0.95 1.000000e+01 3.351604e-08
-0.95 1.050000e+01 3.349994e-08
-0.95 1.100000e+01 3.344909e-08
-0.95 1.150000e+01 3.328918e-08
-0.95 1.200000e+01 3.279302e-08
-0.95 1.250000e+01 3.131578e-08
-0.95 1.300000e+01 2.740819e-08
-0.95 1.350000e+01 1.964861e-08
-0.95 1.400000e+01 1.179947e-08

-0.94 7.000000e+00 3.248012e-08
-0.94 7.500000e+00 3.234346e-08
-0.94 8.000000e+00 3.234339e-08
-0.94 8.500000e+00 3.234317e-08
-0.94 9.000000e+00 3.234247e-08
-0.94 9.500000e+00 3.234027e-08
-0.94 1.000000e+01 3.233329e-08
-0.94 1.050000e+01 3.231124e-08
-0.94 1.100000e+01 3.224165e-08
-0.94 1.150000e+01 3.202334e-08
-0.94 1.200000e+01 3.135151e-08
-0.94 1.250000e+01 2.939944e-08
-0.94 1.300000e+01 2.455971e-08
-0.94 1.350000e+01 1.614703e-08
-0.94 1.400000e+01 8.027365e-09

-0.93 7.000000e+00 3.173199e-08
-0.93 7.500000e+00 3.120500e-08
-0.93 8.000000e+00 3.120490e-08
-0.93 8.500000e+00 3.120460e-08
-0.93 9.000000e+00 3.120364e-08
-0.93 9.500000e+00 3.120062e-08
-0.93 1.000000e+01 3.119107e-08
-0.93 1.050000e+01 3.116086e-08
-0.93 1.100000e+01 3.106565e-08
-0.93 1.150000e+01 3.076810e-08
-0.93 1.200000e+01 2.986287e-08
-0.93 1.250000e+01 2.731904e-08
-0.93 1.300000e+01 2.151787e-08
-0.93 1.350000e+01 1.286905e-08
-0.93 1.400000e+01 6.573573e-09

-0.92 7.000000e+00 2.959899e-08
-0.92 7.500000e+00 3.010660e-08
-0.92 8.000000e+00 3.010647e-08
-0.92 8.500000e+00 3.010606e-08
-0.92 9.000000e+00 3.010475e-08
-0.92 9.500000e+00 3.010061e-08
-0.92 1.000000e+01 3.008751e-08
-0.92 1.050000e+01 3.004615e-08
-0.92 1.100000e+01 2.991599e-08
-0.92 1.150000e+01 2.951136e-08
-0.92 1.200000e+01 2.829993e-08
-0.92 1.250000e+01 2.504601e-08
-0.92 1.300000e+01 1.836352e-08
-0.92 1.350000e+01 9.956244e-09
-0.92 1.400000e+01 3.455248e-09

-0.91 7.000000e+00 2.879437e-08
-0.91 7.500000e+00 2.904686e-08
-0.91 8.000000e+00 2.904668e-08
-0.91 8.500000e+00 2.904611e-08
-0.91 9.000000e+00 2.904432e-08
-0.91 9.500000e+00 2.903865e-08
-0.91 1.000000e+01 2.902071e-08
-0.91 1.050000e+01 2.896409e-08
-0.91 1.100000e+01 2.878632e-08
-0.91 1.150000e+01 2.823783e-08
-0.91 1.200000e+01 2.663182e-08
-0.91 1.250000e+01 2.256931e-08
-0.91 1.300000e+01 1.522088e-08
-0.91 1.350000e+01 7.496227e-09
-0.91 1.400000e+01 2.638976e-09

-0.90 7.000000e+00 2.848236e-08
-0.90 7.500000e+00 2.802441e-08
-0.90 8.000000e+00 2.802417e-08
-0.90 8.500000e+00 2.802339e-08
-0.90 9.000000e+00 2.802093e-08
-0.90 9.500000e+00 2.801316e-08
-0.90 1.000000e+01 2.798859e-08
-0.90 1.050000e+01 2.791111e-08
-0.90 1.100000e+01 2.766870e-08
-0.90 1.150000e+01 2.692850e-08
-0.90 1.200000e+01 2.482649e-08
-0.90 1.250000e+01 1.990818e-08
-0.90 1.300000e+01 1.223621e-08
-0.90 1.350000e+01 5.512669e-09
-0.90 1.400000e+01 2.368134e-09

-0.89 7.000000e+00 2.711142e-08
-0.89 7.500000e+00 2.703794e-08
-0.89 8.000000e+00 2.703760e-08
-0.89 8.500000e+00 2.703654e-08
-0.89 9.000000e+00 2.703317e-08
-0.89 9.500000e+00 2.702252e-08
-0.89 1.000000e+01 2.698888e-08
-0.89 1.050000e+01 2.688293e-08
-0.89 1.100000e+01 2.655304e-08
-0.89 1.150000e+01 2.556033e-08
-0.89 1.200000e+01 2.285596e-08
-0.89 1.250000e+01 1.712239e-08
-0.89 1.300000e+01 9.544592e-09
-0.89 1.350000e+01 3.975786e-09
-0.89 1.400000e+01 1.436163e-09

-0.88 7.000000e+00 2.650298e-08
-0.88 7.500000e+00 2.608617e-08
-0.88 8.000000e+00 2.608571e-08
-0.88 8.500000e+00 2.608426e-08
-0.88 9.000000e+00 2.607964e-08
-0.88 9.500000e+00 2.606505e-08
-0.88 1.000000e+01 2.601898e-08
-0.88 1.050000e+01 2.587425e-08
-0.88 1.100000e+01 2.542661e-08
-0.88 1.150000e+01 2.410666e-08
-0.88 1.200000e+01 2.070490e-08
-0.88 1.250000e+01 1.431272e-08
-0.88 1.300000e+01 7.239273e-09
-0.88 1.350000e+01 2.823300e-09
-0.88 1.400000e+01 1.136068e-09

-0.87 7.000000e+00 2.552682e-08
-0.87 7.500000e+00 2.516789e-08
-0.87 8.000000e+00 2.516725e-08
-0.87 8.500000e+00 2.516526e-08
-0.87 9.000000e+00 2.515894e-08
-0.87 9.500000e+00 2.513895e-08
-0.87 1.000000e+01 2.507590e-08
-0.87 1.050000e+01 2.487844e-08
-0.87 1.100000e+01 2.427349e-08
-0.87 1.150000e+01 2.253893e-08
-0.87 1.200000e+01 1.838169e-08
-0.87 1.250000e+01 1.160639e-08
-0.87 1.300000e+01 5.357080e-09
-0.87 1.350000e+01 1.981095e-09
-0.87 1.400000e+01 7.677816e-10

-0.86 7.000000e+00 2.403482e-08
-0.86 7.500000e+00 2.428189e-08
-0.86 8.000000e+00 2.428102e-08
-0.86 8.500000e+00 2.427829e-08
-0.86 9.000000e+00 2.426962e-08
-0.86 9.500000e+00 2.424225e-08
-0.86 1.000000e+01 2.415603e-08
-0.86 1.050000e+01 2.388713e-08
-0.86 1.100000e+01 2.307421e-08
-0.86 1.150000e+01 2.083060e-08
-0.86 1.200000e+01 1.592873e-08
-0.86 1.250000e+01 9.129436e-09
-0.86 1.300000e+01 3.883276e-09
-0.86 1.350000e+01 1.377690e-09
-0.86 1.400000e+01 4.062163e-10

-0.85 7.000000e+00 2.378876e-08
-0.85 7.500000e+00 2.342703e-08
-0.85 8.000000e+00 2.342585e-08
-0.85 8.500000e+00 2.342210e-08
-0.85 9.000000e+00 2.341023e-08
-0.85 9.500000e+00 2.337275e-08
-0.85 1.000000e+01 2.325492e-08
-0.85 1.050000e+01 2.288971e-08
-0.85 1.100000e+01 2.180587e-08
-0.85 1.150000e+01 1.896395e-08
-0.85 1.200000e+01 1.342602e-08
-0.85 1.250000e+01 6.977357e-09
-0.85 1.300000e+01 2.768642e-09
-0.85 1.350000e+01 9.517314e-10
-0.85 1.400000e+01 3.641015e-10

-0.84 7.000000e+00 2.262997e-08
-0.84 7.500000e+00 2.260221e-08
-0.84 8.000000e+00 2.260058e-08
-0.84 8.500000e+00 2.259544e-08
-0.84 9.000000e+00 2.257919e-08
-0.84 9.500000e+00 2.252789e-08
-0.84 1.000000e+01 2.236706e-08
-0.84 1.050000e+01 2.187287e-08
-0.84 1.100000e+01 2.044332e-08
-0.84 1.150000e+01 1.693941e-08
-0.84 1.200000e+01 1.098212e-08
-0.84 1.250000e+01 5.197312e-09
-0.84 1.300000e+01 1.948671e-09
-0.84 1.350000e+01 6.542984e-10
-0.84 1.400000e+01 2.136486e-10

-0.83 7.000000e+00 2.213545e-08
-0.83 7.500000e+00 2.180633e-08
-0.83 8.000000e+00 2.180411e-08
-0.83 8.500000e+00 2.179706e-08
-0.83 9.000000e+00 2.177480e-08
-0.83 9.500000e+00 2.170462e-08
-0.83 1.000000e+01 2.148549e-08
-0.83 1.050000e+01 2.082021e-08
-0.83 1.100000e+01 1.896196e-08
-0.83 1.150000e+01 1.478545e-08
-0.83 1.200000e+01 8.712219e-09
-0.83 1.250000e+01 3.787911e-09
-0.83 1.300000e+01 1.358228e-09
-0.83 1.350000e+01 4.482503e-10
-0.83 1.400000e+01 1.686267e-10

-0.82 7.000000e+00 2.130715e-08
-0.82 7.500000e+00 2.103836e-08
-0.82 8.000000e+00 2.103531e-08
-0.82 8.500000e+00 2.102566e-08
-0.82 9.000000e+00 2.099517e-08
-0.82 9.500000e+00 2.089925e-08
-0.82 1.000000e+01 2.060137e-08
-0.82 1.050000e+01 1.971218e-08
-0.82 1.100000e+01 1.734305e-08
-0.82 1.150000e+01 1.256400e-08
-0.82 1.200000e+01 6.711103e-09
-0.82 1.250000e+01 2.712259e-09
-0.82 1.300000e+01 9.398564e-10
-0.82 1.350000e+01 3.063222e-10
-0.82 1.400000e+01 1.119929e-10

-0.81 7.000000e+00 2.055921e-08
-0.81 7.500000e+00 2.029726e-08
-0.81 8.000000e+00 2.029308e-08
-0.81 8.500000e+00 2.027986e-08
-0.81 9.000000e+00 2.023812e-08
-0.81 9.500000e+00 2.010716e-08
-0.81 1.000000e+01 1.970361e-08
-0.81 1.050000e+01 1.852680e-08
-0.81 1.100000e+01 1.558149e-08
-0.81 1.150000e+01 1.036595e-08
-0.81 1.200000e+01 5.033536e-09
-0.81 1.250000e+01 1.915292e-09
-0.81 1.300000e+01 6.469187e-10
-0.81 1.350000e+01 2.089592e-10
-0.81 1.400000e+01 7.627368e-11

-0.80 7.000000e+00 1.986812e-08
-0.80 7.500000e+00 1.958204e-08
-0.80 8.000000e+00 1.957631e-08
-0.80 8.500000e+00 1.955820e-08
-0.80 9.000000e+00 1.950109e-08
-0.80 9.500000e+00 1.932255e-08
-0.80 1.000000e+01 1.877840e-08
-0.80 1.050000e+01 1.724169e-08
-0.80 1.100000e+01 1.369479e-08
-0.80 1.150000e+01 8.294484e-09
-0.80 1.200000e+01 3.689675e-09
-0.80 1.250000e+01 1.338272e-09
-0.80 1.300000e+01 4.435815e-10
-0.80 1.350000e+01 1.423620e-10
-0.80 1.400000e+01 5.279362e-11

-0.79 7.000000e+00 1.888849e-08
-0.79 7.500000e+00 1.889170e-08
-0.79 8.000000e+00 1.888385e-08
-0.79 8.500000e+00 1.885905e-08
-0.79 9.000000e+00 1.878097e-08
-0.79 9.500000e+00 1.853809e-08
-0.79 1.000000e+01 1.780914e-08
-0.79 1.050000e+01 1.583812e-08
-0.79 1.100000e+01 1.172955e-08
-0.79 1.150000e+01 6.441237e-09
-0.79 1.200000e+01 2.654091e-09
-0.79 1.250000e+01 9.277397e-10
-0.79 1.300000e+01 3.033208e-10
-0.79 1.350000e+01 9.690296e-11
-0.79 1.400000e+01 3.062621e-11

-0.78 7.000000e+00 1.848670e-08
-0.78 7.500000e+00 1.822527e-08
-0.78 8.000000e+00 1.821451e-08
-0.78 8.500000e+00 1.818055e-08
-0.78 9.000000e+00 1.807391e-08
-0.78 9.500000e+00 1.774451e-08
-0.78 1.000000e+01 1.677678e-08
-0.78 1.050000e+01 1.430731e-08
-0.78 1.100000e+01 9.760343e-09
-0.78 1.150000e+01 4.865990e-09
-0.78 1.200000e+01 1.880903e-09
-0.78 1.250000e+01 6.394281e-10
-0.78 1.300000e+01 2.070037e-10
-0.78 1.350000e+01 6.591803e-11
-0.78 1.400000e+01 2.429362e-11

-0.77 7.000000e+00 1.778366e-08
-0.77 7.500000e+00 1.758174e-08
-0.77 8.000000e+00 1.756701e-08
-0.77 8.500000e+00 1.752054e-08
-0.77 9.000000e+00 1.737509e-08
-0.77 9.500000e+00 1.693025e-08
-0.77 1.000000e+01 1.566126e-08
-0.77 1.050000e+01 1.265839e-08
-0.77 1.100000e+01 7.877847e-09
-0.77 1.150000e+01 3.588585e-09
-0.77 1.200000e+01 1.317783e-09
-0.77 1.250000e+01 4.388657e-10
-0.77 1.300000e+01 1.410742e-10
-0.77 1.350000e+01 4.482050e-11
-0.77 1.400000e+01 1.599803e-11

-0.76 7.000000e+00 1.674279e-08
-0.76 7.500000e+00 1.696012e-08
-0.76 8.000000e+00 1.693995e-08
-0.76 8.500000e+00 1.687640e-08
-0.76 9.000000e+00 1.667840e-08
-0.76 9.500000e+00 1.608126e-08
-0.76 1.000000e+01 1.444449e-08
-0.76 1.050000e+01 1.092520e-08
-0.76 1.100000e+01 6.168580e-09
-0.76 1.150000e+01 2.594089e-09
-0.76 1.200000e+01 9.153587e-10
-0.76 1.250000e+01 3.003022e-10
-0.76 1.300000e+01 9.604780e-11
-0.76 1.350000e+01 3.046574e-11
-0.76 1.400000e+01 8.354109e-12

-0.75 7.000000e+00 1.659117e-08
-0.75 7.500000e+00 1.635936e-08
-0.75 8.000000e+00 1.633174e-08
-0.75 8.500000e+00 1.624492e-08
-0.75 9.000000e+00 1.597612e-08
-0.75 9.500000e+00 1.518111e-08
-0.75 1.000000e+01 1.311552e-08
-0.75 1.050000e+01 9.167670e-09
-0.75 1.100000e+01 4.694978e-09
-0.75 1.150000e+01 1.845450e-09
-0.75 1.200000e+01 6.318137e-10
-0.75 1.250000e+01 2.050439e-10
-0.75 1.300000e+01 6.534661e-11
-0.75 1.350000e+01 2.070380e-11
-0.75 1.400000e+01 7.574512e-12

-0.74 7.000000e+00 1.576173e-08
-0.74 7.500000e+00 1.577835e-08
-0.74 8.000000e+00 1.574054e-08
-0.74 8.500000e+00 1.562207e-08
-0.74 9.000000e+00 1.525859e-08
-0.74 9.500000e+00 1.421204e-08
-0.74 1.000000e+01 1.167723e-08
-0.74 1.050000e+01 7.463970e-09
-0.74 1.100000e+01 3.484696e-09
-0.74 1.150000e+01 1.296724e-09
-0.74 1.200000e+01 4.340961e-10
-0.74 1.250000e+01 1.397872e-10
-0.74 1.300000e+01 4.443691e-11
-0.74 1.350000e+01 1.406760e-11
-0.74 1.400000e+01 4.361704e-12

-0.73 7.000000e+00 1.543476e-08
-0.73 7.500000e+00 1.521587e-08
-0.73 8.000000e+00 1.516416e-08
-0.73 8.500000e+00 1.500278e-08
-0.73 9.000000e+00 1.451393e-08
-0.73 9.500000e+00 1.315710e-08
-0.73 1.000000e+01 1.015310e-08
-0.73 1.050000e+01 5.894043e-09
-0.73 1.100000e+01 2.532214e-09
-0.73 1.150000e+01 9.026895e-10
-0.73 1.200000e+01 2.972628e-10
-0.73 1.250000e+01 9.519492e-11
-0.73 1.300000e+01 3.020738e-11
-0.73 1.350000e+01 9.557446e-12
-0.73 1.400000e+01 3.481620e-12

-0.72 7.000000e+00 1.483626e-08
-0.72 7.500000e+00 1.467057e-08
-0.72 8.000000e+00 1.459990e-08
-0.72 8.500000e+00 1.438063e-08
-0.72 9.000000e+00 1.372809e-08
-0.72 9.500000e+00 1.200418e-08
-0.72 1.000000e+01 8.590153e-09
-0.72 1.050000e+01 4.520875e-09
-0.72 1.100000e+01 1.808886e-09
-0.72 1.150000e+01 6.240621e-10
-0.72 1.200000e+01 2.030779e-10
-0.72 1.250000e+01 6.477761e-11
-0.72 1.300000e+01 2.052935e-11
-0.72 1.350000e+01 6.492767e-12
-0.72 1.400000e+01 2.277032e-12

-0.71 7.000000e+00 1.426756e-08
-0.71 7.500000e+00 1.414089e-08
-0.71 8.000000e+00 1.404441e-08
-0.71 8.500000e+00 1.374753e-08
-0.71 9.000000e+00 1.288548e-08
-0.71 9.500000e+00 1.075173e-08
-0.71 1.000000e+01 7.054531e-09
-0.71 1.050000e+01 3.378097e-09
-0.71 1.100000e+01 1.275055e-09
-0.71 1.150000e+01 4.292655e-10
-0.71 1.200000e+01 1.384998e-10
-0.71 1.250000e+01 4.405539e-11
-0.71 1.300000e+01 1.394961e-11
-0.71 1.350000e+01 4.410563e-12
-0.71 1.400000e+01 1.498110e-12

-0.70 7.000000e+00 1.384271e-08
-0.70 7.500000e+00 1.362497e-08
-0.70 8.000000e+00 1.349347e-08
-0.70 8.500000e+00 1.309351e-08
-0.70 9.000000e+00 1.197054e-08
-0.70 9.500000e+00 9.414953e-09
-0.70 1.000000e+01 5.618608e-09
-0.70 1.050000e+01 2.468450e-09
-0.70 1.100000e+01 8.897076e-10
-0.70 1.150000e+01 2.941988e-10
-0.70 1.200000e+01 9.434385e-11
-0.70 1.250000e+01 2.995062e-11
-0.70 1.300000e+01 9.477548e-12
-0.70 1.350000e+01 2.995997e-12
-0.70 1.400000e+01 1.084763e-12

-0.69 7.000000e+00 1.313363e-08
-0.69 7.500000e+00 1.312055e-08
-0.69 8.000000e+00 1.294173e-08
-0.69 8.500000e+00 1.240658e-08
-0.69 9.000000e+00 1.097082e-08
-0.69 9.500000e+00 8.029817e-09
-0.69 1.000000e+01 4.344123e-09
-0.69 1.050000e+01 1.771164e-09
-0.69 1.100000e+01 6.161591e-10
-0.69 1.150000e+01 2.011038e-10
-0.69 1.200000e+01 6.421079e-11
-0.69 1.250000e+01 2.035610e-11
-0.69 1.300000e+01 6.438614e-12
-0.69 1.350000e+01 2.035058e-12
-0.69 1.400000e+01 6.204892e-13

-0.68 7.000000e+00 1.286410e-08
-0.68 7.500000e+00 1.262485e-08
-0.68 8.000000e+00 1.238247e-08
-0.68 8.500000e+00 1.167318e-08
-0.68 9.000000e+00 9.881730e-09
-0.68 9.500000e+00 6.651186e-09
-0.68 1.000000e+01 3.268921e-09
-0.68 1.050000e+01 1.252739e-09
-0.68 1.100000e+01 4.243660e-10
-0.68 1.150000e+01 1.372113e-10
-0.68 1.200000e+01 4.367581e-11
-0.68 1.250000e+01 1.383248e-11
-0.68 1.300000e+01 4.373836e-12
-0.68 1.350000e+01 1.382306e-12
-0.68 1.400000e+01 4.985153e-13

-0.67 7.000000e+00 1.234526e-08
-0.67 7.500000e+00 1.213433e-08
-0.67 8.000000e+00 1.180728e-08
-0.67 8.500000e+00 1.087925e-08
-0.67 9.000000e+00 8.712062e-09
-0.67 9.500000e+00 5.343317e-09
-0.67 1.000000e+01 2.402795e-09
-0.67 1.050000e+01 8.763881e-10
-0.67 1.100000e+01 2.911061e-10
-0.67 1.150000e+01 9.349408e-11
-0.67 1.200000e+01 2.969541e-11
-0.67 1.250000e+01 9.398254e-12
-0.67 1.300000e+01 2.971077e-12
-0.67 1.350000e+01 9.389131e-13
-0.67 1.400000e+01 3.238939e-13

-0.66 7.000000e+00 1.158863e-08
-0.66 7.500000e+00 1.164458e-08
-0.66 8.000000e+00 1.120602e-08
-0.66 8.500000e+00 1.001257e-08
-0.66 9.000000e+00 7.488467e-09
-0.66 9.500000e+00 4.165232e-09
-0.66 1.000000e+01 1.732250e-09
-0.66 1.050000e+01 6.080899e-10
-0.66 1.100000e+01 1.991196e-10
-0.66 1.150000e+01 6.364590e-11
-0.66 1.200000e+01 2.018400e-11
-0.66 1.250000e+01 6.384881e-12
-0.66 1.300000e+01 2.018145e-12
-0.66 1.350000e+01 6.377384e-13
-0.66 1.400000e+01 1.690703e-13

-0.65 7.000000e+00 1.149157e-08
-0.65 7.500000e+00 1.114995e-08
-0.65 8.000000e+00 1.056696e-08
-0.65 8.500000e+00 9.066600e-09
-0.65 9.000000e+00 6.255539e-09
-0.65 9.500000e+00 3.157346e-09
-0.65 1.000000e+01 1.229741e-09
-0.65 1.050000e+01 4.193895e-10
-0.65 1.100000e+01 1.359206e-10
-0.65 1.150000e+01 4.329804e-11
-0.65 1.200000e+01 1.371619e-11
-0.65 1.250000e+01 4.337400e-12
-0.65 1.300000e+01 1.370824e-12
-0.65 1.350000e+01 4.331685e-13
-0.65 1.400000e+01 1.553027e-13

-0.64 7.000000e+00 1.108806e-08
-0.64 7.500000e+00 1.064344e-08
-0.64 8.000000e+00 9.877553e-09
-0.64 8.500000e+00 8.045302e-09
-0.64 9.000000e+00 5.069253e-09
-0.64 9.500000e+00 2.335272e-09
-0.64 1.000000e+01 8.627058e-10
-0.64 1.050000e+01 2.879803e-10
-0.64 1.100000e+01 9.264509e-11
-0.64 1.150000e+01 2.944167e-11
-0.64 1.200000e+01 9.319553e-12
-0.64 1.250000e+01 2.946358e-12
-0.64 1.300000e+01 9.311174e-13
-0.64 1.350000e+01 2.942179e-13
-0.64 1.400000e+01 1.088058e-13

-0.63 7.000000e+00 1.061342e-08
-0.63 7.500000e+00 1.011646e-08
-0.63 8.000000e+00 9.126207e-09
-0.63 8.500000e+00 6.967653e-09
-0.63 9.000000e+00 3.984770e-09
-0.63 9.500000e+00 1.692112e-09
-0.63 1.000000e+01 5.998392e-10
-0.63 1.050000e+01 1.971228e-10
-0.63 1.100000e+01 6.308266e-11
-0.63 1.150000e+01 2.001303e-11
-0.63 1.200000e+01 6.331564e-12
-0.63 1.250000e+01 2.001369e-12
-0.63 1.300000e+01 6.324449e-13
-0.63 1.350000e+01 1.998389e-13
-0.63 1.400000e+01 7.136880e-14

-0.62 7.000000e+00 1.011909e-08
-0.62 7.500000e+00 9.558925e-09
-0.62 8.000000e+00 8.305262e-09
-0.62 8.500000e+00 5.869111e-09
-0.62 9.000000e+00 3.043593e-09
-0.62 9.500000e+00 1.206027e-09
-0.62 1.000000e+01 4.143273e-10
-0.62 1.050000e+01 1.346264e-10
-0.62 1.100000e+01 4.292196e-11
-0.62 1.150000e+01 1.360072e-11
-0.62 1.200000e+01 4.301251e-12
-0.62 1.250000e+01 1.359436e-12
-0.62 1.300000e+01 4.295737e-13
-0.62 1.350000e+01 1.357343e-13
-0.62 1.400000e+01 4.606707e-14

-0.61 7.000000e+00 9.598738e-09
-0.61 7.500000e+00 8.959789e-09
-0.61 8.000000e+00 7.415145e-09
-0.61 8.500000e+00 4.797519e-09
-0.61 9.000000e+00 2.265925e-09
-0.61 9.500000e+00 8.486353e-10
-0.61 1.000000e+01 2.848169e-10
-0.61 1.050000e+01 9.179628e-11
-0.61 1.100000e+01 2.918934e-11
-0.61 1.150000e+01 9.241434e-12
-0.61 1.200000e+01 2.921837e-12
-0.61 1.250000e+01 9.233857e-13
-0.61 1.300000e+01 2.917766e-13
-0.61 1.350000e+01 9.219318e-14
-0.61 1.400000e+01 2.932166e-14

-0.60 7.000000e+00 9.270162e-09
-0.60 7.500000e+00 8.308282e-09
-0.60 8.000000e+00 6.468659e-09
-0.60 8.500000e+00 3.803361e-09
-0.60 9.000000e+00 1.650734e-09
-0.60 9.500000e+00 5.913911e-10
-0.60 1.000000e+01 1.951112e-10
-0.60 1.050000e+01 6.252079e-11
-0.60 1.100000e+01 1.984313e-11
-0.60 1.150000e+01 6.278655e-12
-0.60 1.200000e+01 1.984729e-12
-0.60 1.250000e+01 6.271949e-13
-0.60 1.300000e+01 1.981808e-13
-0.60 1.350000e+01 6.261918e-14
-0.60 1.400000e+01 2.223309e-14

-0.59 7.000000e+00 8.552329e-09
-0.59 7.500000e+00 7.596269e-09
-0.59 8.000000e+00 5.493311e-09
-0.59 8.500000e+00 2.927932e-09
-0.59 9.000000e+00 1.181565e-09
-0.59 9.500000e+00 4.091705e-10
-0.59 1.000000e+01 1.333275e-10
-0.59 1.050000e+01 4.254739e-11
-0.59 1.100000e+01 1.348604e-11
-0.59 1.150000e+01 4.265386e-12
-0.59 1.200000e+01 1.348141e-12
-0.59 1.250000e+01 4.260086e-13
-0.59 1.300000e+01 1.346082e-13
-0.59 1.350000e+01 4.253198e-14
-0.59 1.400000e+01 1.255194e-14

-0.58 7.000000e+00 8.276368e-09
-0.58 7.500000e+00 6.821689e-09
-0.58 8.000000e+00 4.529218e-09
-0.58 8.500000e+00 2.194830e-09
-0.58 9.000000e+00 8.341516e-10
-0.58 9.500000e+00 2.816109e-10
-0.58 1.000000e+01 9.094704e-11
-0.58 1.050000e+01 2.893833e-11
-0.58 1.100000e+01 9.163886e-12
-0.58 1.150000e+01 2.897512e-12
-0.58 1.200000e+01 9.157174e-13
-0.58 1.250000e+01 2.893554e-13
-0.58 1.300000e+01 9.142835e-14
-0.58 1.350000e+01 2.888840e-14
-0.58 1.400000e+01 1.021708e-14

-0.57 7.000000e+00 7.638951e-09
-0.57 7.500000e+00 5.992487e-09
-0.57 8.000000e+00 3.621673e-09
-0.57 8.500000e+00 1.608107e-09
-0.57 9.000000e+00 5.827292e-10
-0.57 9.500000e+00 1.930821e-10
-0.57 1.000000e+01 6.195996e-11
-0.57 1.050000e+01 1.967428e-11
-0.57 1.100000e+01 6.226148e-12
-0.57 1.150000e+01 1.968223e-12
-0.57 1.200000e+01 6.219881e-13
-0.57 1.250000e+01 1.965365e-13
-0.57 1.300000e+01 6.209971e-14
-0.57 1.350000e+01 1.962146e-14
-0.57 1.400000e+01 6.551950e-15

-0.56 7.000000e+00 7.117181e-09
-0.56 7.500000e+00 5.129410e-09
-0.56 8.000000e+00 2.810672e-09
-0.56 8.500000e+00 1.156328e-09
-0.56 9.000000e+00 4.039093e-10
-0.56 9.500000e+00 1.320227e-10
-0.56 1.000000e+01 4.217419e-11
-0.56 1.050000e+01 1.337214e-11
-0.56 1.100000e+01 4.229801e-12
-0.56 1.150000e+01 1.336938e-12
-0.56 1.200000e+01 4.224728e-13
-0.56 1.250000e+01 1.334915e-13
-0.56 1.300000e+01 4.217916e-14
-0.56 1.350000e+01 1.332720e-14
-0.56 1.400000e+01 4.695192e-15

-0.55 7.000000e+00 6.582715e-09
-0.55 7.500000e+00 4.265429e-09
-0.55 8.000000e+00 2.122084e-09
-0.55 8.500000e+00 8.192305e-10
-0.55 9.000000e+00 2.783570e-10
-0.55 9.500000e+00 9.009669e-11
-0.55 1.000000e+01 2.868857e-11
-0.55 1.050000e+01 9.086898e-12
-0.55 1.100000e+01 2.873379e-12
-0.55 1.150000e+01 9.081119e-13
-0.55 1.200000e+01 2.869543e-13
-0.55 1.250000e+01 9.066986e-14
-0.55 1.300000e+01 2.864877e-14
-0.55 1.350000e+01 9.052043e-15
-0.55 1.400000e+01 3.420032e-15

-0.54 7.000000e+00 5.715922e-09
-0.54 7.500000e+00 3.440405e-09
-0.54 8.000000e+00 1.564238e-09
-0.54 8.500000e+00 5.738370e-10
-0.54 9.000000e+00 1.910329e-10
-0.54 9.500000e+00 6.139983e-11
-0.54 1.000000e+01 1.950643e-11
-0.54 1.050000e+01 6.174036e-12
-0.54 1.100000e+01 1.951851e-12
-0.54 1.150000e+01 6.168241e-13
-0.54 1.200000e+01 1.949058e-13
-0.54 1.250000e+01 6.158455e-14
-0.54 1.300000e+01 1.945870e-14
-0.54 1.350000e+01 6.148287e-15
-0.54 1.400000e+01 2.129397e-15

-0.53 7.000000e+00 4.983548e-09
-0.53 7.500000e+00 2.692170e-09
-0.53 8.000000e+00 1.130295e-09
-0.53 8.500000e+00 3.985339e-10
-0.53 9.000000e+00 1.307105e-10
-0.53 9.500000e+00 4.180218e-11
-0.53 1.000000e+01 1.325898e-11
-0.53 1.050000e+01 4.194492e-12
-0.53 1.100000e+01 1.325826e-12
-0.53 1.150000e+01 4.189662e-13
-0.53 1.200000e+01 1.323839e-13
-0.53 1.250000e+01 4.182926e-14
-0.53 1.300000e+01 1.321665e-14
-0.53 1.350000e+01 4.176011e-15
-0.53 1.400000e+01 1.462659e-15

-0.52 7.000000e+00 4.084467e-09
-0.52 7.500000e+00 2.047821e-09
-0.52 8.000000e+00 8.038486e-10
-0.52 8.500000e+00 2.750498e-10
-0.52 9.000000e+00 8.924451e-11
-0.52 9.500000e+00 2.843996e-11
-0.52 1.000000e+01 9.010455e-12
-0.52 1.050000e+01 2.849438e-12
-0.52 1.100000e+01 9.005685e-13
-0.52 1.150000e+01 2.845729e-13
-0.52 1.200000e+01 8.991766e-14
-0.52 1.250000e+01 2.841112e-14
-0.52 1.300000e+01 8.976956e-15
-0.52 1.350000e+01 2.836410e-15
-0.52 1.400000e+01 9.318569e-16

-0.51 7.000000e+00 3.447360e-09
-0.51 7.500000e+00 1.519148e-09
-0.51 8.000000e+00 5.646979e-10
-0.51 8.500000e+00 1.889604e-10
-0.51 9.000000e+00 6.084004e-11
-0.51 9.500000e+00 1.933952e-11
-0.51 1.000000e+01 6.122312e-12
-0.51 1.050000e+01 1.935609e-12
-0.51 1.100000e+01 6.117025e-13
-0.51 1.150000e+01 1.932885e-13
-0.51 1.200000e+01 6.107366e-14
-0.51 1.250000e+01 1.929728e-14
-0.51 1.300000e+01 6.097287e-15
-0.51 1.350000e+01 1.926533e-15
-0.51 1.400000e+01 6.721552e-16

-0.50 7.000000e+00 2.852412e-09
-0.50 7.500000e+00 1.103449e-09
-0.50 8.000000e+00 3.930341e-10
-0.50 8.500000e+00 1.293894e-10
-0.50 9.000000e+00 4.143118e-11
-0.50 9.500000e+00 1.314656e-11
-0.50 1.000000e+01 4.159455e-12
-0.50 1.050000e+01 1.314804e-12
-0.50 1.100000e+01 4.154885e-13
-0.50 1.150000e+01 1.312856e-13
-0.50 1.200000e+01 4.148227e-14
-0.50 1.250000e+01 1.310702e-14
-0.50 1.300000e+01 4.141371e-15
-0.50 1.350000e+01 1.308531e-15
-0.50 1.400000e+01 4.864170e-16

-0.49 7.000000e+00 1.832107e-09
-0.49 7.500000e+00 7.879845e-10
-0.49 8.000000e+00 2.716834e-10
-0.49 8.500000e+00 8.838971e-11
-0.49 9.000000e+00 2.819241e-11
-0.49 9.500000e+00 8.934545e-12
-0.49 1.000000e+01 2.825685e-12
-0.49 1.050000e+01 8.930866e-13
-0.49 1.100000e+01 2.822113e-13
-0.49 1.150000e+01 8.917168e-14
-0.49 1.200000e+01 2.817544e-14
-0.49 1.250000e+01 8.902491e-15
-0.49 1.300000e+01 2.812882e-15
-0.49 1.350000e+01 8.887739e-16
-0.49 1.400000e+01 2.539032e-16

-0.48 7.000000e+00 1.583793e-09
-0.48 7.500000e+00 5.552951e-10
-0.48 8.000000e+00 1.868617e-10
-0.48 8.500000e+00 6.028019e-11
-0.48 9.000000e+00 1.917352e-11
-0.48 9.500000e+00 6.070968e-12
-0.48 1.000000e+01 1.919497e-12
-0.48 1.050000e+01 6.066229e-13
-0.48 1.100000e+01 1.916847e-13
-0.48 1.150000e+01 6.056701e-14
-0.48 1.200000e+01 1.913721e-14
-0.48 1.250000e+01 6.046710e-15
-0.48 1.300000e+01 1.910553e-15
-0.48 1.350000e+01 6.036688e-16
-0.48 1.400000e+01 2.093916e-16

-0.47 7.000000e+00 1.245227e-09
-0.47 7.500000e+00 3.873990e-10
-0.47 8.000000e+00 1.280577e-10
-0.47 8.500000e+00 4.106097e-11
-0.47 9.000000e+00 1.303484e-11
-0.47 9.500000e+00 4.124685e-12
-0.47 1.000000e+01 1.303871e-12
-0.47 1.050000e+01 4.120393e-13
-0.47 1.100000e+01 1.301963e-13
-0.47 1.150000e+01 4.113815e-14
-0.47 1.200000e+01 1.299829e-14
-0.47 1.250000e+01 4.107018e-15
-0.47 1.300000e+01 1.297676e-15
-0.47 1.350000e+01 4.100210e-16
-0.47 1.400000e+01 1.546407e-16

-0.46 7.000000e+00 8.343967e-10
-0.46 7.500000e+00 2.682516e-10
-0.46 8.000000e+00 8.753144e-11
-0.46 8.500000e+00 2.794582e-11
-0.46 9.000000e+00 8.859154e-12
-0.46 9.500000e+00 2.802118e-12
-0.46 1.000000e+01 8.856658e-13
-0.46 1.050000e+01 2.798691e-13
-0.46 1.100000e+01 8.843188e-14
-0.46 1.150000e+01 2.794171e-14
-0.46 1.200000e+01 8.828645e-15
-0.46 1.250000e+01 2.789550e-15
-0.46 1.300000e+01 8.814016e-16
-0.46 1.350000e+01 2.784925e-16
-0.46 1.400000e+01 9.622448e-17

-0.45 7.000000e+00 6.229213e-10
-0.45 7.500000e+00 1.847333e-10
-0.45 8.000000e+00 5.971985e-11
-0.45 8.500000e+00 1.900837e-11
-0.45 9.000000e+00 6.019997e-12
-0.45 9.500000e+00 1.903514e-12
-0.45 1.000000e+01 6.015848e-13
-0.45 1.050000e+01 1.900940e-13
-0.45 1.100000e+01 6.006454e-14
-0.45 1.150000e+01 1.897846e-14
-0.45 1.200000e+01 5.996552e-15
-0.45 1.250000e+01 1.894705e-15
-0.45 1.300000e+01 5.986614e-16
-0.45 1.350000e+01 1.891563e-16
-0.45 1.400000e+01 6.918104e-17

-0.44 7.000000e+00 3.910917e-10
-0.44 7.500000e+00 1.267136e-10
-0.44 8.000000e+00 4.069136e-11
-0.44 8.500000e+00 1.292379e-11
-0.44 9.000000e+00 4.090178e-12
-0.44 9.500000e+00 1.293026e-12
-0.44 1.000000e+01 4.086186e-13
-0.44 1.050000e+01 1.291160e-13
-0.44 1.100000e+01 4.079688e-14
-0.44 1.150000e+01 1.289047e-14
-0.44 1.200000e+01 4.072950e-15
-0.44 1.250000e+01 1.286912e-15
-0.44 1.300000e+01 4.066199e-16
-0.44 1.350000e+01 1.284778e-16
-0.44 1.400000e+01 4.167323e-17

-0.43 7.000000e+00 2.866781e-10
-0.43 7.500000e+00 8.666882e-11
-0.43 8.000000e+00 2.770007e-11
-0.43 8.500000e+00 8.784267e-12
-0.43 9.000000e+00 2.778735e-12
-0.43 9.500000e+00 8.783052e-13
-0.43 1.000000e+01 2.775462e-13
-0.43 1.050000e+01 8.769820e-14
-0.43 1.100000e+01 2.770992e-14
-0.43 1.150000e+01 8.755410e-15
-0.43 1.200000e+01 2.766410e-15
-0.43 1.250000e+01 8.740904e-16
-0.43 1.300000e+01 2.761824e-16
-0.43 1.350000e+01 8.726411e-17
-0.43 1.400000e+01 2.997610e-17

-0.42 7.000000e+00 1.837229e-10
-0.42 7.500000e+00 5.915856e-11
-0.42 8.000000e+00 1.884402e-11
-0.42 8.500000e+00 5.969391e-12
-0.42 9.000000e+00 1.887657e-12
-0.42 9.500000e+00 5.965880e-13
-0.42 1.000000e+01 1.885165e-13
-0.42 1.050000e+01 5.956625e-14
-0.42 1.100000e+01 1.882103e-14
-0.42 1.150000e+01 5.946810e-15
-0.42 1.200000e+01 1.878988e-15
-0.42 1.250000e+01 5.936955e-16
-0.42 1.300000e+01 1.875873e-16
-0.42 1.350000e+01 5.927110e-17
-0.42 1.400000e+01 1.884977e-17

-0.41 7.000000e+00 1.354915e-10
-0.41 7.500000e+00 4.032210e-11
-0.41 8.000000e+00 1.281338e-11
-0.41 8.500000e+00 4.055929e-12
-0.41 9.000000e+00 1.282268e-12
-0.41 9.500000e+00 4.052259e-13
-0.41 1.000000e+01 1.280447e-13
-0.41 1.050000e+01 4.045844e-14
-0.41 1.100000e+01 1.278354e-14
-0.41 1.150000e+01 4.039165e-15
-0.41 1.200000e+01 1.276237e-15
-0.41 1.250000e+01 4.032470e-16
-0.41 1.300000e+01 1.274121e-16
-0.41 1.350000e+01 4.025783e-17
-0.41 1.400000e+01 1.377532e-17

-0.40 7.000000e+00 9.749043e-11
-0.40 7.500000e+00 2.745506e-11
-0.40 8.000000e+00 8.709868e-12
-0.40 8.500000e+00 2.755532e-12
-0.40 9.000000e+00 8.710044e-13
-0.40 9.500000e+00 2.752424e-13
-0.40 1.000000e+01 8.697060e-14
-0.40 1.050000e+01 2.748005e-14
-0.40 1.100000e+01 8.682783e-15
-0.40 1.150000e+01 2.743463e-15
-0.40 1.200000e+01 8.668399e-16
-0.40 1.250000e+01 2.738915e-16
-0.40 1.300000e+01 8.654025e-17
-0.40 1.350000e+01 2.734373e-17
-0.40 1.400000e+01 9.839329e-18

-0.39 7.000000e+00 5.136065e-11
-0.39 7.500000e+00 1.868039e-11
-0.39 8.000000e+00 5.919142e-12
-0.39 8.500000e+00 1.871926e-12
-0.39 9.000000e+00 5.916320e-13
-0.39 9.500000e+00 1.869521e-13
-0.39 1.000000e+01 5.907207e-14
-0.39 1.050000e+01 1.866490e-14
-0.39 1.100000e+01 5.897481e-15
-0.39 1.150000e+01 1.863402e-15
-0.39 1.200000e+01 5.887708e-16
-0.39 1.250000e+01 1.860313e-16
-0.39 1.300000e+01 5.877945e-17
-0.39 1.350000e+01 1.857228e-17
-0.39 1.400000e+01 5.135999e-18

-0.38 7.000000e+00 4.298839e-11
-0.38 7.500000e+00 1.270359e-11
-0.38 8.000000e+00 4.021934e-12
-0.38 8.500000e+00 1.271597e-12
-0.38 9.000000e+00 4.018611e-13
-0.38 9.500000e+00 1.269822e-13
-0.38 1.000000e+01 4.012281e-14
-0.38 1.050000e+01 1.267750e-14
-0.38 1.100000e+01 4.005660e-15
-0.38 1.150000e+01 1.265651e-15
-0.38 1.200000e+01 3.999021e-16
-0.38 1.250000e+01 1.263553e-16
-0.38 1.300000e+01 3.992390e-17
-0.38 1.350000e+01 1.261457e-17
-0.38 1.400000e+01 4.291322e-18

-0.37 7.000000e+00 3.039792e-11
-0.37 7.500000e+00 8.635942e-12
-0.37 8.000000e+00 2.732507e-12
-0.37 8.500000e+00 8.637627e-13
-0.37 9.000000e+00 2.729576e-13
-0.37 9.500000e+00 8.624901e-14
-0.37 1.000000e+01 2.725209e-14
-0.37 1.050000e+01 8.610758e-15
-0.37 1.100000e+01 2.720706e-15
-0.37 1.150000e+01 8.596495e-16
-0.37 1.200000e+01 2.716196e-16
-0.37 1.250000e+01 8.582241e-17
-0.37 1.300000e+01 2.711692e-17
-0.37 1.350000e+01 8.568009e-18
-0.37 1.400000e+01 3.026385e-18

-0.36 7.000000e+00 1.985369e-11
-0.36 7.500000e+00 5.869239e-12
-0.36 8.000000e+00 1.856318e-12
-0.36 8.500000e+00 5.867165e-13
-0.36 9.000000e+00 1.854005e-13
-0.36 9.500000e+00 5.858200e-14
-0.36 1.000000e+01 1.851007e-14
-0.36 1.050000e+01 5.848561e-15
-0.36 1.100000e+01 1.847945e-15
-0.36 1.150000e+01 5.838870e-16
-0.36 1.200000e+01 1.844881e-16
-0.36 1.250000e+01 5.829188e-17
-0.36 1.300000e+01 1.841822e-17
-0.36 1.350000e+01 5.819522e-18
-0.36 1.400000e+01 1.972048e-18

-0.35 7.000000e+00 1.410698e-11
-0.35 7.500000e+00 3.988188e-12
-0.35 8.000000e+00 1.261011e-12
-0.35 8.500000e+00 3.985238e-13
-0.35 9.000000e+00 1.259286e-13
-0.35 9.500000e+00 3.978995e-14
-0.35 1.000000e+01 1.257234e-14
-0.35 1.050000e+01 3.972433e-15
-0.35 1.100000e+01 1.255153e-15
-0.35 1.150000e+01 3.965849e-16
-0.35 1.200000e+01 1.253071e-16
-0.35 1.250000e+01 3.959273e-17
-0.35 1.300000e+01 1.250994e-17
-0.35 1.350000e+01 3.952707e-18
-0.35 1.400000e+01 1.399406e-18

-0.34 7.000000e+00 8.232839e-12
-0.34 7.500000e+00 2.709657e-12
-0.34 8.000000e+00 8.565794e-13
-0.34 8.500000e+00 2.706916e-13
-0.34 9.000000e+00 8.553340e-14
-0.34 9.500000e+00 2.702602e-14
-0.34 1.000000e+01 8.539331e-15
-0.34 1.050000e+01 2.698138e-15
-0.34 1.100000e+01 8.525187e-16
-0.34 1.150000e+01 2.693665e-16
-0.34 1.200000e+01 8.511052e-17
-0.34 1.250000e+01 2.689198e-17
-0.34 1.300000e+01 8.496938e-18
-0.34 1.350000e+01 2.684739e-18
-0.34 1.400000e+01 8.155633e-19

-0.33 7.000000e+00 6.204618e-12
-0.33 7.500000e+00 1.840832e-12
-0.33 8.000000e+00 5.818409e-13
-0.33 8.500000e+00 1.838618e-13
-0.33 9.000000e+00 5.809597e-14
-0.33 9.500000e+00 1.835652e-14
-0.33 1.000000e+01 5.800047e-15
-0.33 1.050000e+01 1.832616e-15
-0.33 1.100000e+01 5.790437e-16
-0.33 1.150000e+01 1.829578e-16
-0.33 1.200000e+01 5.780835e-17
-0.33 1.250000e+01 1.826544e-17
-0.33 1.300000e+01 5.771249e-18
-0.33 1.350000e+01 1.823515e-18
-0.33 1.400000e+01 6.143376e-19

-0.32 7.000000e+00 3.853272e-12
-0.32 7.500000e+00 1.250509e-12
-0.32 8.000000e+00 3.952139e-13
-0.32 8.500000e+00 1.248836e-13
-0.32 9.000000e+00 3.945985e-14
-0.32 9.500000e+00 1.246805e-14
-0.32 1.000000e+01 3.939482e-15
-0.32 1.050000e+01 1.244741e-15
-0.32 1.100000e+01 3.932953e-16
-0.32 1.150000e+01 1.242677e-16
-0.32 1.200000e+01 3.926431e-17
-0.32 1.250000e+01 1.240617e-17
-0.32 1.300000e+01 3.919920e-18
-0.32 1.350000e+01 1.238559e-18
-0.32 1.400000e+01 3.812965e-19

-0.31 7.000000e+00 2.853741e-12
-0.31 7.500000e+00 8.494540e-13
-0.31 8.000000e+00 2.684442e-13
-0.31 8.500000e+00 8.482371e-14
-0.31 9.000000e+00 2.680182e-14
-0.31 9.500000e+00 8.468495e-15
-0.31 1.000000e+01 2.675757e-15
-0.31 1.050000e+01 8.454471e-16
-0.31 1.100000e+01 2.671321e-16
-0.31 1.150000e+01 8.440453e-17
-0.31 1.200000e+01 2.666892e-17
-0.31 1.250000e+01 8.426456e-18
-0.31 1.300000e+01 2.662469e-18
-0.31 1.350000e+01 8.412483e-19
-0.31 1.400000e+01 2.823147e-19

-0.30 7.000000e+00 2.012345e-12
-0.30 7.500000e+00 5.770049e-13
-0.30 8.000000e+00 1.823357e-13
-0.30 8.500000e+00 5.761398e-14
-0.30 9.000000e+00 1.820425e-14
-0.30 9.500000e+00 5.751935e-15
-0.30 1.000000e+01 1.817415e-15
-0.30 1.050000e+01 5.742405e-16
-0.30 1.100000e+01 1.814402e-16
-0.30 1.150000e+01 5.732884e-17
-0.30 1.200000e+01 1.811393e-17
-0.30 1.250000e+01 5.723377e-18
-0.30 1.300000e+01 1.808389e-18
-0.30 1.350000e+01 5.713886e-19
-0.30 1.400000e+01 1.990317e-19

-0.29 7.000000e+00 1.050703e-12
-0.29 7.500000e+00 3.919310e-13
-0.29 8.000000e+00 1.238472e-13
-0.29 8.500000e+00 3.913249e-14
-0.29 9.000000e+00 1.236462e-14
-0.29 9.500000e+00 3.906803e-15
-0.29 1.000000e+01 1.234416e-15
-0.29 1.050000e+01 3.900329e-16
-0.29 1.100000e+01 1.232369e-16
-0.29 1.150000e+01 3.893862e-17
-0.29 1.200000e+01 1.230326e-17
-0.29 1.250000e+01 3.887405e-18
-0.29 1.300000e+01 1.228286e-18
-0.29 1.350000e+01 3.880958e-19
-0.29 1.400000e+01 1.038919e-19

-0.28 7.000000e+00 8.894921e-13
-0.28 7.500000e+00 2.662153e-13
-0.28 8.000000e+00 8.411988e-14
-0.28 8.500000e+00 2.657948e-14
-0.28 9.000000e+00 8.398248e-15
-0.28 9.500000e+00 2.653561e-15
-0.28 1.000000e+01 8.384342e-16
-0.28 1.050000e+01 2.649163e-16
-0.28 1.100000e+01 8.370440e-17
-0.28 1.150000e+01 2.644770e-17
-0.28 1.200000e+01 8.356559e-18
-0.28 1.250000e+01 2.640384e-18
-0.28 1.300000e+01 8.342702e-19
-0.28 1.350000e+01 2.636006e-19
-0.28 1.400000e+01 8.794742e-20

-0.27 7.000000e+00 5.990758e-13
-0.27 7.500000e+00 1.808222e-13
-0.27 8.000000e+00 5.713597e-14
-0.27 8.500000e+00 1.805323e-14
-0.27 9.000000e+00 5.704222e-15
-0.27 9.500000e+00 1.802339e-15
-0.27 1.000000e+01 5.694772e-16
-0.27 1.050000e+01 1.799352e-16
-0.27 1.100000e+01 5.685330e-17
-0.27 1.150000e+01 1.796368e-17
-0.27 1.200000e+01 5.675902e-18
-0.27 1.250000e+01 1.793389e-18
-0.27 1.300000e+01 5.666490e-19
-0.27 1.350000e+01 1.790415e-19
-0.27 1.400000e+01 5.922767e-20

-0.26 7.000000e+00 4.088204e-13
-0.26 7.500000e+00 1.228194e-13
-0.26 8.000000e+00 3.880784e-14
-0.26 8.500000e+00 1.226205e-14
-0.26 9.000000e+00 3.874396e-15
-0.26 9.500000e+00 1.224177e-15
-0.26 1.000000e+01 3.867976e-16
-0.26 1.050000e+01 1.222147e-16
-0.26 1.100000e+01 3.861562e-17
-0.26 1.150000e+01 1.220120e-17
-0.26 1.200000e+01 3.855159e-18
-0.26 1.250000e+01 1.218097e-18
-0.26 1.300000e+01 3.848766e-19
-0.26 1.350000e+01 1.216077e-19
-0.26 1.400000e+01 4.041564e-20

-0.25 7.000000e+00 2.863525e-13
-0.25 7.500000e+00 8.342187e-14
-0.25 8.000000e+00 2.635898e-14
-0.25 8.500000e+00 8.328582e-15
-0.25 9.000000e+00 2.631550e-15
-0.25 9.500000e+00 8.314794e-16
-0.25 1.000000e+01 2.627188e-16
-0.25 1.050000e+01 8.301008e-17
-0.25 1.100000e+01 2.622832e-17
-0.25 1.150000e+01 8.287242e-18
-0.25 1.200000e+01 2.618482e-18
-0.25 1.250000e+01 8.273500e-19
-0.25 1.300000e+01 2.614140e-19
-0.25 1.350000e+01 8.259780e-20
-0.25 1.400000e+01 2.830744e-20

-0.24 7.000000e+00 1.614644e-13
-0.24 7.500000e+00 5.666191e-14
-0.24 8.000000e+00 1.790347e-14
-0.24 8.500000e+00 5.656904e-15
-0.24 9.000000e+00 1.787389e-15
-0.24 9.500000e+00 5.647535e-16
-0.24 1.000000e+01 1.784426e-16
-0.24 1.050000e+01 5.638170e-17
-0.24 1.100000e+01 1.781467e-17
-0.24 1.150000e+01 5.628821e-18
-0.24 1.200000e+01 1.778513e-18
-0.24 1.250000e+01 5.619486e-19
-0.24 1.300000e+01 1.775564e-19
-0.24 1.350000e+01 5.610168e-20
-0.24 1.400000e+01 1.596093e-20

-0.23 7.000000e+00 1.273687e-13
-0.23 7.500000e+00 3.848588e-14
-0.23 8.000000e+00 1.216033e-14
-0.23 8.500000e+00 3.842258e-15
-0.23 9.000000e+00 1.214022e-15
-0.23 9.500000e+00 3.835891e-16
-0.23 1.000000e+01 1.212009e-16
-0.23 1.050000e+01 3.829531e-17
-0.23 1.100000e+01 1.209999e-17
-0.23 1.150000e+01 3.823180e-18
-0.23 1.200000e+01 1.207993e-18
-0.23 1.250000e+01 3.816840e-19
-0.23 1.300000e+01 1.205990e-19
-0.23 1.350000e+01 3.810511e-20
-0.23 1.400000e+01 1.259039e-20

-0.22 7.000000e+00 7.802812e-14
-0.22 7.500000e+00 2.614031e-14
-0.22 8.000000e+00 8.259494e-15
-0.22 8.500000e+00 2.609721e-15
-0.22 9.000000e+00 8.245823e-16
-0.22 9.500000e+00 2.605396e-16
-0.22 1.000000e+01 8.232151e-17
-0.22 1.050000e+01 2.601075e-17
-0.22 1.100000e+01 8.218500e-18
-0.22 1.150000e+01 2.596762e-18
-0.22 1.200000e+01 8.204871e-19
-0.22 1.250000e+01 2.592456e-19
-0.22 1.300000e+01 8.191265e-20
-0.22 1.350000e+01 2.588157e-20
-0.22 1.400000e+01 7.712933e-21

-0.21 7.000000e+00 5.853293e-14
-0.21 7.500000e+00 1.775495e-14
-0.21 8.000000e+00 5.609980e-15
-0.21 8.500000e+00 1.772563e-15
-0.21 9.000000e+00 5.600688e-16
-0.21 9.500000e+00 1.769624e-16
-0.21 1.000000e+01 5.591402e-17
-0.21 1.050000e+01 1.766690e-17
-0.21 1.100000e+01 5.582130e-18
-0.21 1.150000e+01 1.763760e-18
-0.21 1.200000e+01 5.572873e-19
-0.21 1.250000e+01 1.760835e-19
-0.21 1.300000e+01 5.563632e-20
-0.21 1.350000e+01 1.757915e-20
-0.21 1.400000e+01 5.785827e-21

-0.20 7.000000e+00 4.351399e-14
-0.20 7.500000e+00 1.205946e-14
-0.20 8.000000e+00 3.810386e-15
-0.20 8.500000e+00 1.203952e-15
-0.20 9.000000e+00 3.804073e-16
-0.20 9.500000e+00 1.201956e-16
-0.20 1.000000e+01 3.797765e-17
-0.20 1.050000e+01 1.199963e-17
-0.20 1.100000e+01 3.791467e-18
-0.20 1.150000e+01 1.197973e-18
-0.20 1.200000e+01 3.785180e-19
-0.20 1.250000e+01 1.195986e-19
-0.20 1.300000e+01 3.778903e-20
-0.20 1.350000e+01 1.194003e-20
-0.20 1.400000e+01 4.301220e-21

-0.19 7.000000e+00 2.689875e-14
-0.19 7.500000e+00 8.190980e-15
-0.19 8.000000e+00 2.588073e-15
-0.19 8.500000e+00 8.177424e-16
-0.19 9.000000e+00 2.583784e-16
-0.19 9.500000e+00 8.163866e-17
-0.19 1.000000e+01 2.579500e-17
-0.19 1.050000e+01 8.150328e-18
-0.19 1.100000e+01 2.575222e-18
-0.19 1.150000e+01 8.136812e-19
-0.19 1.200000e+01 2.570952e-19
-0.19 1.250000e+01 8.123319e-20
-0.19 1.300000e+01 2.566688e-20
-0.19 1.350000e+01 8.109848e-21
-0.19 1.400000e+01 2.658838e-21

-0.18 7.000000e+00 2.126081e-14
-0.18 7.500000e+00 5.563444e-15
-0.18 8.000000e+00 1.757859e-15
-0.18 8.500000e+00 5.554231e-16
-0.18 9.000000e+00 1.754945e-16
-0.18 9.500000e+00 5.545022e-17
-0.18 1.000000e+01 1.752035e-17
-0.18 1.050000e+01 5.535827e-18
-0.18 1.100000e+01 1.749130e-18
-0.18 1.150000e+01 5.526646e-19
-0.18 1.200000e+01 1.746229e-19
-0.18 1.250000e+01 5.517482e-20
-0.18 1.300000e+01 1.743334e-20
-0.18 1.350000e+01 5.508332e-21
-0.18 1.400000e+01 2.101544e-21

-0.17 7.000000e+00 1.172649e-14
-0.17 7.500000e+00 3.778778e-15
-0.17 8.000000e+00 1.193965e-15
-0.17 8.500000e+00 3.772518e-16
-0.17 9.000000e+00 1.191986e-16
-0.17 9.500000e+00 3.766263e-17
-0.17 1.000000e+01 1.190009e-17
-0.17 1.050000e+01 3.760017e-18
-0.17 1.100000e+01 1.188036e-18
-0.17 1.150000e+01 3.753782e-19
-0.17 1.200000e+01 1.186065e-19
-0.17 1.250000e+01 3.747557e-20
-0.17 1.300000e+01 1.184099e-20
-0.17 1.350000e+01 3.741343e-21
-0.17 1.400000e+01 1.159111e-21

-0.16 7.000000e+00 8.379635e-15
-0.16 7.500000e+00 2.566605e-15
-0.16 8.000000e+00 8.109592e-16
-0.16 8.500000e+00 2.562352e-16
-0.16 9.000000e+00 8.096147e-17
-0.16 9.500000e+00 2.558103e-17
-0.16 1.000000e+01 8.082722e-18
-0.16 1.050000e+01 2.553861e-18
-0.16 1.100000e+01 8.069318e-19
-0.16 1.150000e+01 2.549626e-19
-0.16 1.200000e+01 8.055937e-20
-0.16 1.250000e+01 2.545398e-20
-0.16 1.300000e+01 8.042578e-21
-0.16 1.350000e+01 2.541177e-21
-0.16 1.400000e+01 8.282881e-22

-0.15 7.000000e+00 5.792974e-15
-0.15 7.500000e+00 1.743278e-15
-0.15 8.000000e+00 5.508159e-16
-0.15 8.500000e+00 1.740388e-16
-0.15 9.000000e+00 5.499026e-17
-0.15 9.500000e+00 1.737502e-17
-0.15 1.000000e+01 5.489907e-18
-0.15 1.050000e+01 1.734621e-18
-0.15 1.100000e+01 5.480803e-19
-0.15 1.150000e+01 1.731745e-19
-0.15 1.200000e+01 5.471714e-20
-0.15 1.250000e+01 1.728873e-20
-0.15 1.300000e+01 5.462641e-21
-0.15 1.350000e+01 1.726006e-21
-0.15 1.400000e+01 5.726080e-22

-0.14 7.000000e+00 3.850813e-15
-0.14 7.500000e+00 1.184061e-15
-0.14 8.000000e+00 3.741225e-16
-0.14 8.500000e+00 1.182098e-16
-0.14 9.000000e+00 3.735022e-17
-0.14 9.500000e+00 1.180138e-17
-0.14 1.000000e+01 3.728828e-18
-0.14 1.050000e+01 1.178181e-18
-0.14 1.100000e+01 3.722645e-19
-0.14 1.150000e+01 1.176227e-19
-0.14 1.200000e+01 3.716471e-20
-0.14 1.250000e+01 1.174277e-20
-0.14 1.300000e+01 3.710308e-21
-0.14 1.350000e+01 1.172329e-21
-0.14 1.400000e+01 3.806342e-22

-0.13 7.000000e+00 3.023860e-15
-0.13 7.500000e+00 8.042323e-16
-0.13 8.000000e+00 2.541097e-16
-0.13 8.500000e+00 8.028990e-17
-0.13 9.000000e+00 2.536884e-17
-0.13 9.500000e+00 8.015676e-18
-0.13 1.000000e+01 2.532677e-18
-0.13 1.050000e+01 8.002384e-19
-0.13 1.100000e+01 2.528477e-19
-0.13 1.150000e+01 7.989113e-20
-0.13 1.200000e+01 2.524284e-20
-0.13 1.250000e+01 7.975865e-21
-0.13 1.300000e+01 2.520098e-21
-0.13 1.350000e+01 7.962639e-22
-0.13 1.400000e+01 2.988938e-22

-0.12 7.000000e+00 1.578416e-15
-0.12 7.500000e+00 5.462469e-16
-0.12 8.000000e+00 1.725952e-16
-0.12 8.500000e+00 5.453412e-17
-0.12 9.000000e+00 1.723090e-17
-0.12 9.500000e+00 5.444369e-18
-0.12 1.000000e+01 1.720232e-18
-0.12 1.050000e+01 5.435340e-19
-0.12 1.100000e+01 1.717380e-19
-0.12 1.150000e+01 5.426327e-20
-0.12 1.200000e+01 1.714532e-20
-0.12 1.250000e+01 5.417328e-21
-0.12 1.300000e+01 1.711689e-21
-0.12 1.350000e+01 5.408345e-22
-0.12 1.400000e+01 1.560186e-22

-0.11 7.000000e+00 1.199617e-15
-0.11 7.500000e+00 3.710192e-16
-0.11 8.000000e+00 1.172293e-16
-0.11 8.500000e+00 3.704040e-17
-0.11 9.000000e+00 1.170349e-17
-0.11 9.500000e+00 3.697898e-18
-0.11 1.000000e+01 1.168408e-18
-0.11 1.050000e+01 3.691766e-19
-0.11 1.100000e+01 1.166470e-19
-0.11 1.150000e+01 3.685644e-20
-0.11 1.200000e+01 1.164536e-20
-0.11 1.250000e+01 3.679532e-21
-0.11 1.300000e+01 1.162605e-21
-0.11 1.350000e+01 3.673430e-22
-0.11 1.400000e+01 1.185762e-22

-0.10 7.000000e+00 8.516033e-16
-0.10 7.500000e+00 2.520019e-16
-0.10 8.000000e+00 7.962390e-17
-0.10 8.500000e+00 2.515840e-17
-0.10 9.000000e+00 7.949186e-18
-0.10 9.500000e+00 2.511668e-18
-0.10 1.000000e+01 7.936004e-19
-0.10 1.050000e+01 2.507503e-19
-0.10 1.100000e+01 7.922844e-20
-0.10 1.150000e+01 2.503345e-20
-0.10 1.200000e+01 7.909706e-21
-0.10 1.250000e+01 2.499194e-21
-0.10 1.300000e+01 7.896589e-22
-0.10 1.350000e+01 2.495049e-22
-0.10 1.400000e+01 8.417673e-23

-0.09 7.000000e+00 5.512761e-16
-0.09 7.500000e+00 1.711635e-16
-0.09 8.000000e+00 5.408176e-17
-0.09 8.500000e+00 1.708797e-17
-0.09 9.000000e+00 5.399208e-18
-0.09 9.500000e+00 1.705963e-18
-0.09 1.000000e+01 5.390255e-19
-0.09 1.050000e+01 1.703134e-19
-0.09 1.100000e+01 5.381316e-20
-0.09 1.150000e+01 1.700310e-20
-0.09 1.200000e+01 5.372392e-21
-0.09 1.250000e+01 1.697490e-21
-0.09 1.300000e+01 5.363483e-22
-0.09 1.350000e+01 1.694675e-22
-0.09 1.400000e+01 5.449087e-23

-0.08 7.000000e+00 4.300715e-16
-0.08 7.500000e+00 1.162569e-16
-0.08 8.000000e+00 3.673315e-17
-0.08 8.500000e+00 1.160641e-17
-0.08 9.000000e+00 3.667224e-18
-0.08 9.500000e+00 1.158716e-18
-0.08 1.000000e+01 3.661143e-19
-0.08 1.050000e+01 1.156795e-19
-0.08 1.100000e+01 3.655071e-20
-0.08 1.150000e+01 1.154876e-20
-0.08 1.200000e+01 3.649010e-21
-0.08 1.250000e+01 1.152961e-21
-0.08 1.300000e+01 3.642959e-22
-0.08 1.350000e+01 1.151049e-22
-0.08 1.400000e+01 4.251040e-23

-0.07 7.000000e+00 2.294938e-16
-0.07 7.500000e+00 7.896343e-17
-0.07 8.000000e+00 2.494972e-17
-0.07 8.500000e+00 7.883248e-18
-0.07 9.000000e+00 2.490834e-18
-0.07 9.500000e+00 7.870176e-19
-0.07 1.000000e+01 2.486704e-19
-0.07 1.050000e+01 7.857125e-20
-0.07 1.100000e+01 2.482580e-20
-0.07 1.150000e+01 7.844095e-21
-0.07 1.200000e+01 2.478463e-21
-0.07 1.250000e+01 7.831087e-22
-0.07 1.300000e+01 2.474353e-22
-0.07 1.350000e+01 7.818101e-23
-0.07 1.400000e+01 2.268431e-23

-0.06 7.000000e+00 1.717350e-16
-0.06 7.500000e+00 5.363316e-17
-0.06 8.000000e+00 1.694623e-17
-0.06 8.500000e+00 5.354422e-18
-0.06 9.000000e+00 1.691812e-18
-0.06 9.500000e+00 5.345543e-19
-0.06 1.000000e+01 1.689007e-19
-0.06 1.050000e+01 5.336678e-20
-0.06 1.100000e+01 1.686206e-20
-0.06 1.150000e+01 5.327828e-21
-0.06 1.200000e+01 1.683410e-21
-0.06 1.250000e+01 5.318993e-22
-0.06 1.300000e+01 1.680618e-22
-0.06 1.350000e+01 5.310173e-23
-0.06 1.400000e+01 1.697514e-23

-0.05 7.000000e+00 1.171817e-16
-0.05 7.500000e+00 3.642845e-17
-0.05 8.000000e+00 1.151013e-17
-0.05 8.500000e+00 3.636805e-18
-0.05 9.000000e+00 1.149105e-18
-0.05 9.500000e+00 3.630774e-19
-0.05 1.000000e+01 1.147199e-19
-0.05 1.050000e+01 3.624753e-20
-0.05 1.100000e+01 1.145297e-20
-0.05 1.150000e+01 3.618742e-21
-0.05 1.200000e+01 1.143397e-21
-0.05 1.250000e+01 3.612741e-22
-0.05 1.300000e+01 1.141501e-22
-0.05 1.350000e+01 3.606750e-23
-0.05 1.400000e+01 1.158282e-23

-0.04 7.000000e+00 7.891967e-17
-0.04 7.500000e+00 2.474276e-17
-0.04 8.000000e+00 7.817857e-18
-0.04 8.500000e+00 2.470173e-18
-0.04 9.000000e+00 7.804893e-19
-0.04 9.500000e+00 2.466077e-19
-0.04 1.000000e+01 7.791950e-20
-0.04 1.050000e+01 2.461987e-20
-0.04 1.100000e+01 7.779029e-21
-0.04 1.150000e+01 2.457904e-21
-0.04 1.200000e+01 7.766129e-22
-0.04 1.250000e+01 2.453828e-22
-0.04 1.300000e+01 7.753250e-23
-0.04 1.350000e+01 2.449759e-23
-0.04 1.400000e+01 7.800811e-24

-0.03 7.000000e+00 6.184499e-17
-0.03 7.500000e+00 1.680566e-17
-0.03 8.000000e+00 5.310007e-18
-0.03 8.500000e+00 1.677779e-18
-0.03 9.000000e+00 5.301202e-19
-0.03 9.500000e+00 1.674997e-19
-0.03 1.000000e+01 5.292411e-20
-0.03 1.050000e+01 1.672219e-20
-0.03 1.100000e+01 5.283634e-21
-0.03 1.150000e+01 1.669446e-21
-0.03 1.200000e+01 5.274873e-22
-0.03 1.250000e+01 1.666678e-22
-0.03 1.300000e+01 5.266125e-23
-0.03 1.350000e+01 1.663914e-23
-0.03 1.400000e+01 6.113065e-24

-0.02 7.000000e+00 3.192850e-17
-0.02 7.500000e+00 1.141466e-17
-0.02 8.000000e+00 3.606638e-18
-0.02 8.500000e+00 1.139573e-18
-0.02 9.000000e+00 3.600657e-19
-0.02 9.500000e+00 1.137683e-19
-0.02 1.000000e+01 3.594686e-20
-0.02 1.050000e+01 1.135797e-20
-0.02 1.100000e+01 3.588725e-21
-0.02 1.150000e+01 1.133913e-21
-0.02 1.200000e+01 3.582773e-22
-0.02 1.250000e+01 1.132033e-22
-0.02 1.300000e+01 3.576832e-23
-0.02 1.350000e+01 1.130155e-23
-0.02 1.400000e+01 3.155971e-24

-0.01 7.000000e+00 2.458526e-17
-0.01 7.500000e+00 7.753009e-18
-0.01 8.000000e+00 2.449683e-18
-0.01 8.500000e+00 7.740152e-19
-0.01 9.000000e+00 2.445621e-19
-0.01 9.500000e+00 7.727316e-20
-0.01 1.000000e+01 2.441565e-20
-0.01 1.050000e+01 7.714502e-21
-0.01 1.100000e+01 2.437516e-21
-0.01 1.150000e+01 7.701709e-22
-0.01 1.200000e+01 2.433474e-22
-0.01 1.250000e+01 7.688938e-23
-0.01 1.300000e+01 2.429439e-23
-0.01 1.350000e+01 7.676187e-24
-0.01 1.400000e+01 2.430129e-24

0.00 7.000000e+00 1.666626e-17
0.00 7.500000e+00 5.265961e-18
0.00 8.000000e+00 1.663862e-18
0.00 8.500000e+00 5.257229e-19
0.00 9.000000e+00 1.661103e-19
0.00 9.500000e+00 5.248511e-20
0.00 1.000000e+01 1.658348e-20
0.00 1.050000e+01 5.239807e-21
0.00 1.100000e+01 1.655598e-21
0.00 1.150000e+01 5.231118e-22
0.00 1.200000e+01 1.652853e-22
0.00 1.250000e+01 5.222443e-23
0.00 1.300000e+01 1.650112e-23
0.00 1.350000e+01 5.213783e-24
0.00 1.400000e+01 1.647375e-24
