0.00 1.400000e+01 0.000000e+00 4.671022e-29 9.342044e-29 0.000000e+00
-0.10 1.400000e+01 0.000000e+00 9.947165e-27 1.988798e-26 0.000000e+00
-0.21 1.400000e+01 0.000000e+00 2.118297e-24 4.236595e-24 0.000000e+00
-0.31 1.400000e+01 0.000000e+00 4.511055e-22 9.022109e-22 0.000000e+00
-0.41 1.400000e+01 0.000000e+00 9.607648e-20 1.921530e-19 0.000000e+00
-0.52 1.400000e+01 0.000000e+00 2.049316e-17 4.098632e-17 0.000000e+00
-0.62 1.400000e+01 0.000000e+00 4.460516e-15 8.921032e-15 0.000000e+00
-0.72 1.400000e+01 0.000000e+00 1.223252e-12 2.446505e-12 0.000000e+00
-0.83 1.400000e+01 0.000000e+00 4.660628e-10 9.321257e-10 0.000000e+00
-0.93 1.400000e+01 0.000000e+00 1.018776e-08 2.037552e-08 0.000000e+00
-1.03 1.400000e+01 0.000000e+00 9.895152e-08 1.979030e-07 0.000000e+00
-1.14 1.400000e+01 0.000000e+00 9.221144e-07 1.844229e-06 0.000000e+00
-1.24 1.400000e+01 0.000000e+00 8.631004e-06 1.726201e-05 0.000000e+00
-1.34 1.400000e+01 0.000000e+00 8.131645e-05 1.626329e-04 0.000000e+00
-1.45 1.400000e+01 0.000000e+00 7.703288e-04 1.540658e-03 0.000000e+00
-1.55 1.400000e+01 0.000000e+00 7.321188e-03 1.464238e-02 0.000000e+00
-1.66 1.400000e+01 0.000000e+00 6.957839e-02 1.391568e-01 0.000000e+00
-1.76 1.400000e+01 0.000000e+00 6.586685e-01 1.317337e+00 0.000000e+00
-1.86 1.400000e+01 0.000000e+00 6.188282e+00 1.237656e+01 0.000000e+00
-1.97 1.400000e+01 0.000000e+00 5.756291e+01 1.151258e+02 0.000000e+00
-2.07 1.400000e+01 0.000000e+00 5.298788e+02 1.059758e+03 0.000000e+00
-2.17 1.400000e+01 0.000000e+00 4.832972e+03 9.665944e+03 0.000000e+00
-2.28 1.400000e+01 0.000000e+00 4.377070e+04 8.754139e+04 0.000000e+00
-2.38 1.400000e+01 0.000000e+00 3.944787e+05 7.889575e+05 0.000000e+00
-2.48 1.400000e+01 0.000000e+00 3.543922e+06 7.087845e+06 0.000000e+00
-2.59 1.400000e+01 0.000000e+00 3.177484e+07 6.354967e+07 0.000000e+00
-2.69 1.400000e+01 0.000000e+00 2.789466e+08 5.578932e+08 0.000000e+00
-2.79 1.400000e+01 0.000000e+00 2.232724e+09 4.465449e+09 0.000000e+00
-2.90 1.400000e+01 0.000000e+00 1.560892e+10 3.121784e+10 0.000000e+00
-3.00 1.400000e+01 0.000000e+00 1.083905e+11 2.167811e+11 0.000000e+00
0.00 1.166667e+01 0.000000e+00 1.010247e-26 2.020493e-26 0.000000e+00
-0.10 1.166667e+01 0.000000e+00 2.151390e-24 4.302719e-24 0.000000e+00
-0.21 1.166667e+01 0.000000e+00 4.582118e-22 9.164237e-22 0.000000e+00
-0.31 1.166667e+01 0.000000e+00 9.776199e-20 1.955240e-19 0.000000e+00
-0.41 1.166667e+01 0.000000e+00 2.135303e-17 4.270606e-17 0.000000e+00
-0.52 1.166667e+01 0.000000e+00 6.087330e-15 1.217466e-14 0.000000e+00
-0.62 1.166667e+01 0.000000e+00 3.555008e-12 7.110015e-12 0.000000e+00
-0.72 1.166667e+01 0.000000e+00 1.178985e-10 2.357970e-10 0.000000e+00
-0.83 1.166667e+01 0.000000e+00 1.166153e-09 2.332306e-09 0.000000e+00
-0.93 1.166667e+01 0.000000e+00 1.074729e-08 2.149459e-08 0.000000e+00
-1.03 1.166667e+01 0.000000e+00 9.923607e-08 1.984721e-07 0.000000e+00
-1.14 1.166667e+01 0.000000e+00 9.222552e-07 1.844510e-06 0.000000e+00
-1.24 1.166667e+01 0.000000e+00 8.631074e-06 1.726215e-05 0.000000e+00
-1.34 1.166667e+01 0.000000e+00 8.131649e-05 1.626330e-04 0.000000e+00
-1.45 1.166667e+01 0.000000e+00 7.703288e-04 1.540658e-03 0.000000e+00
-1.55 1.166667e+01 0.000000e+00 7.321188e-03 1.464238e-02 0.000000e+00
-1.66 1.166667e+01 0.000000e+00 6.957839e-02 1.391568e-01 0.000000e+00
-1.76 1.166667e+01 0.000000e+00 6.586685e-01 1.317337e+00 0.000000e+00
-1.86 1.166667e+01 0.000000e+00 6.188282e+00 1.237656e+01 0.000000e+00
-1.97 1.166667e+01 0.000000e+00 5.756291e+01 1.151258e+02 0.000000e+00
-2.07 1.166667e+01 0.000000e+00 5.298788e+02 1.059758e+03 0.000000e+00
-2.17 1.166667e+01 0.000000e+00 4.832972e+03 9.665944e+03 0.000000e+00
-2.28 1.166667e+01 0.000000e+00 4.377070e+04 8.754139e+04 0.000000e+00
-2.38 1.166667e+01 0.000000e+00 3.944787e+05 7.889575e+05 0.000000e+00
-2.48 1.166667e+01 0.000000e+00 3.543922e+06 7.087845e+06 0.000000e+00
-2.59 1.166667e+01 0.000000e+00 3.177484e+07 6.354967e+07 0.000000e+00
-2.69 1.166667e+01 0.000000e+00 2.789466e+08 5.578932e+08 0.000000e+00
-2.79 1.166667e+01 0.000000e+00 2.232724e+09 4.465449e+09 0.000000e+00
-2.90 1.166667e+01 0.000000e+00 1.560892e+10 3.121784e+10 0.000000e+00
-3.00 1.166667e+01 0.000000e+00 1.083905e+11 2.167811e+11 0.000000e+00
0.00 9.333333e+00 0.000000e+00 2.185329e-24 4.365094e-24 0.000000e+00
-0.10 9.333333e+00 0.000000e+00 4.663892e-22 9.327699e-22 0.000000e+00
-0.21 9.333333e+00 0.000000e+00 1.022693e-19 2.045386e-19 0.000000e+00
-0.31 9.333333e+00 0.000000e+00 3.033676e-17 6.067351e-17 0.000000e+00
-0.41 9.333333e+00 0.000000e+00 2.420442e-14 4.840885e-14 0.000000e+00
-0.52 9.333333e+00 0.000000e+00 1.366945e-12 2.733890e-12 0.000000e+00
-0.62 9.333333e+00 0.000000e+00 1.401999e-11 2.803999e-11 0.000000e+00
-0.72 9.333333e+00 0.000000e+00 1.282936e-10 2.565872e-10 0.000000e+00
-0.83 9.333333e+00 0.000000e+00 1.171523e-09 2.343047e-09 0.000000e+00
-0.93 9.333333e+00 0.000000e+00 1.074996e-08 2.149992e-08 0.000000e+00
-1.03 9.333333e+00 0.000000e+00 9.923739e-08 1.984748e-07 0.000000e+00
-1.14 9.333333e+00 0.000000e+00 9.222559e-07 1.844512e-06 0.000000e+00
-1.24 9.333333e+00 0.000000e+00 8.631074e-06 1.726215e-05 0.000000e+00
-1.34 9.333333e+00 0.000000e+00 8.131649e-05 1.626330e-04 0.000000e+00
-1.45 9.333333e+00 0.000000e+00 7.703288e-04 1.540658e-03 0.000000e+00
-1.55 9.333333e+00 0.000000e+00 7.321188e-03 1.464238e-02 0.000000e+00
-1.66 9.333333e+00 0.000000e+00 6.957839e-02 1.391568e-01 0.000000e+00
-1.76 9.333333e+00 0.000000e+00 6.586685e-01 1.317337e+00 0.000000e+00
-1.86 9.333333e+00 0.000000e+00 6.188282e+00 1.237656e+01 0.000000e+00
-1.97 9.333333e+00 0.000000e+00 5.756291e+01 1.151258e+02 0.000000e+00
-2.07 9.333333e+00 0.000000e+00 5.298788e+02 1.059758e+03 0.000000e+00
-2.17 9.333333e+00 0.000000e+00 4.832972e+03 9.665944e+03 0.000000e+00
-2.28 9.333333e+00 0.000000e+00 4.377070e+04 8.754139e+04 0.000000e+00
-2.38 9.333333e+00 0.000000e+00 3.944787e+05 7.889575e+05 0.000000e+00
-2.48 9.333333e+00 0.000000e+00 3.543922e+06 7.087845e+06 0.000000e+00
-2.59 9.333333e+00 0.000000e+00 3.177484e+07 6.354967e+07 0.000000e+00
-2.69 9.333333e+00 0.000000e+00 2.789466e+08 5.578932e+08 0.000000e+00
-2.79 9.333333e+00 0.000000e+00 2.232724e+09 4.465449e+09 0.000000e+00
-2.90 9.333333e+00 0.000000e+00 1.560892e+10 3.121784e+10 0.000000e+00
-3.00 9.333333e+00 0.000000e+00 1.083905e+11 2.167811e+11 0.000000e+00
0.00 7.000000e+00 0.000000e+00 4.901121e-22 9.802241e-22 0.000000e+00
-0.10 7.000000e+00 0.000000e+00 1.516885e-19 3.033770e-19 0.000000e+00
-0.21 7.000000e+00 0.000000e+00 1.497320e-16 2.994641e-16 0.000000e+00
-0.31 7.000000e+00 0.000000e+00 1.566364e-14 3.132729e-14 0.000000e+00
-0.41 7.000000e+00 0.000000e+00 1.707641e-13 3.415282e-13 0.000000e+00
-0.52 7.000000e+00 0.000000e+00 1.558377e-12 3.116753e-12 0.000000e+00
-0.62 7.000000e+00 0.000000e+00 1.412113e-11 2.824227e-11 0.000000e+00
-0.72 7.000000e+00 0.000000e+00 1.283439e-10 2.566878e-10 0.000000e+00
-0.83 7.000000e+00 0.000000e+00 1.171548e-09 2.343097e-09 0.000000e+00
-0.93 7.000000e+00 0.000000e+00 1.074997e-08 2.149994e-08 0.000000e+00
-1.03 7.000000e+00 0.000000e+00 9.923740e-08 1.984748e-07 0.000000e+00
-1.14 7.000000e+00 0.000000e+00 9.222559e-07 1.844512e-06 0.000000e+00
-1.24 7.000000e+00 0.000000e+00 8.631074e-06 1.726215e-05 0.000000e+00
-1.34 7.000000e+00 0.000000e+00 8.131649e-05 1.626330e-04 0.000000e+00
-1.45 7.000000e+00 0.000000e+00 7.703288e-04 1.540658e-03 0.000000e+00
-1.55 7.000000e+00 0.000000e+00 7.321188e-03 1.464238e-02 0.000000e+00
-1.66 7.000000e+00 0.000000e+00 6.957839e-02 1.391568e-01 0.000000e+00
-1.76 7.000000e+00 0.000000e+00 6.586685e-01 1.317337e+00 0.000000e+00
-1.86 7.000000e+00 0.000000e+00 6.188282e+00 1.237656e+01 0.000000e+00
-1.97 7.000000e+00 0.000000e+00 5.756291e+01 1.151258e+02 0.000000e+00
-2.07 7.000000e+00 0.000000e+00 5.298788e+02 1.059758e+03 0.000000e+00
-2.17 7.000000e+00 0.000000e+00 4.832972e+03 9.665944e+03 0.000000e+00
-2.28 7.000000e+00 0.000000e+00 4.377070e+04 8.754139e+04 0.000000e+00
-2.38 7.000000e+00 0.000000e+00 3.944787e+05 7.889575e+05 0.000000e+00
-2.48 7.000000e+00 0.000000e+00 3.543922e+06 7.087845e+06 0.000000e+00
-2.59 7.000000e+00 0.000000e+00 3.177484e+07 6.354967e+07 0.000000e+00
-2.69 7.000000e+00 0.000000e+00 2.789466e+08 5.578932e+08 0.000000e+00
-2.79 7.000000e+00 0.000000e+00 2.232724e+09 4.465449e+09 0.000000e+00
-2.90 7.000000e+00 0.000000e+00 1.560892e+10 3.121784e+10 0.000000e+00
-3.00 7.000000e+00 0.000000e+00 1.083905e+11 2.167811e+11 0.000000e+00
