
-3.00 7.000000e+00 1.859561e+11 7.756557e+10 3.082496e+10
-3.00 9.333333e+00 1.859561e+11 7.756557e+10 3.082496e+10
-3.00 1.166667e+01 1.859561e+11 7.756557e+10 3.082496e+10
-3.00 1.400000e+01 1.859561e+11 7.756557e+10 3.082496e+10

-2.90 7.000000e+00 2.221919e+10 6.610267e+09 8.998654e+09
-2.90 9.333333e+00 2.221919e+10 6.610267e+09 8.998654e+09
-2.90 1.166667e+01 2.221919e+10 6.610267e+09 8.998654e+09
-2.90 1.400000e+01 2.221919e+10 6.610267e+09 8.998654e+09

-2.79 7.000000e+00 2.536475e+09 3.037503e+08 1.928974e+09
-2.79 9.333333e+00 2.536475e+09 3.037503e+08 1.928974e+09
-2.79 1.166667e+01 2.536475e+09 3.037503e+08 1.928974e+09
-2.79 1.400000e+01 2.536475e+09 3.037503e+08 1.928974e+09

-2.69 7.000000e+00 2.850248e+08 6.078140e+06 2.728685e+08
-2.69 9.333333e+00 2.850248e+08 6.078140e+06 2.728685e+08
-2.69 1.166667e+01 2.850248e+08 6.078140e+06 2.728685e+08
-2.69 1.400000e+01 2.850248e+08 6.078140e+06 2.728685e+08

-2.59 7.000000e+00 3.189802e+07 1.231810e+05 3.165166e+07
-2.59 9.333333e+00 3.189802e+07 1.231810e+05 3.165166e+07
-2.59 1.166667e+01 3.189802e+07 1.231810e+05 3.165166e+07
-2.59 1.400000e+01 3.189802e+07 1.231810e+05 3.165166e+07

-2.48 7.000000e+00 3.567643e+06 2.372012e+04 3.520202e+06
-2.48 9.333333e+00 3.567643e+06 2.372012e+04 3.520202e+06
-2.48 1.166667e+01 3.567643e+06 2.372012e+04 3.520202e+06
-2.48 1.400000e+01 3.567643e+06 2.372012e+04 3.520202e+06

-2.38 7.000000e+00 3.990100e+05 4.531318e+03 3.899474e+05
-2.38 9.333333e+00 3.990100e+05 4.531318e+03 3.899474e+05
-2.38 1.166667e+01 3.990100e+05 4.531318e+03 3.899474e+05
-2.38 1.400000e+01 3.990100e+05 4.531318e+03 3.899474e+05

-2.28 7.000000e+00 4.462515e+04 8.544503e+02 4.291625e+04
-2.28 9.333333e+00 4.462515e+04 8.544503e+02 4.291625e+04
-2.28 1.166667e+01 4.462515e+04 8.544503e+02 4.291625e+04
-2.28 1.400000e+01 4.462515e+04 8.544503e+02 4.291625e+04

-2.17 7.000000e+00 4.990827e+03 1.578553e+02 4.675117e+03
-2.17 9.333333e+00 4.990827e+03 1.578553e+02 4.675117e+03
-2.17 1.166667e+01 4.990827e+03 1.578553e+02 4.675117e+03
-2.17 1.400000e+01 4.990827e+03 1.578553e+02 4.675117e+03

-2.07 7.000000e+00 5.581669e+02 2.828812e+01 5.015907e+02
-2.07 9.333333e+00 5.581669e+02 2.828812e+01 5.015907e+02
-2.07 1.166667e+01 5.581669e+02 2.828812e+01 5.015907e+02
-2.07 1.400000e+01 5.581669e+02 2.828812e+01 5.015907e+02

-1.97 7.000000e+00 6.242451e+01 4.861597e+00 5.270131e+01
-1.97 9.333333e+00 6.242451e+01 4.861597e+00 5.270131e+01
-1.97 1.166667e+01 6.242451e+01 4.861597e+00 5.270131e+01
-1.97 1.400000e+01 6.242451e+01 4.861597e+00 5.270131e+01

-1.86 7.000000e+00 6.981454e+00 7.931722e-01 5.395110e+00
-1.86 9.333333e+00 6.981454e+00 7.931722e-01 5.395110e+00
-1.86 1.166667e+01 6.981454e+00 7.931722e-01 5.395110e+00
-1.86 1.400000e+01 6.981454e+00 7.931722e-01 5.395110e+00

-1.76 7.000000e+00 7.807942e-01 1.221256e-01 5.365429e-01
-1.76 9.333333e+00 7.807942e-01 1.221256e-01 5.365429e-01
-1.76 1.166667e+01 7.807942e-01 1.221256e-01 5.365429e-01
-1.76 1.400000e+01 7.807942e-01 1.221256e-01 5.365429e-01

-1.66 7.000000e+00 8.732270e-02 1.774432e-02 5.183407e-02
-1.66 9.333333e+00 8.732270e-02 1.774432e-02 5.183407e-02
-1.66 1.166667e+01 8.732270e-02 1.774432e-02 5.183407e-02
-1.66 1.400000e+01 8.732270e-02 1.774432e-02 5.183407e-02

-1.55 7.000000e+00 9.766024e-03 2.444836e-03 4.876352e-03
-1.55 9.333333e+00 9.766024e-03 2.444836e-03 4.876352e-03
-1.55 1.166667e+01 9.766024e-03 2.444836e-03 4.876352e-03
-1.55 1.400000e+01 9.766024e-03 2.444836e-03 4.876352e-03

-1.45 7.000000e+00 1.092216e-03 3.218868e-04 4.484420e-04
-1.45 9.333333e+00 1.092216e-03 3.218868e-04 4.484420e-04
-1.45 1.166667e+01 1.092216e-03 3.218868e-04 4.484420e-04
-1.45 1.400000e+01 1.092216e-03 3.218868e-04 4.484420e-04

-1.34 7.000000e+00 1.221515e-04 4.083505e-05 4.048143e-05
-1.34 9.333333e+00 1.221515e-04 4.083505e-05 4.048143e-05
-1.34 1.166667e+01 1.221515e-04 4.083505e-05 4.048143e-05
-1.34 1.400000e+01 1.221515e-04 4.083503e-05 4.048142e-05

-1.24 7.000000e+00 1.366122e-05 5.030148e-06 3.600926e-06
-1.24 9.333333e+00 1.366122e-05 5.030148e-06 3.600926e-06
-1.24 1.166667e+01 1.366122e-05 5.030147e-06 3.600926e-06
-1.24 1.400000e+01 1.366110e-05 5.030096e-06 3.600908e-06

-1.14 7.000000e+00 1.527848e-06 6.055920e-07 3.166638e-07
-1.14 9.333333e+00 1.527848e-06 6.055920e-07 3.166638e-07
-1.14 1.166667e+01 1.527847e-06 6.055915e-07 3.166637e-07
-1.14 1.400000e+01 1.527594e-06 6.054799e-07 3.166345e-07

-1.03 7.000000e+00 1.708719e-07 7.163453e-08 2.760287e-08
-1.03 9.333333e+00 1.708719e-07 7.163452e-08 2.760286e-08
-1.03 1.166667e+01 1.708695e-07 7.163342e-08 2.760265e-08
-1.03 1.400000e+01 1.703464e-07 7.139486e-08 2.755665e-08

-0.93 7.000000e+00 1.911003e-08 8.360057e-09 2.389913e-09
-0.93 9.333333e+00 1.911000e-08 8.360046e-09 2.389912e-09
-0.93 1.166667e+01 1.910501e-08 8.357715e-09 2.389578e-09
-0.93 1.400000e+01 1.805685e-08 7.869086e-09 2.318674e-09

-0.83 7.000000e+00 2.137233e-09 9.656846e-10 2.058637e-10
-0.83 9.333333e+00 2.137185e-09 9.656621e-10 2.058613e-10
-0.83 1.166667e+01 2.126962e-09 9.608094e-10 2.053434e-10
-0.83 1.400000e+01 8.093791e-10 3.433163e-10 1.227465e-10

-0.72 7.000000e+00 2.390241e-10 1.106802e-10 1.766370e-11
-0.72 9.333333e+00 2.389273e-10 1.106336e-10 1.765998e-11
-0.72 1.166667e+01 2.189215e-10 1.010230e-10 1.687551e-11
-0.72 1.400000e+01 1.524689e-12 3.014362e-13 9.218162e-13

-0.62 7.000000e+00 2.673118e-11 1.261005e-11 1.511087e-12
-0.62 9.333333e+00 2.653463e-11 1.251463e-11 1.505360e-12
-0.62 1.166667e+01 6.393134e-12 2.838127e-12 7.168810e-13
-0.62 1.400000e+01 4.565292e-15 1.047759e-16 4.355740e-15

-0.52 7.000000e+00 2.987810e-12 1.429434e-12 1.289430e-13
-0.52 9.333333e+00 2.613478e-12 1.246533e-12 1.204114e-13
-0.52 1.166667e+01 7.761650e-15 1.674320e-15 4.413010e-15
-0.52 1.400000e+01 2.052914e-17 3.597991e-20 2.045718e-17

-0.41 7.000000e+00 3.306003e-13 1.598362e-13 1.092793e-14
-0.41 9.333333e+00 4.451351e-14 2.030908e-14 3.895341e-15
-0.41 1.166667e+01 2.193072e-17 5.776909e-19 2.077534e-17
-0.41 1.400000e+01 9.608883e-20 1.235156e-23 9.606413e-20

-0.31 7.000000e+00 3.048393e-14 1.482028e-14 8.433602e-16
-0.31 9.333333e+00 3.959479e-17 9.258035e-18 2.107872e-17
-0.31 1.166667e+01 9.796033e-20 1.983382e-22 9.756365e-20
-0.31 1.400000e+01 4.511097e-22 4.240122e-27 4.511012e-22

-0.21 7.000000e+00 2.794657e-16 1.297336e-16 1.999842e-17
-0.21 9.333333e+00 1.054540e-19 3.184735e-21 9.908457e-20
-0.21 1.166667e+01 4.582799e-22 6.808709e-26 4.581438e-22
-0.21 1.400000e+01 2.118299e-24 1.455575e-30 2.118296e-24

-0.10 7.000000e+00 2.027866e-19 5.109813e-20 1.005904e-19
-0.10 9.333333e+00 4.674740e-22 1.093328e-24 4.652959e-22
-0.10 1.166667e+01 2.151352e-24 2.337335e-29 2.151367e-24
-0.10 1.400000e+01 9.940817e-27 4.996785e-34 9.947164e-27

0.00 7.000000e+00 5.076682e-22 1.755616e-23 4.725559e-22
0.00 9.333333e+00 2.180140e-24 3.753250e-28 2.184954e-24
0.00 1.166667e+01 1.010248e-26 8.023746e-33 1.010246e-26
0.00 1.400000e+01 4.671022e-29 1.715327e-37 4.671022e-29
