
-2.00 7.000000e+00 4.955278e-01
-2.00 7.500000e+00 4.955278e-01
-2.00 8.000000e+00 4.955278e-01
-2.00 8.500000e+00 4.955278e-01
-2.00 9.000000e+00 4.955278e-01
-2.00 9.500000e+00 4.955278e-01
-2.00 1.000000e+01 4.955278e-01
-2.00 1.050000e+01 4.955278e-01
-2.00 1.100000e+01 4.955278e-01
-2.00 1.150000e+01 4.955278e-01
-2.00 1.200000e+01 4.955278e-01
-2.00 1.250000e+01 4.955278e-01
-2.00 1.300000e+01 4.955278e-01
-2.00 1.350000e+01 4.955278e-01
-2.00 1.400000e+01 4.955278e-01

-1.99 7.000000e+00 4.970257e-01
-1.99 7.500000e+00 4.970182e-01
-1.99 8.000000e+00 4.970182e-01
-1.99 8.500000e+00 4.970182e-01
-1.99 9.000000e+00 4.970182e-01
-1.99 9.500000e+00 4.970182e-01
-1.99 1.000000e+01 4.970182e-01
-1.99 1.050000e+01 4.970182e-01
-1.99 1.100000e+01 4.970182e-01
-1.99 1.150000e+01 4.970182e-01
-1.99 1.200000e+01 4.970182e-01
-1.99 1.250000e+01 4.970182e-01
-1.99 1.300000e+01 4.970182e-01
-1.99 1.350000e+01 4.970182e-01
-1.99 1.400000e+01 4.970257e-01

-1.98 7.000000e+00 4.980326e-01
-1.98 7.500000e+00 4.985085e-01
-1.98 8.000000e+00 4.985085e-01
-1.98 8.500000e+00 4.985085e-01
-1.98 9.000000e+00 4.985085e-01
-1.98 9.500000e+00 4.985085e-01
-1.98 1.000000e+01 4.985085e-01
-1.98 1.050000e+01 4.985085e-01
-1.98 1.100000e+01 4.985085e-01
-1.98 1.150000e+01 4.985085e-01
-1.98 1.200000e+01 4.985085e-01
-1.98 1.250000e+01 4.985085e-01
-1.98 1.300000e+01 4.985085e-01
-1.98 1.350000e+01 4.985085e-01
-1.98 1.400000e+01 4.980326e-01

-1.97 7.000000e+00 5.005797e-01
-1.97 7.500000e+00 4.999988e-01
-1.97 8.000000e+00 4.999988e-01
-1.97 8.500000e+00 4.999988e-01
-1.97 9.000000e+00 4.999988e-01
-1.97 9.500000e+00 4.999988e-01
-1.97 1.000000e+01 4.999988e-01
-1.97 1.050000e+01 4.999988e-01
-1.97 1.100000e+01 4.999988e-01
-1.97 1.150000e+01 4.999988e-01
-1.97 1.200000e+01 4.999988e-01
-1.97 1.250000e+01 4.999988e-01
-1.97 1.300000e+01 4.999988e-01
-1.97 1.350000e+01 4.999988e-01
-1.97 1.400000e+01 5.005797e-01

-1.96 7.000000e+00 5.015189e-01
-1.96 7.500000e+00 5.014889e-01
-1.96 8.000000e+00 5.014889e-01
-1.96 8.500000e+00 5.014889e-01
-1.96 9.000000e+00 5.014889e-01
-1.96 9.500000e+00 5.014889e-01
-1.96 1.000000e+01 5.014889e-01
-1.96 1.050000e+01 5.014889e-01
-1.96 1.100000e+01 5.014889e-01
-1.96 1.150000e+01 5.014889e-01
-1.96 1.200000e+01 5.014889e-01
-1.96 1.250000e+01 5.014889e-01
-1.96 1.300000e+01 5.014889e-01
-1.96 1.350000e+01 5.014889e-01
-1.96 1.400000e+01 5.015189e-01

-1.95 7.000000e+00 5.030416e-01
-1.95 7.500000e+00 5.029790e-01
-1.95 8.000000e+00 5.029790e-01
-1.95 8.500000e+00 5.029790e-01
-1.95 9.000000e+00 5.029790e-01
-1.95 9.500000e+00 5.029790e-01
-1.95 1.000000e+01 5.029790e-01
-1.95 1.050000e+01 5.029790e-01
-1.95 1.100000e+01 5.029790e-01
-1.95 1.150000e+01 5.029790e-01
-1.95 1.200000e+01 5.029790e-01
-1.95 1.250000e+01 5.029790e-01
-1.95 1.300000e+01 5.029790e-01
-1.95 1.350000e+01 5.029790e-01
-1.95 1.400000e+01 5.030416e-01

-1.94 7.000000e+00 5.045137e-01
-1.94 7.500000e+00 5.044688e-01
-1.94 8.000000e+00 5.044688e-01
-1.94 8.500000e+00 5.044688e-01
-1.94 9.000000e+00 5.044688e-01
-1.94 9.500000e+00 5.044688e-01
-1.94 1.000000e+01 5.044688e-01
-1.94 1.050000e+01 5.044688e-01
-1.94 1.100000e+01 5.044688e-01
-1.94 1.150000e+01 5.044688e-01
-1.94 1.200000e+01 5.044688e-01
-1.94 1.250000e+01 5.044688e-01
-1.94 1.300000e+01 5.044688e-01
-1.94 1.350000e+01 5.044688e-01
-1.94 1.400000e+01 5.045137e-01

-1.93 7.000000e+00 5.056301e-01
-1.93 7.500000e+00 5.059583e-01
-1.93 8.000000e+00 5.059583e-01
-1.93 8.500000e+00 5.059583e-01
-1.93 9.000000e+00 5.059583e-01
-1.93 9.500000e+00 5.059583e-01
-1.93 1.000000e+01 5.059583e-01
-1.93 1.050000e+01 5.059583e-01
-1.93 1.100000e+01 5.059583e-01
-1.93 1.150000e+01 5.059583e-01
-1.93 1.200000e+01 5.059583e-01
-1.93 1.250000e+01 5.059583e-01
-1.93 1.300000e+01 5.059583e-01
-1.93 1.350000e+01 5.059583e-01
-1.93 1.400000e+01 5.056301e-01

-1.92 7.000000e+00 5.080482e-01
-1.92 7.500000e+00 5.074476e-01
-1.92 8.000000e+00 5.074476e-01
-1.92 8.500000e+00 5.074476e-01
-1.92 9.000000e+00 5.074476e-01
-1.92 9.500000e+00 5.074476e-01
-1.92 1.000000e+01 5.074476e-01
-1.92 1.050000e+01 5.074476e-01
-1.92 1.100000e+01 5.074476e-01
-1.92 1.150000e+01 5.074476e-01
-1.92 1.200000e+01 5.074476e-01
-1.92 1.250000e+01 5.074476e-01
-1.92 1.300000e+01 5.074476e-01
-1.92 1.350000e+01 5.074476e-01
-1.92 1.400000e+01 5.080482e-01

-1.91 7.000000e+00 5.090037e-01
-1.91 7.500000e+00 5.089364e-01
-1.91 8.000000e+00 5.089364e-01
-1.91 8.500000e+00 5.089364e-01
-1.91 9.000000e+00 5.089364e-01
-1.91 9.500000e+00 5.089364e-01
-1.91 1.000000e+01 5.089364e-01
-1.91 1.050000e+01 5.089364e-01
-1.91 1.100000e+01 5.089364e-01
-1.91 1.150000e+01 5.089364e-01
-1.91 1.200000e+01 5.089364e-01
-1.91 1.250000e+01 5.089364e-01
-1.91 1.300000e+01 5.089364e-01
-1.91 1.350000e+01 5.089364e-01
-1.91 1.400000e+01 5.090037e-01

-1.90 7.000000e+00 5.106770e-01
-1.90 7.500000e+00 5.104248e-01
-1.90 8.000000e+00 5.104248e-01
-1.90 8.500000e+00 5.104248e-01
-1.90 9.000000e+00 5.104248e-01
-1.90 9.500000e+00 5.104248e-01
-1.90 1.000000e+01 5.104248e-01
-1.90 1.050000e+01 5.104248e-01
-1.90 1.100000e+01 5.104248e-01
-1.90 1.150000e+01 5.104248e-01
-1.90 1.200000e+01 5.104248e-01
-1.90 1.250000e+01 5.104248e-01
-1.90 1.300000e+01 5.104248e-01
-1.90 1.350000e+01 5.104248e-01
-1.90 1.400000e+01 5.106770e-01

-1.89 7.000000e+00 5.119947e-01
-1.89 7.500000e+00 5.119125e-01
-1.89 8.000000e+00 5.119125e-01
-1.89 8.500000e+00 5.119125e-01
-1.89 9.000000e+00 5.119125e-01
-1.89 9.500000e+00 5.119125e-01
-1.89 1.000000e+01 5.119125e-01
-1.89 1.050000e+01 5.119125e-01
-1.89 1.100000e+01 5.119125e-01
-1.89 1.150000e+01 5.119125e-01
-1.89 1.200000e+01 5.119125e-01
-1.89 1.250000e+01 5.119125e-01
-1.89 1.300000e+01 5.119125e-01
-1.89 1.350000e+01 5.119125e-01
-1.89 1.400000e+01 5.119947e-01

-1.88 7.000000e+00 5.130496e-01
-1.88 7.500000e+00 5.133994e-01
-1.88 8.000000e+00 5.133994e-01
-1.88 8.500000e+00 5.133994e-01
-1.88 9.000000e+00 5.133994e-01
-1.88 9.500000e+00 5.133994e-01
-1.88 1.000000e+01 5.133994e-01
-1.88 1.050000e+01 5.133994e-01
-1.88 1.100000e+01 5.133994e-01
-1.88 1.150000e+01 5.133994e-01
-1.88 1.200000e+01 5.133994e-01
-1.88 1.250000e+01 5.133994e-01
-1.88 1.300000e+01 5.133994e-01
-1.88 1.350000e+01 5.133994e-01
-1.88 1.400000e+01 5.130496e-01

-1.87 7.000000e+00 5.155467e-01
-1.87 7.500000e+00 5.148853e-01
-1.87 8.000000e+00 5.148853e-01
-1.87 8.500000e+00 5.148853e-01
-1.87 9.000000e+00 5.148853e-01
-1.87 9.500000e+00 5.148853e-01
-1.87 1.000000e+01 5.148853e-01
-1.87 1.050000e+01 5.148853e-01
-1.87 1.100000e+01 5.148853e-01
-1.87 1.150000e+01 5.148853e-01
-1.87 1.200000e+01 5.148853e-01
-1.87 1.250000e+01 5.148853e-01
-1.87 1.300000e+01 5.148853e-01
-1.87 1.350000e+01 5.148853e-01
-1.87 1.400000e+01 5.155467e-01

-1.86 7.000000e+00 5.164744e-01
-1.86 7.500000e+00 5.163700e-01
-1.86 8.000000e+00 5.163700e-01
-1.86 8.500000e+00 5.163700e-01
-1.86 9.000000e+00 5.163700e-01
-1.86 9.500000e+00 5.163700e-01
-1.86 1.000000e+01 5.163700e-01
-1.86 1.050000e+01 5.163700e-01
-1.86 1.100000e+01 5.163700e-01
-1.86 1.150000e+01 5.163700e-01
-1.86 1.200000e+01 5.163700e-01
-1.86 1.250000e+01 5.163700e-01
-1.86 1.300000e+01 5.163700e-01
-1.86 1.350000e+01 5.163700e-01
-1.86 1.400000e+01 5.164744e-01

-1.85 7.000000e+00 5.180398e-01
-1.85 7.500000e+00 5.178530e-01
-1.85 8.000000e+00 5.178530e-01
-1.85 8.500000e+00 5.178530e-01
-1.85 9.000000e+00 5.178530e-01
-1.85 9.500000e+00 5.178530e-01
-1.85 1.000000e+01 5.178530e-01
-1.85 1.050000e+01 5.178530e-01
-1.85 1.100000e+01 5.178530e-01
-1.85 1.150000e+01 5.178530e-01
-1.85 1.200000e+01 5.178530e-01
-1.85 1.250000e+01 5.178530e-01
-1.85 1.300000e+01 5.178530e-01
-1.85 1.350000e+01 5.178530e-01
-1.85 1.400000e+01 5.180398e-01

-1.84 7.000000e+00 5.194530e-01
-1.84 7.500000e+00 5.193341e-01
-1.84 8.000000e+00 5.193341e-01
-1.84 8.500000e+00 5.193341e-01
-1.84 9.000000e+00 5.193341e-01
-1.84 9.500000e+00 5.193341e-01
-1.84 1.000000e+01 5.193341e-01
-1.84 1.050000e+01 5.193341e-01
-1.84 1.100000e+01 5.193341e-01
-1.84 1.150000e+01 5.193341e-01
-1.84 1.200000e+01 5.193341e-01
-1.84 1.250000e+01 5.193341e-01
-1.84 1.300000e+01 5.193341e-01
-1.84 1.350000e+01 5.193341e-01
-1.84 1.400000e+01 5.194530e-01

-1.83 7.000000e+00 5.207374e-01
-1.83 7.500000e+00 5.208125e-01
-1.83 8.000000e+00 5.208125e-01
-1.83 8.500000e+00 5.208125e-01
-1.83 9.000000e+00 5.208125e-01
-1.83 9.500000e+00 5.208125e-01
-1.83 1.000000e+01 5.208125e-01
-1.83 1.050000e+01 5.208125e-01
-1.83 1.100000e+01 5.208125e-01
-1.83 1.150000e+01 5.208125e-01
-1.83 1.200000e+01 5.208125e-01
-1.83 1.250000e+01 5.208125e-01
-1.83 1.300000e+01 5.208125e-01
-1.83 1.350000e+01 5.208125e-01
-1.83 1.400000e+01 5.207374e-01

-1.82 7.000000e+00 5.230054e-01
-1.82 7.500000e+00 5.222878e-01
-1.82 8.000000e+00 5.222878e-01
-1.82 8.500000e+00 5.222878e-01
-1.82 9.000000e+00 5.222878e-01
-1.82 9.500000e+00 5.222878e-01
-1.82 1.000000e+01 5.222878e-01
-1.82 1.050000e+01 5.222878e-01
-1.82 1.100000e+01 5.222878e-01
-1.82 1.150000e+01 5.222878e-01
-1.82 1.200000e+01 5.222878e-01
-1.82 1.250000e+01 5.222878e-01
-1.82 1.300000e+01 5.222878e-01
-1.82 1.350000e+01 5.222878e-01
-1.82 1.400000e+01 5.230054e-01

-1.81 7.000000e+00 5.238992e-01
-1.81 7.500000e+00 5.237590e-01
-1.81 8.000000e+00 5.237590e-01
-1.81 8.500000e+00 5.237590e-01
-1.81 9.000000e+00 5.237590e-01
-1.81 9.500000e+00 5.237590e-01
-1.81 1.000000e+01 5.237590e-01
-1.81 1.050000e+01 5.237590e-01
-1.81 1.100000e+01 5.237590e-01
-1.81 1.150000e+01 5.237590e-01
-1.81 1.200000e+01 5.237590e-01
-1.81 1.250000e+01 5.237590e-01
-1.81 1.300000e+01 5.237590e-01
-1.81 1.350000e+01 5.237590e-01
-1.81 1.400000e+01 5.238992e-01

-1.80 7.000000e+00 5.257206e-01
-1.80 7.500000e+00 5.252251e-01
-1.80 8.000000e+00 5.252251e-01
-1.80 8.500000e+00 5.252251e-01
-1.80 9.000000e+00 5.252251e-01
-1.80 9.500000e+00 5.252251e-01
-1.80 1.000000e+01 5.252251e-01
-1.80 1.050000e+01 5.252251e-01
-1.80 1.100000e+01 5.252251e-01
-1.80 1.150000e+01 5.252251e-01
-1.80 1.200000e+01 5.252251e-01
-1.80 1.250000e+01 5.252251e-01
-1.80 1.300000e+01 5.252251e-01
-1.80 1.350000e+01 5.252251e-01
-1.80 1.400000e+01 5.257206e-01

-1.79 7.000000e+00 5.268382e-01
-1.79 7.500000e+00 5.266847e-01
-1.79 8.000000e+00 5.266847e-01
-1.79 8.500000e+00 5.266847e-01
-1.79 9.000000e+00 5.266847e-01
-1.79 9.500000e+00 5.266847e-01
-1.79 1.000000e+01 5.266847e-01
-1.79 1.050000e+01 5.266847e-01
-1.79 1.100000e+01 5.266847e-01
-1.79 1.150000e+01 5.266847e-01
-1.79 1.200000e+01 5.266847e-01
-1.79 1.250000e+01 5.266847e-01
-1.79 1.300000e+01 5.266847e-01
-1.79 1.350000e+01 5.266847e-01
-1.79 1.400000e+01 5.268382e-01

-1.78 7.000000e+00 5.279171e-01
-1.78 7.500000e+00 5.281361e-01
-1.78 8.000000e+00 5.281361e-01
-1.78 8.500000e+00 5.281361e-01
-1.78 9.000000e+00 5.281361e-01
-1.78 9.500000e+00 5.281361e-01
-1.78 1.000000e+01 5.281361e-01
-1.78 1.050000e+01 5.281361e-01
-1.78 1.100000e+01 5.281361e-01
-1.78 1.150000e+01 5.281361e-01
-1.78 1.200000e+01 5.281361e-01
-1.78 1.250000e+01 5.281361e-01
-1.78 1.300000e+01 5.281361e-01
-1.78 1.350000e+01 5.281361e-01
-1.78 1.400000e+01 5.279171e-01

-1.77 7.000000e+00 5.297430e-01
-1.77 7.500000e+00 5.295772e-01
-1.77 8.000000e+00 5.295772e-01
-1.77 8.500000e+00 5.295772e-01
-1.77 9.000000e+00 5.295772e-01
-1.77 9.500000e+00 5.295772e-01
-1.77 1.000000e+01 5.295772e-01
-1.77 1.050000e+01 5.295772e-01
-1.77 1.100000e+01 5.295772e-01
-1.77 1.150000e+01 5.295772e-01
-1.77 1.200000e+01 5.295772e-01
-1.77 1.250000e+01 5.295772e-01
-1.77 1.300000e+01 5.295772e-01
-1.77 1.350000e+01 5.295772e-01
-1.77 1.400000e+01 5.297430e-01

-1.76 7.000000e+00 5.306195e-01
-1.76 7.500000e+00 5.310053e-01
-1.76 8.000000e+00 5.310053e-01
-1.76 8.500000e+00 5.310053e-01
-1.76 9.000000e+00 5.310053e-01
-1.76 9.500000e+00 5.310053e-01
-1.76 1.000000e+01 5.310053e-01
-1.76 1.050000e+01 5.310053e-01
-1.76 1.100000e+01 5.310053e-01
-1.76 1.150000e+01 5.310053e-01
-1.76 1.200000e+01 5.310053e-01
-1.76 1.250000e+01 5.310053e-01
-1.76 1.300000e+01 5.310053e-01
-1.76 1.350000e+01 5.310053e-01
-1.76 1.400000e+01 5.306195e-01

-1.75 7.000000e+00 5.327111e-01
-1.75 7.500000e+00 5.324170e-01
-1.75 8.000000e+00 5.324170e-01
-1.75 8.500000e+00 5.324170e-01
-1.75 9.000000e+00 5.324170e-01
-1.75 9.500000e+00 5.324170e-01
-1.75 1.000000e+01 5.324170e-01
-1.75 1.050000e+01 5.324170e-01
-1.75 1.100000e+01 5.324170e-01
-1.75 1.150000e+01 5.324170e-01
-1.75 1.200000e+01 5.324170e-01
-1.75 1.250000e+01 5.324170e-01
-1.75 1.300000e+01 5.324170e-01
-1.75 1.350000e+01 5.324170e-01
-1.75 1.400000e+01 5.327111e-01

-1.74 7.000000e+00 5.339880e-01
-1.74 7.500000e+00 5.338081e-01
-1.74 8.000000e+00 5.338081e-01
-1.74 8.500000e+00 5.338081e-01
-1.74 9.000000e+00 5.338081e-01
-1.74 9.500000e+00 5.338081e-01
-1.74 1.000000e+01 5.338081e-01
-1.74 1.050000e+01 5.338081e-01
-1.74 1.100000e+01 5.338081e-01
-1.74 1.150000e+01 5.338081e-01
-1.74 1.200000e+01 5.338081e-01
-1.74 1.250000e+01 5.338081e-01
-1.74 1.300000e+01 5.338081e-01
-1.74 1.350000e+01 5.338081e-01
-1.74 1.400000e+01 5.339880e-01

-1.73 7.000000e+00 5.353332e-01
-1.73 7.500000e+00 5.351732e-01
-1.73 8.000000e+00 5.351732e-01
-1.73 8.500000e+00 5.351732e-01
-1.73 9.000000e+00 5.351732e-01
-1.73 9.500000e+00 5.351732e-01
-1.73 1.000000e+01 5.351732e-01
-1.73 1.050000e+01 5.351732e-01
-1.73 1.100000e+01 5.351732e-01
-1.73 1.150000e+01 5.351732e-01
-1.73 1.200000e+01 5.351732e-01
-1.73 1.250000e+01 5.351732e-01
-1.73 1.300000e+01 5.351732e-01
-1.73 1.350000e+01 5.351732e-01
-1.73 1.400000e+01 5.353332e-01

-1.72 7.000000e+00 5.366903e-01
-1.72 7.500000e+00 5.365059e-01
-1.72 8.000000e+00 5.365059e-01
-1.72 8.500000e+00 5.365059e-01
-1.72 9.000000e+00 5.365059e-01
-1.72 9.500000e+00 5.365059e-01
-1.72 1.000000e+01 5.365059e-01
-1.72 1.050000e+01 5.365059e-01
-1.72 1.100000e+01 5.365059e-01
-1.72 1.150000e+01 5.365059e-01
-1.72 1.200000e+01 5.365059e-01
-1.72 1.250000e+01 5.365059e-01
-1.72 1.300000e+01 5.365059e-01
-1.72 1.350000e+01 5.365059e-01
-1.72 1.400000e+01 5.366903e-01

-1.71 7.000000e+00 5.372497e-01
-1.71 7.500000e+00 5.377978e-01
-1.71 8.000000e+00 5.377978e-01
-1.71 8.500000e+00 5.377978e-01
-1.71 9.000000e+00 5.377978e-01
-1.71 9.500000e+00 5.377978e-01
-1.71 1.000000e+01 5.377978e-01
-1.71 1.050000e+01 5.377978e-01
-1.71 1.100000e+01 5.377978e-01
-1.71 1.150000e+01 5.377978e-01
-1.71 1.200000e+01 5.377978e-01
-1.71 1.250000e+01 5.377978e-01
-1.71 1.300000e+01 5.377978e-01
-1.71 1.350000e+01 5.377978e-01
-1.71 1.400000e+01 5.372497e-01

-1.70 7.000000e+00 5.393424e-01
-1.70 7.500000e+00 5.390389e-01
-1.70 8.000000e+00 5.390389e-01
-1.70 8.500000e+00 5.390389e-01
-1.70 9.000000e+00 5.390389e-01
-1.70 9.500000e+00 5.390389e-01
-1.70 1.000000e+01 5.390389e-01
-1.70 1.050000e+01 5.390389e-01
-1.70 1.100000e+01 5.390389e-01
-1.70 1.150000e+01 5.390389e-01
-1.70 1.200000e+01 5.390389e-01
-1.70 1.250000e+01 5.390389e-01
-1.70 1.300000e+01 5.390389e-01
-1.70 1.350000e+01 5.390389e-01
-1.70 1.400000e+01 5.393424e-01

-1.69 7.000000e+00 5.403939e-01
-1.69 7.500000e+00 5.402169e-01
-1.69 8.000000e+00 5.402169e-01
-1.69 8.500000e+00 5.402169e-01
-1.69 9.000000e+00 5.402169e-01
-1.69 9.500000e+00 5.402169e-01
-1.69 1.000000e+01 5.402169e-01
-1.69 1.050000e+01 5.402169e-01
-1.69 1.100000e+01 5.402169e-01
-1.69 1.150000e+01 5.402169e-01
-1.69 1.200000e+01 5.402169e-01
-1.69 1.250000e+01 5.402169e-01
-1.69 1.300000e+01 5.402169e-01
-1.69 1.350000e+01 5.402169e-01
-1.69 1.400000e+01 5.403939e-01

-1.68 7.000000e+00 5.412458e-01
-1.68 7.500000e+00 5.413169e-01
-1.68 8.000000e+00 5.413169e-01
-1.68 8.500000e+00 5.413169e-01
-1.68 9.000000e+00 5.413169e-01
-1.68 9.500000e+00 5.413169e-01
-1.68 1.000000e+01 5.413169e-01
-1.68 1.050000e+01 5.413169e-01
-1.68 1.100000e+01 5.413169e-01
-1.68 1.150000e+01 5.413169e-01
-1.68 1.200000e+01 5.413169e-01
-1.68 1.250000e+01 5.413169e-01
-1.68 1.300000e+01 5.413169e-01
-1.68 1.350000e+01 5.413169e-01
-1.68 1.400000e+01 5.412458e-01

-1.67 7.000000e+00 5.424767e-01
-1.67 7.500000e+00 5.423210e-01
-1.67 8.000000e+00 5.423210e-01
-1.67 8.500000e+00 5.423210e-01
-1.67 9.000000e+00 5.423210e-01
-1.67 9.500000e+00 5.423210e-01
-1.67 1.000000e+01 5.423210e-01
-1.67 1.050000e+01 5.423210e-01
-1.67 1.100000e+01 5.423210e-01
-1.67 1.150000e+01 5.423210e-01
-1.67 1.200000e+01 5.423210e-01
-1.67 1.250000e+01 5.423210e-01
-1.67 1.300000e+01 5.423210e-01
-1.67 1.350000e+01 5.423210e-01
-1.67 1.400000e+01 5.424767e-01

-1.66 7.000000e+00 5.431237e-01
-1.66 7.500000e+00 5.432078e-01
-1.66 8.000000e+00 5.432078e-01
-1.66 8.500000e+00 5.432078e-01
-1.66 9.000000e+00 5.432078e-01
-1.66 9.500000e+00 5.432078e-01
-1.66 1.000000e+01 5.432078e-01
-1.66 1.050000e+01 5.432078e-01
-1.66 1.100000e+01 5.432078e-01
-1.66 1.150000e+01 5.432078e-01
-1.66 1.200000e+01 5.432078e-01
-1.66 1.250000e+01 5.432078e-01
-1.66 1.300000e+01 5.432078e-01
-1.66 1.350000e+01 5.432078e-01
-1.66 1.400000e+01 5.431237e-01

-1.65 7.000000e+00 5.441413e-01
-1.65 7.500000e+00 5.439530e-01
-1.65 8.000000e+00 5.439530e-01
-1.65 8.500000e+00 5.439530e-01
-1.65 9.000000e+00 5.439530e-01
-1.65 9.500000e+00 5.439530e-01
-1.65 1.000000e+01 5.439530e-01
-1.65 1.050000e+01 5.439530e-01
-1.65 1.100000e+01 5.439530e-01
-1.65 1.150000e+01 5.439530e-01
-1.65 1.200000e+01 5.439530e-01
-1.65 1.250000e+01 5.439530e-01
-1.65 1.300000e+01 5.439530e-01
-1.65 1.350000e+01 5.439530e-01
-1.65 1.400000e+01 5.441413e-01

-1.64 7.000000e+00 5.446122e-01
-1.64 7.500000e+00 5.445286e-01
-1.64 8.000000e+00 5.445286e-01
-1.64 8.500000e+00 5.445286e-01
-1.64 9.000000e+00 5.445286e-01
-1.64 9.500000e+00 5.445286e-01
-1.64 1.000000e+01 5.445286e-01
-1.64 1.050000e+01 5.445286e-01
-1.64 1.100000e+01 5.445286e-01
-1.64 1.150000e+01 5.445286e-01
-1.64 1.200000e+01 5.445286e-01
-1.64 1.250000e+01 5.445286e-01
-1.64 1.300000e+01 5.445286e-01
-1.64 1.350000e+01 5.445286e-01
-1.64 1.400000e+01 5.446122e-01

-1.63 7.000000e+00 5.449696e-01
-1.63 7.500000e+00 5.449035e-01
-1.63 8.000000e+00 5.449035e-01
-1.63 8.500000e+00 5.449035e-01
-1.63 9.000000e+00 5.449035e-01
-1.63 9.500000e+00 5.449035e-01
-1.63 1.000000e+01 5.449035e-01
-1.63 1.050000e+01 5.449035e-01
-1.63 1.100000e+01 5.449035e-01
-1.63 1.150000e+01 5.449035e-01
-1.63 1.200000e+01 5.449035e-01
-1.63 1.250000e+01 5.449035e-01
-1.63 1.300000e+01 5.449035e-01
-1.63 1.350000e+01 5.449035e-01
-1.63 1.400000e+01 5.449696e-01

-1.62 7.000000e+00 5.450421e-01
-1.62 7.500000e+00 5.450446e-01
-1.62 8.000000e+00 5.450446e-01
-1.62 8.500000e+00 5.450446e-01
-1.62 9.000000e+00 5.450446e-01
-1.62 9.500000e+00 5.450446e-01
-1.62 1.000000e+01 5.450446e-01
-1.62 1.050000e+01 5.450446e-01
-1.62 1.100000e+01 5.450446e-01
-1.62 1.150000e+01 5.450446e-01
-1.62 1.200000e+01 5.450446e-01
-1.62 1.250000e+01 5.450446e-01
-1.62 1.300000e+01 5.450446e-01
-1.62 1.350000e+01 5.450446e-01
-1.62 1.400000e+01 5.450421e-01

-1.61 7.000000e+00 5.449938e-01
-1.61 7.500000e+00 5.449177e-01
-1.61 8.000000e+00 5.449177e-01
-1.61 8.500000e+00 5.449177e-01
-1.61 9.000000e+00 5.449177e-01
-1.61 9.500000e+00 5.449177e-01
-1.61 1.000000e+01 5.449177e-01
-1.61 1.050000e+01 5.449177e-01
-1.61 1.100000e+01 5.449177e-01
-1.61 1.150000e+01 5.449177e-01
-1.61 1.200000e+01 5.449177e-01
-1.61 1.250000e+01 5.449177e-01
-1.61 1.300000e+01 5.449177e-01
-1.61 1.350000e+01 5.449177e-01
-1.61 1.400000e+01 5.449938e-01

-1.60 7.000000e+00 5.442718e-01
-1.60 7.500000e+00 5.444891e-01
-1.60 8.000000e+00 5.444891e-01
-1.60 8.500000e+00 5.444891e-01
-1.60 9.000000e+00 5.444891e-01
-1.60 9.500000e+00 5.444891e-01
-1.60 1.000000e+01 5.444891e-01
-1.60 1.050000e+01 5.444891e-01
-1.60 1.100000e+01 5.444891e-01
-1.60 1.150000e+01 5.444891e-01
-1.60 1.200000e+01 5.444891e-01
-1.60 1.250000e+01 5.444891e-01
-1.60 1.300000e+01 5.444891e-01
-1.60 1.350000e+01 5.444891e-01
-1.60 1.400000e+01 5.442718e-01

-1.59 7.000000e+00 5.435274e-01
-1.59 7.500000e+00 5.437281e-01
-1.59 8.000000e+00 5.437281e-01
-1.59 8.500000e+00 5.437281e-01
-1.59 9.000000e+00 5.437281e-01
-1.59 9.500000e+00 5.437281e-01
-1.59 1.000000e+01 5.437281e-01
-1.59 1.050000e+01 5.437281e-01
-1.59 1.100000e+01 5.437281e-01
-1.59 1.150000e+01 5.437281e-01
-1.59 1.200000e+01 5.437281e-01
-1.59 1.250000e+01 5.437281e-01
-1.59 1.300000e+01 5.437281e-01
-1.59 1.350000e+01 5.437281e-01
-1.59 1.400000e+01 5.435274e-01

-1.58 7.000000e+00 5.425862e-01
-1.58 7.500000e+00 5.426082e-01
-1.58 8.000000e+00 5.426082e-01
-1.58 8.500000e+00 5.426082e-01
-1.58 9.000000e+00 5.426082e-01
-1.58 9.500000e+00 5.426082e-01
-1.58 1.000000e+01 5.426082e-01
-1.58 1.050000e+01 5.426082e-01
-1.58 1.100000e+01 5.426082e-01
-1.58 1.150000e+01 5.426082e-01
-1.58 1.200000e+01 5.426082e-01
-1.58 1.250000e+01 5.426082e-01
-1.58 1.300000e+01 5.426082e-01
-1.58 1.350000e+01 5.426082e-01
-1.58 1.400000e+01 5.425862e-01

-1.57 7.000000e+00 5.407352e-01
-1.57 7.500000e+00 5.411100e-01
-1.57 8.000000e+00 5.411100e-01
-1.57 8.500000e+00 5.411100e-01
-1.57 9.000000e+00 5.411100e-01
-1.57 9.500000e+00 5.411100e-01
-1.57 1.000000e+01 5.411100e-01
-1.57 1.050000e+01 5.411100e-01
-1.57 1.100000e+01 5.411100e-01
-1.57 1.150000e+01 5.411100e-01
-1.57 1.200000e+01 5.411100e-01
-1.57 1.250000e+01 5.411100e-01
-1.57 1.300000e+01 5.411100e-01
-1.57 1.350000e+01 5.411100e-01
-1.57 1.400000e+01 5.407352e-01

-1.56 7.000000e+00 5.390796e-01
-1.56 7.500000e+00 5.392219e-01
-1.56 8.000000e+00 5.392219e-01
-1.56 8.500000e+00 5.392219e-01
-1.56 9.000000e+00 5.392219e-01
-1.56 9.500000e+00 5.392219e-01
-1.56 1.000000e+01 5.392219e-01
-1.56 1.050000e+01 5.392219e-01
-1.56 1.100000e+01 5.392219e-01
-1.56 1.150000e+01 5.392219e-01
-1.56 1.200000e+01 5.392219e-01
-1.56 1.250000e+01 5.392219e-01
-1.56 1.300000e+01 5.392219e-01
-1.56 1.350000e+01 5.392219e-01
-1.56 1.400000e+01 5.390796e-01

-1.55 7.000000e+00 5.359775e-01
-1.55 7.500000e+00 5.369412e-01
-1.55 8.000000e+00 5.369412e-01
-1.55 8.500000e+00 5.369412e-01
-1.55 9.000000e+00 5.369412e-01
-1.55 9.500000e+00 5.369412e-01
-1.55 1.000000e+01 5.369412e-01
-1.55 1.050000e+01 5.369412e-01
-1.55 1.100000e+01 5.369412e-01
-1.55 1.150000e+01 5.369412e-01
-1.55 1.200000e+01 5.369412e-01
-1.55 1.250000e+01 5.369412e-01
-1.55 1.300000e+01 5.369412e-01
-1.55 1.350000e+01 5.369412e-01
-1.55 1.400000e+01 5.359775e-01

-1.54 7.000000e+00 5.336039e-01
-1.54 7.500000e+00 5.342741e-01
-1.54 8.000000e+00 5.342741e-01
-1.54 8.500000e+00 5.342741e-01
-1.54 9.000000e+00 5.342741e-01
-1.54 9.500000e+00 5.342741e-01
-1.54 1.000000e+01 5.342741e-01
-1.54 1.050000e+01 5.342741e-01
-1.54 1.100000e+01 5.342741e-01
-1.54 1.150000e+01 5.342741e-01
-1.54 1.200000e+01 5.342741e-01
-1.54 1.250000e+01 5.342741e-01
-1.54 1.300000e+01 5.342741e-01
-1.54 1.350000e+01 5.342741e-01
-1.54 1.400000e+01 5.336039e-01

-1.53 7.000000e+00 5.297244e-01
-1.53 7.500000e+00 5.312343e-01
-1.53 8.000000e+00 5.312343e-01
-1.53 8.500000e+00 5.312343e-01
-1.53 9.000000e+00 5.312343e-01
-1.53 9.500000e+00 5.312343e-01
-1.53 1.000000e+01 5.312343e-01
-1.53 1.050000e+01 5.312343e-01
-1.53 1.100000e+01 5.312343e-01
-1.53 1.150000e+01 5.312343e-01
-1.53 1.200000e+01 5.312343e-01
-1.53 1.250000e+01 5.312343e-01
-1.53 1.300000e+01 5.312343e-01
-1.53 1.350000e+01 5.312343e-01
-1.53 1.400000e+01 5.297244e-01

-1.52 7.000000e+00 5.269743e-01
-1.52 7.500000e+00 5.278424e-01
-1.52 8.000000e+00 5.278424e-01
-1.52 8.500000e+00 5.278424e-01
-1.52 9.000000e+00 5.278424e-01
-1.52 9.500000e+00 5.278424e-01
-1.52 1.000000e+01 5.278424e-01
-1.52 1.050000e+01 5.278424e-01
-1.52 1.100000e+01 5.278424e-01
-1.52 1.150000e+01 5.278424e-01
-1.52 1.200000e+01 5.278424e-01
-1.52 1.250000e+01 5.278424e-01
-1.52 1.300000e+01 5.278424e-01
-1.52 1.350000e+01 5.278424e-01
-1.52 1.400000e+01 5.269743e-01

-1.51 7.000000e+00 5.251223e-01
-1.51 7.500000e+00 5.241236e-01
-1.51 8.000000e+00 5.241236e-01
-1.51 8.500000e+00 5.241236e-01
-1.51 9.000000e+00 5.241236e-01
-1.51 9.500000e+00 5.241236e-01
-1.51 1.000000e+01 5.241236e-01
-1.51 1.050000e+01 5.241236e-01
-1.51 1.100000e+01 5.241236e-01
-1.51 1.150000e+01 5.241236e-01
-1.51 1.200000e+01 5.241236e-01
-1.51 1.250000e+01 5.241236e-01
-1.51 1.300000e+01 5.241236e-01
-1.51 1.350000e+01 5.241236e-01
-1.51 1.400000e+01 5.251223e-01

-1.50 7.000000e+00 5.183362e-01
-1.50 7.500000e+00 5.201062e-01
-1.50 8.000000e+00 5.201062e-01
-1.50 8.500000e+00 5.201062e-01
-1.50 9.000000e+00 5.201062e-01
-1.50 9.500000e+00 5.201062e-01
-1.50 1.000000e+01 5.201062e-01
-1.50 1.050000e+01 5.201062e-01
-1.50 1.100000e+01 5.201062e-01
-1.50 1.150000e+01 5.201062e-01
-1.50 1.200000e+01 5.201062e-01
-1.50 1.250000e+01 5.201062e-01
-1.50 1.300000e+01 5.201062e-01
-1.50 1.350000e+01 5.201062e-01
-1.50 1.400000e+01 5.183362e-01

-1.49 7.000000e+00 5.146816e-01
-1.49 7.500000e+00 5.158198e-01
-1.49 8.000000e+00 5.158198e-01
-1.49 8.500000e+00 5.158198e-01
-1.49 9.000000e+00 5.158198e-01
-1.49 9.500000e+00 5.158198e-01
-1.49 1.000000e+01 5.158198e-01
-1.49 1.050000e+01 5.158198e-01
-1.49 1.100000e+01 5.158198e-01
-1.49 1.150000e+01 5.158198e-01
-1.49 1.200000e+01 5.158198e-01
-1.49 1.250000e+01 5.158198e-01
-1.49 1.300000e+01 5.158198e-01
-1.49 1.350000e+01 5.158198e-01
-1.49 1.400000e+01 5.146816e-01

-1.48 7.000000e+00 5.108258e-01
-1.48 7.500000e+00 5.112943e-01
-1.48 8.000000e+00 5.112943e-01
-1.48 8.500000e+00 5.112943e-01
-1.48 9.000000e+00 5.112943e-01
-1.48 9.500000e+00 5.112943e-01
-1.48 1.000000e+01 5.112943e-01
-1.48 1.050000e+01 5.112943e-01
-1.48 1.100000e+01 5.112943e-01
-1.48 1.150000e+01 5.112943e-01
-1.48 1.200000e+01 5.112943e-01
-1.48 1.250000e+01 5.112943e-01
-1.48 1.300000e+01 5.112943e-01
-1.48 1.350000e+01 5.112943e-01
-1.48 1.400000e+01 5.108258e-01

-1.47 7.000000e+00 5.052652e-01
-1.47 7.500000e+00 5.065584e-01
-1.47 8.000000e+00 5.065584e-01
-1.47 8.500000e+00 5.065584e-01
-1.47 9.000000e+00 5.065584e-01
-1.47 9.500000e+00 5.065584e-01
-1.47 1.000000e+01 5.065584e-01
-1.47 1.050000e+01 5.065584e-01
-1.47 1.100000e+01 5.065584e-01
-1.47 1.150000e+01 5.065584e-01
-1.47 1.200000e+01 5.065584e-01
-1.47 1.250000e+01 5.065584e-01
-1.47 1.300000e+01 5.065584e-01
-1.47 1.350000e+01 5.065584e-01
-1.47 1.400000e+01 5.052652e-01

-1.46 7.000000e+00 5.004482e-01
-1.46 7.500000e+00 5.016395e-01
-1.46 8.000000e+00 5.016395e-01
-1.46 8.500000e+00 5.016395e-01
-1.46 9.000000e+00 5.016395e-01
-1.46 9.500000e+00 5.016395e-01
-1.46 1.000000e+01 5.016395e-01
-1.46 1.050000e+01 5.016395e-01
-1.46 1.100000e+01 5.016395e-01
-1.46 1.150000e+01 5.016395e-01
-1.46 1.200000e+01 5.016395e-01
-1.46 1.250000e+01 5.016395e-01
-1.46 1.300000e+01 5.016395e-01
-1.46 1.350000e+01 5.016395e-01
-1.46 1.400000e+01 5.004482e-01

-1.45 7.000000e+00 4.941687e-01
-1.45 7.500000e+00 4.965624e-01
-1.45 8.000000e+00 4.965624e-01
-1.45 8.500000e+00 4.965624e-01
-1.45 9.000000e+00 4.965624e-01
-1.45 9.500000e+00 4.965624e-01
-1.45 1.000000e+01 4.965624e-01
-1.45 1.050000e+01 4.965624e-01
-1.45 1.100000e+01 4.965624e-01
-1.45 1.150000e+01 4.965624e-01
-1.45 1.200000e+01 4.965624e-01
-1.45 1.250000e+01 4.965624e-01
-1.45 1.300000e+01 4.965624e-01
-1.45 1.350000e+01 4.965624e-01
-1.45 1.400000e+01 4.941687e-01

-1.44 7.000000e+00 4.898613e-01
-1.44 7.500000e+00 4.913497e-01
-1.44 8.000000e+00 4.913497e-01
-1.44 8.500000e+00 4.913497e-01
-1.44 9.000000e+00 4.913497e-01
-1.44 9.500000e+00 4.913497e-01
-1.44 1.000000e+01 4.913497e-01
-1.44 1.050000e+01 4.913497e-01
-1.44 1.100000e+01 4.913497e-01
-1.44 1.150000e+01 4.913497e-01
-1.44 1.200000e+01 4.913497e-01
-1.44 1.250000e+01 4.913497e-01
-1.44 1.300000e+01 4.913497e-01
-1.44 1.350000e+01 4.913497e-01
-1.44 1.400000e+01 4.898613e-01

-1.43 7.000000e+00 4.852524e-01
-1.43 7.500000e+00 4.860218e-01
-1.43 8.000000e+00 4.860218e-01
-1.43 8.500000e+00 4.860218e-01
-1.43 9.000000e+00 4.860218e-01
-1.43 9.500000e+00 4.860218e-01
-1.43 1.000000e+01 4.860218e-01
-1.43 1.050000e+01 4.860218e-01
-1.43 1.100000e+01 4.860218e-01
-1.43 1.150000e+01 4.860218e-01
-1.43 1.200000e+01 4.860218e-01
-1.43 1.250000e+01 4.860218e-01
-1.43 1.300000e+01 4.860218e-01
-1.43 1.350000e+01 4.860218e-01
-1.43 1.400000e+01 4.852524e-01

-1.42 7.000000e+00 4.789992e-01
-1.42 7.500000e+00 4.805965e-01
-1.42 8.000000e+00 4.805965e-01
-1.42 8.500000e+00 4.805965e-01
-1.42 9.000000e+00 4.805965e-01
-1.42 9.500000e+00 4.805965e-01
-1.42 1.000000e+01 4.805965e-01
-1.42 1.050000e+01 4.805965e-01
-1.42 1.100000e+01 4.805965e-01
-1.42 1.150000e+01 4.805965e-01
-1.42 1.200000e+01 4.805965e-01
-1.42 1.250000e+01 4.805965e-01
-1.42 1.300000e+01 4.805965e-01
-1.42 1.350000e+01 4.805965e-01
-1.42 1.400000e+01 4.789992e-01

-1.41 7.000000e+00 4.760666e-01
-1.41 7.500000e+00 4.750894e-01
-1.41 8.000000e+00 4.750894e-01
-1.41 8.500000e+00 4.750894e-01
-1.41 9.000000e+00 4.750894e-01
-1.41 9.500000e+00 4.750894e-01
-1.41 1.000000e+01 4.750894e-01
-1.41 1.050000e+01 4.750894e-01
-1.41 1.100000e+01 4.750894e-01
-1.41 1.150000e+01 4.750894e-01
-1.41 1.200000e+01 4.750894e-01
-1.41 1.250000e+01 4.750894e-01
-1.41 1.300000e+01 4.750894e-01
-1.41 1.350000e+01 4.750894e-01
-1.41 1.400000e+01 4.760666e-01

-1.40 7.000000e+00 4.678214e-01
-1.40 7.500000e+00 4.695140e-01
-1.40 8.000000e+00 4.695140e-01
-1.40 8.500000e+00 4.695140e-01
-1.40 9.000000e+00 4.695140e-01
-1.40 9.500000e+00 4.695140e-01
-1.40 1.000000e+01 4.695140e-01
-1.40 1.050000e+01 4.695140e-01
-1.40 1.100000e+01 4.695140e-01
-1.40 1.150000e+01 4.695140e-01
-1.40 1.200000e+01 4.695140e-01
-1.40 1.250000e+01 4.695140e-01
-1.40 1.300000e+01 4.695140e-01
-1.40 1.350000e+01 4.695140e-01
-1.40 1.400000e+01 4.678214e-01

-1.39 7.000000e+00 4.637863e-01
-1.39 7.500000e+00 4.638821e-01
-1.39 8.000000e+00 4.638821e-01
-1.39 8.500000e+00 4.638821e-01
-1.39 9.000000e+00 4.638821e-01
-1.39 9.500000e+00 4.638821e-01
-1.39 1.000000e+01 4.638821e-01
-1.39 1.050000e+01 4.638821e-01
-1.39 1.100000e+01 4.638821e-01
-1.39 1.150000e+01 4.638821e-01
-1.39 1.200000e+01 4.638821e-01
-1.39 1.250000e+01 4.638821e-01
-1.39 1.300000e+01 4.638821e-01
-1.39 1.350000e+01 4.638821e-01
-1.39 1.400000e+01 4.637863e-01

-1.38 7.000000e+00 4.571497e-01
-1.38 7.500000e+00 4.582038e-01
-1.38 8.000000e+00 4.582038e-01
-1.38 8.500000e+00 4.582038e-01
-1.38 9.000000e+00 4.582038e-01
-1.38 9.500000e+00 4.582038e-01
-1.38 1.000000e+01 4.582038e-01
-1.38 1.050000e+01 4.582038e-01
-1.38 1.100000e+01 4.582038e-01
-1.38 1.150000e+01 4.582038e-01
-1.38 1.200000e+01 4.582038e-01
-1.38 1.250000e+01 4.582038e-01
-1.38 1.300000e+01 4.582038e-01
-1.38 1.350000e+01 4.582038e-01
-1.38 1.400000e+01 4.571497e-01

-1.37 7.000000e+00 4.506715e-01
-1.37 7.500000e+00 4.524877e-01
-1.37 8.000000e+00 4.524877e-01
-1.37 8.500000e+00 4.524877e-01
-1.37 9.000000e+00 4.524877e-01
-1.37 9.500000e+00 4.524877e-01
-1.37 1.000000e+01 4.524877e-01
-1.37 1.050000e+01 4.524877e-01
-1.37 1.100000e+01 4.524877e-01
-1.37 1.150000e+01 4.524877e-01
-1.37 1.200000e+01 4.524877e-01
-1.37 1.250000e+01 4.524877e-01
-1.37 1.300000e+01 4.524877e-01
-1.37 1.350000e+01 4.524877e-01
-1.37 1.400000e+01 4.506715e-01

-1.36 7.000000e+00 4.443965e-01
-1.36 7.500000e+00 4.467413e-01
-1.36 8.000000e+00 4.467413e-01
-1.36 8.500000e+00 4.467413e-01
-1.36 9.000000e+00 4.467413e-01
-1.36 9.500000e+00 4.467413e-01
-1.36 1.000000e+01 4.467413e-01
-1.36 1.050000e+01 4.467413e-01
-1.36 1.100000e+01 4.467413e-01
-1.36 1.150000e+01 4.467413e-01
-1.36 1.200000e+01 4.467413e-01
-1.36 1.250000e+01 4.467413e-01
-1.36 1.300000e+01 4.467413e-01
-1.36 1.350000e+01 4.467413e-01
-1.36 1.400000e+01 4.443965e-01

-1.35 7.000000e+00 4.390816e-01
-1.35 7.500000e+00 4.409707e-01
-1.35 8.000000e+00 4.409707e-01
-1.35 8.500000e+00 4.409707e-01
-1.35 9.000000e+00 4.409707e-01
-1.35 9.500000e+00 4.409707e-01
-1.35 1.000000e+01 4.409707e-01
-1.35 1.050000e+01 4.409707e-01
-1.35 1.100000e+01 4.409707e-01
-1.35 1.150000e+01 4.409707e-01
-1.35 1.200000e+01 4.409707e-01
-1.35 1.250000e+01 4.409707e-01
-1.35 1.300000e+01 4.409707e-01
-1.35 1.350000e+01 4.409707e-01
-1.35 1.400000e+01 4.390816e-01

-1.34 7.000000e+00 4.378105e-01
-1.34 7.500000e+00 4.351815e-01
-1.34 8.000000e+00 4.351815e-01
-1.34 8.500000e+00 4.351815e-01
-1.34 9.000000e+00 4.351815e-01
-1.34 9.500000e+00 4.351815e-01
-1.34 1.000000e+01 4.351815e-01
-1.34 1.050000e+01 4.351815e-01
-1.34 1.100000e+01 4.351815e-01
-1.34 1.150000e+01 4.351815e-01
-1.34 1.200000e+01 4.351815e-01
-1.34 1.250000e+01 4.351815e-01
-1.34 1.300000e+01 4.351815e-01
-1.34 1.350000e+01 4.351815e-01
-1.34 1.400000e+01 4.378105e-01

-1.33 7.000000e+00 4.280600e-01
-1.33 7.500000e+00 4.293782e-01
-1.33 8.000000e+00 4.293782e-01
-1.33 8.500000e+00 4.293782e-01
-1.33 9.000000e+00 4.293782e-01
-1.33 9.500000e+00 4.293782e-01
-1.33 1.000000e+01 4.293782e-01
-1.33 1.050000e+01 4.293782e-01
-1.33 1.100000e+01 4.293782e-01
-1.33 1.150000e+01 4.293782e-01
-1.33 1.200000e+01 4.293782e-01
-1.33 1.250000e+01 4.293782e-01
-1.33 1.300000e+01 4.293782e-01
-1.33 1.350000e+01 4.293782e-01
-1.33 1.400000e+01 4.280600e-01

-1.32 7.000000e+00 4.215766e-01
-1.32 7.500000e+00 4.235648e-01
-1.32 8.000000e+00 4.235648e-01
-1.32 8.500000e+00 4.235648e-01
-1.32 9.000000e+00 4.235648e-01
-1.32 9.500000e+00 4.235648e-01
-1.32 1.000000e+01 4.235648e-01
-1.32 1.050000e+01 4.235648e-01
-1.32 1.100000e+01 4.235648e-01
-1.32 1.150000e+01 4.235648e-01
-1.32 1.200000e+01 4.235648e-01
-1.32 1.250000e+01 4.235648e-01
-1.32 1.300000e+01 4.235648e-01
-1.32 1.350000e+01 4.235648e-01
-1.32 1.400000e+01 4.215766e-01

-1.31 7.000000e+00 4.182829e-01
-1.31 7.500000e+00 4.177447e-01
-1.31 8.000000e+00 4.177447e-01
-1.31 8.500000e+00 4.177447e-01
-1.31 9.000000e+00 4.177447e-01
-1.31 9.500000e+00 4.177447e-01
-1.31 1.000000e+01 4.177447e-01
-1.31 1.050000e+01 4.177447e-01
-1.31 1.100000e+01 4.177447e-01
-1.31 1.150000e+01 4.177447e-01
-1.31 1.200000e+01 4.177447e-01
-1.31 1.250000e+01 4.177447e-01
-1.31 1.300000e+01 4.177447e-01
-1.31 1.350000e+01 4.177447e-01
-1.31 1.400000e+01 4.182829e-01

-1.30 7.000000e+00 4.098716e-01
-1.30 7.500000e+00 4.119207e-01
-1.30 8.000000e+00 4.119207e-01
-1.30 8.500000e+00 4.119207e-01
-1.30 9.000000e+00 4.119207e-01
-1.30 9.500000e+00 4.119207e-01
-1.30 1.000000e+01 4.119207e-01
-1.30 1.050000e+01 4.119207e-01
-1.30 1.100000e+01 4.119207e-01
-1.30 1.150000e+01 4.119207e-01
-1.30 1.200000e+01 4.119207e-01
-1.30 1.250000e+01 4.119207e-01
-1.30 1.300000e+01 4.119207e-01
-1.30 1.350000e+01 4.119207e-01
-1.30 1.400000e+01 4.098716e-01

-1.29 7.000000e+00 4.050092e-01
-1.29 7.500000e+00 4.060953e-01
-1.29 8.000000e+00 4.060953e-01
-1.29 8.500000e+00 4.060953e-01
-1.29 9.000000e+00 4.060953e-01
-1.29 9.500000e+00 4.060953e-01
-1.29 1.000000e+01 4.060953e-01
-1.29 1.050000e+01 4.060953e-01
-1.29 1.100000e+01 4.060953e-01
-1.29 1.150000e+01 4.060953e-01
-1.29 1.200000e+01 4.060953e-01
-1.29 1.250000e+01 4.060953e-01
-1.29 1.300000e+01 4.060953e-01
-1.29 1.350000e+01 4.060953e-01
-1.29 1.400000e+01 4.050092e-01

-1.28 7.000000e+00 3.987048e-01
-1.28 7.500000e+00 4.002707e-01
-1.28 8.000000e+00 4.002707e-01
-1.28 8.500000e+00 4.002707e-01
-1.28 9.000000e+00 4.002707e-01
-1.28 9.500000e+00 4.002707e-01
-1.28 1.000000e+01 4.002707e-01
-1.28 1.050000e+01 4.002707e-01
-1.28 1.100000e+01 4.002707e-01
-1.28 1.150000e+01 4.002707e-01
-1.28 1.200000e+01 4.002707e-01
-1.28 1.250000e+01 4.002707e-01
-1.28 1.300000e+01 4.002707e-01
-1.28 1.350000e+01 4.002707e-01
-1.28 1.400000e+01 3.987048e-01

-1.27 7.000000e+00 3.923141e-01
-1.27 7.500000e+00 3.944488e-01
-1.27 8.000000e+00 3.944488e-01
-1.27 8.500000e+00 3.944488e-01
-1.27 9.000000e+00 3.944488e-01
-1.27 9.500000e+00 3.944488e-01
-1.27 1.000000e+01 3.944488e-01
-1.27 1.050000e+01 3.944488e-01
-1.27 1.100000e+01 3.944488e-01
-1.27 1.150000e+01 3.944488e-01
-1.27 1.200000e+01 3.944488e-01
-1.27 1.250000e+01 3.944488e-01
-1.27 1.300000e+01 3.944488e-01
-1.27 1.350000e+01 3.944488e-01
-1.27 1.400000e+01 3.923141e-01

-1.26 7.000000e+00 3.889244e-01
-1.26 7.500000e+00 3.886312e-01
-1.26 8.000000e+00 3.886312e-01
-1.26 8.500000e+00 3.886312e-01
-1.26 9.000000e+00 3.886312e-01
-1.26 9.500000e+00 3.886312e-01
-1.26 1.000000e+01 3.886312e-01
-1.26 1.050000e+01 3.886312e-01
-1.26 1.100000e+01 3.886312e-01
-1.26 1.150000e+01 3.886312e-01
-1.26 1.200000e+01 3.886312e-01
-1.26 1.250000e+01 3.886312e-01
-1.26 1.300000e+01 3.886312e-01
-1.26 1.350000e+01 3.886312e-01
-1.26 1.400000e+01 3.889244e-01

-1.25 7.000000e+00 3.806307e-01
-1.25 7.500000e+00 3.828193e-01
-1.25 8.000000e+00 3.828193e-01
-1.25 8.500000e+00 3.828193e-01
-1.25 9.000000e+00 3.828193e-01
-1.25 9.500000e+00 3.828193e-01
-1.25 1.000000e+01 3.828193e-01
-1.25 1.050000e+01 3.828193e-01
-1.25 1.100000e+01 3.828193e-01
-1.25 1.150000e+01 3.828193e-01
-1.25 1.200000e+01 3.828193e-01
-1.25 1.250000e+01 3.828193e-01
-1.25 1.300000e+01 3.828193e-01
-1.25 1.350000e+01 3.828193e-01
-1.25 1.400000e+01 3.806307e-01

-1.24 7.000000e+00 3.791599e-01
-1.24 7.500000e+00 3.770145e-01
-1.24 8.000000e+00 3.770145e-01
-1.24 8.500000e+00 3.770145e-01
-1.24 9.000000e+00 3.770145e-01
-1.24 9.500000e+00 3.770145e-01
-1.24 1.000000e+01 3.770145e-01
-1.24 1.050000e+01 3.770145e-01
-1.24 1.100000e+01 3.770145e-01
-1.24 1.150000e+01 3.770145e-01
-1.24 1.200000e+01 3.770145e-01
-1.24 1.250000e+01 3.770145e-01
-1.24 1.300000e+01 3.770145e-01
-1.24 1.350000e+01 3.770145e-01
-1.24 1.400000e+01 3.791599e-01

-1.23 7.000000e+00 3.694174e-01
-1.23 7.500000e+00 3.712179e-01
-1.23 8.000000e+00 3.712179e-01
-1.23 8.500000e+00 3.712179e-01
-1.23 9.000000e+00 3.712179e-01
-1.23 9.500000e+00 3.712179e-01
-1.23 1.000000e+01 3.712179e-01
-1.23 1.050000e+01 3.712179e-01
-1.23 1.100000e+01 3.712179e-01
-1.23 1.150000e+01 3.712179e-01
-1.23 1.200000e+01 3.712179e-01
-1.23 1.250000e+01 3.712179e-01
-1.23 1.300000e+01 3.712179e-01
-1.23 1.350000e+01 3.712179e-01
-1.23 1.400000e+01 3.694174e-01

-1.22 7.000000e+00 3.631649e-01
-1.22 7.500000e+00 3.654305e-01
-1.22 8.000000e+00 3.654305e-01
-1.22 8.500000e+00 3.654305e-01
-1.22 9.000000e+00 3.654305e-01
-1.22 9.500000e+00 3.654305e-01
-1.22 1.000000e+01 3.654305e-01
-1.22 1.050000e+01 3.654305e-01
-1.22 1.100000e+01 3.654305e-01
-1.22 1.150000e+01 3.654305e-01
-1.22 1.200000e+01 3.654305e-01
-1.22 1.250000e+01 3.654305e-01
-1.22 1.300000e+01 3.654305e-01
-1.22 1.350000e+01 3.654305e-01
-1.22 1.400000e+01 3.631649e-01

-1.21 7.000000e+00 3.597019e-01
-1.21 7.500000e+00 3.596534e-01
-1.21 8.000000e+00 3.596534e-01
-1.21 8.500000e+00 3.596534e-01
-1.21 9.000000e+00 3.596534e-01
-1.21 9.500000e+00 3.596534e-01
-1.21 1.000000e+01 3.596534e-01
-1.21 1.050000e+01 3.596534e-01
-1.21 1.100000e+01 3.596534e-01
-1.21 1.150000e+01 3.596534e-01
-1.21 1.200000e+01 3.596534e-01
-1.21 1.250000e+01 3.596534e-01
-1.21 1.300000e+01 3.596534e-01
-1.21 1.350000e+01 3.596534e-01
-1.21 1.400000e+01 3.597019e-01

-1.20 7.000000e+00 3.515725e-01
-1.20 7.500000e+00 3.538873e-01
-1.20 8.000000e+00 3.538873e-01
-1.20 8.500000e+00 3.538873e-01
-1.20 9.000000e+00 3.538873e-01
-1.20 9.500000e+00 3.538873e-01
-1.20 1.000000e+01 3.538873e-01
-1.20 1.050000e+01 3.538873e-01
-1.20 1.100000e+01 3.538873e-01
-1.20 1.150000e+01 3.538873e-01
-1.20 1.200000e+01 3.538873e-01
-1.20 1.250000e+01 3.538873e-01
-1.20 1.300000e+01 3.538873e-01
-1.20 1.350000e+01 3.538873e-01
-1.20 1.400000e+01 3.515725e-01

-1.19 7.000000e+00 3.460880e-01
-1.19 7.500000e+00 3.481331e-01
-1.19 8.000000e+00 3.481331e-01
-1.19 8.500000e+00 3.481331e-01
-1.19 9.000000e+00 3.481331e-01
-1.19 9.500000e+00 3.481331e-01
-1.19 1.000000e+01 3.481331e-01
-1.19 1.050000e+01 3.481331e-01
-1.19 1.100000e+01 3.481331e-01
-1.19 1.150000e+01 3.481331e-01
-1.19 1.200000e+01 3.481331e-01
-1.19 1.250000e+01 3.481331e-01
-1.19 1.300000e+01 3.481331e-01
-1.19 1.350000e+01 3.481331e-01
-1.19 1.400000e+01 3.460880e-01

-1.18 7.000000e+00 3.403683e-01
-1.18 7.500000e+00 3.423915e-01
-1.18 8.000000e+00 3.423915e-01
-1.18 8.500000e+00 3.423915e-01
-1.18 9.000000e+00 3.423915e-01
-1.18 9.500000e+00 3.423915e-01
-1.18 1.000000e+01 3.423915e-01
-1.18 1.050000e+01 3.423915e-01
-1.18 1.100000e+01 3.423915e-01
-1.18 1.150000e+01 3.423915e-01
-1.18 1.200000e+01 3.423915e-01
-1.18 1.250000e+01 3.423915e-01
-1.18 1.300000e+01 3.423915e-01
-1.18 1.350000e+01 3.423915e-01
-1.18 1.400000e+01 3.403683e-01

-1.17 7.000000e+00 3.342784e-01
-1.17 7.500000e+00 3.366634e-01
-1.17 8.000000e+00 3.366634e-01
-1.17 8.500000e+00 3.366634e-01
-1.17 9.000000e+00 3.366634e-01
-1.17 9.500000e+00 3.366634e-01
-1.17 1.000000e+01 3.366634e-01
-1.17 1.050000e+01 3.366634e-01
-1.17 1.100000e+01 3.366634e-01
-1.17 1.150000e+01 3.366634e-01
-1.17 1.200000e+01 3.366634e-01
-1.17 1.250000e+01 3.366634e-01
-1.17 1.300000e+01 3.366634e-01
-1.17 1.350000e+01 3.366634e-01
-1.17 1.400000e+01 3.342784e-01

-1.16 7.000000e+00 3.307576e-01
-1.16 7.500000e+00 3.309494e-01
-1.16 8.000000e+00 3.309494e-01
-1.16 8.500000e+00 3.309494e-01
-1.16 9.000000e+00 3.309494e-01
-1.16 9.500000e+00 3.309494e-01
-1.16 1.000000e+01 3.309494e-01
-1.16 1.050000e+01 3.309494e-01
-1.16 1.100000e+01 3.309494e-01
-1.16 1.150000e+01 3.309494e-01
-1.16 1.200000e+01 3.309494e-01
-1.16 1.250000e+01 3.309494e-01
-1.16 1.300000e+01 3.309494e-01
-1.16 1.350000e+01 3.309494e-01
-1.16 1.400000e+01 3.307576e-01

-1.15 7.000000e+00 3.228205e-01
-1.15 7.500000e+00 3.252502e-01
-1.15 8.000000e+00 3.252502e-01
-1.15 8.500000e+00 3.252502e-01
-1.15 9.000000e+00 3.252502e-01
-1.15 9.500000e+00 3.252502e-01
-1.15 1.000000e+01 3.252502e-01
-1.15 1.050000e+01 3.252502e-01
-1.15 1.100000e+01 3.252502e-01
-1.15 1.150000e+01 3.252502e-01
-1.15 1.200000e+01 3.252502e-01
-1.15 1.250000e+01 3.252502e-01
-1.15 1.300000e+01 3.252502e-01
-1.15 1.350000e+01 3.252502e-01
-1.15 1.400000e+01 3.228205e-01

-1.14 7.000000e+00 3.211888e-01
-1.14 7.500000e+00 3.195665e-01
-1.14 8.000000e+00 3.195665e-01
-1.14 8.500000e+00 3.195665e-01
-1.14 9.000000e+00 3.195665e-01
-1.14 9.500000e+00 3.195665e-01
-1.14 1.000000e+01 3.195665e-01
-1.14 1.050000e+01 3.195665e-01
-1.14 1.100000e+01 3.195665e-01
-1.14 1.150000e+01 3.195665e-01
-1.14 1.200000e+01 3.195665e-01
-1.14 1.250000e+01 3.195665e-01
-1.14 1.300000e+01 3.195665e-01
-1.14 1.350000e+01 3.195665e-01
-1.14 1.400000e+01 3.211888e-01

-1.13 7.000000e+00 3.116651e-01
-1.13 7.500000e+00 3.138989e-01
-1.13 8.000000e+00 3.138989e-01
-1.13 8.500000e+00 3.138989e-01
-1.13 9.000000e+00 3.138989e-01
-1.13 9.500000e+00 3.138989e-01
-1.13 1.000000e+01 3.138989e-01
-1.13 1.050000e+01 3.138989e-01
-1.13 1.100000e+01 3.138989e-01
-1.13 1.150000e+01 3.138989e-01
-1.13 1.200000e+01 3.138989e-01
-1.13 1.250000e+01 3.138989e-01
-1.13 1.300000e+01 3.138989e-01
-1.13 1.350000e+01 3.138989e-01
-1.13 1.400000e+01 3.116651e-01

-1.12 7.000000e+00 3.057550e-01
-1.12 7.500000e+00 3.082482e-01
-1.12 8.000000e+00 3.082482e-01
-1.12 8.500000e+00 3.082482e-01
-1.12 9.000000e+00 3.082482e-01
-1.12 9.500000e+00 3.082482e-01
-1.12 1.000000e+01 3.082482e-01
-1.12 1.050000e+01 3.082482e-01
-1.12 1.100000e+01 3.082482e-01
-1.12 1.150000e+01 3.082482e-01
-1.12 1.200000e+01 3.082482e-01
-1.12 1.250000e+01 3.082482e-01
-1.12 1.300000e+01 3.082482e-01
-1.12 1.350000e+01 3.082482e-01
-1.12 1.400000e+01 3.057550e-01

-1.11 7.000000e+00 3.021897e-01
-1.11 7.500000e+00 3.026150e-01
-1.11 8.000000e+00 3.026150e-01
-1.11 8.500000e+00 3.026150e-01
-1.11 9.000000e+00 3.026150e-01
-1.11 9.500000e+00 3.026150e-01
-1.11 1.000000e+01 3.026150e-01
-1.11 1.050000e+01 3.026150e-01
-1.11 1.100000e+01 3.026150e-01
-1.11 1.150000e+01 3.026150e-01
-1.11 1.200000e+01 3.026150e-01
-1.11 1.250000e+01 3.026150e-01
-1.11 1.300000e+01 3.026150e-01
-1.11 1.350000e+01 3.026150e-01
-1.11 1.400000e+01 3.021897e-01

-1.10 7.000000e+00 2.944666e-01
-1.10 7.500000e+00 2.970000e-01
-1.10 8.000000e+00 2.970000e-01
-1.10 8.500000e+00 2.970000e-01
-1.10 9.000000e+00 2.970000e-01
-1.10 9.500000e+00 2.970000e-01
-1.10 1.000000e+01 2.970000e-01
-1.10 1.050000e+01 2.970000e-01
-1.10 1.100000e+01 2.970000e-01
-1.10 1.150000e+01 2.970000e-01
-1.10 1.200000e+01 2.970000e-01
-1.10 1.250000e+01 2.970000e-01
-1.10 1.300000e+01 2.970000e-01
-1.10 1.350000e+01 2.970000e-01
-1.10 1.400000e+01 2.944666e-01

-1.09 7.000000e+00 2.927658e-01
-1.09 7.500000e+00 2.914037e-01
-1.09 8.000000e+00 2.914037e-01
-1.09 8.500000e+00 2.914037e-01
-1.09 9.000000e+00 2.914037e-01
-1.09 9.500000e+00 2.914037e-01
-1.09 1.000000e+01 2.914037e-01
-1.09 1.050000e+01 2.914037e-01
-1.09 1.100000e+01 2.914037e-01
-1.09 1.150000e+01 2.914037e-01
-1.09 1.200000e+01 2.914037e-01
-1.09 1.250000e+01 2.914037e-01
-1.09 1.300000e+01 2.914037e-01
-1.09 1.350000e+01 2.914037e-01
-1.09 1.400000e+01 2.927658e-01

-1.08 7.000000e+00 2.884711e-01
-1.08 7.500000e+00 2.858271e-01
-1.08 8.000000e+00 2.858271e-01
-1.08 8.500000e+00 2.858271e-01
-1.08 9.000000e+00 2.858271e-01
-1.08 9.500000e+00 2.858271e-01
-1.08 1.000000e+01 2.858271e-01
-1.08 1.050000e+01 2.858271e-01
-1.08 1.100000e+01 2.858271e-01
-1.08 1.150000e+01 2.858271e-01
-1.08 1.200000e+01 2.858271e-01
-1.08 1.250000e+01 2.858271e-01
-1.08 1.300000e+01 2.858271e-01
-1.08 1.350000e+01 2.858271e-01
-1.08 1.400000e+01 2.884711e-01

-1.07 7.000000e+00 2.776810e-01
-1.07 7.500000e+00 2.802706e-01
-1.07 8.000000e+00 2.802706e-01
-1.07 8.500000e+00 2.802706e-01
-1.07 9.000000e+00 2.802706e-01
-1.07 9.500000e+00 2.802706e-01
-1.07 1.000000e+01 2.802706e-01
-1.07 1.050000e+01 2.802706e-01
-1.07 1.100000e+01 2.802706e-01
-1.07 1.150000e+01 2.802706e-01
-1.07 1.200000e+01 2.802706e-01
-1.07 1.250000e+01 2.802706e-01
-1.07 1.300000e+01 2.802706e-01
-1.07 1.350000e+01 2.802706e-01
-1.07 1.400000e+01 2.776810e-01

-1.06 7.000000e+00 2.740853e-01
-1.06 7.500000e+00 2.747351e-01
-1.06 8.000000e+00 2.747351e-01
-1.06 8.500000e+00 2.747351e-01
-1.06 9.000000e+00 2.747351e-01
-1.06 9.500000e+00 2.747351e-01
-1.06 1.000000e+01 2.747351e-01
-1.06 1.050000e+01 2.747351e-01
-1.06 1.100000e+01 2.747351e-01
-1.06 1.150000e+01 2.747351e-01
-1.06 1.200000e+01 2.747351e-01
-1.06 1.250000e+01 2.747351e-01
-1.06 1.300000e+01 2.747351e-01
-1.06 1.350000e+01 2.747351e-01
-1.06 1.400000e+01 2.740852e-01

-1.05 7.000000e+00 2.665969e-01
-1.05 7.500000e+00 2.692212e-01
-1.05 8.000000e+00 2.692212e-01
-1.05 8.500000e+00 2.692212e-01
-1.05 9.000000e+00 2.692212e-01
-1.05 9.500000e+00 2.692212e-01
-1.05 1.000000e+01 2.692212e-01
-1.05 1.050000e+01 2.692212e-01
-1.05 1.100000e+01 2.692212e-01
-1.05 1.150000e+01 2.692212e-01
-1.05 1.200000e+01 2.692212e-01
-1.05 1.250000e+01 2.692212e-01
-1.05 1.300000e+01 2.692212e-01
-1.05 1.350000e+01 2.692212e-01
-1.05 1.400000e+01 2.665968e-01

-1.04 7.000000e+00 2.648355e-01
-1.04 7.500000e+00 2.637298e-01
-1.04 8.000000e+00 2.637298e-01
-1.04 8.500000e+00 2.637298e-01
-1.04 9.000000e+00 2.637298e-01
-1.04 9.500000e+00 2.637298e-01
-1.04 1.000000e+01 2.637298e-01
-1.04 1.050000e+01 2.637298e-01
-1.04 1.100000e+01 2.637298e-01
-1.04 1.150000e+01 2.637298e-01
-1.04 1.200000e+01 2.637298e-01
-1.04 1.250000e+01 2.637298e-01
-1.04 1.300000e+01 2.637298e-01
-1.04 1.350000e+01 2.637298e-01
-1.04 1.400000e+01 2.648355e-01

-1.03 7.000000e+00 2.556508e-01
-1.03 7.500000e+00 2.582616e-01
-1.03 8.000000e+00 2.582616e-01
-1.03 8.500000e+00 2.582616e-01
-1.03 9.000000e+00 2.582616e-01
-1.03 9.500000e+00 2.582616e-01
-1.03 1.000000e+01 2.582616e-01
-1.03 1.050000e+01 2.582616e-01
-1.03 1.100000e+01 2.582616e-01
-1.03 1.150000e+01 2.582616e-01
-1.03 1.200000e+01 2.582616e-01
-1.03 1.250000e+01 2.582616e-01
-1.03 1.300000e+01 2.582616e-01
-1.03 1.350000e+01 2.582616e-01
-1.03 1.400000e+01 2.556507e-01

-1.02 7.000000e+00 2.501453e-01
-1.02 7.500000e+00 2.528173e-01
-1.02 8.000000e+00 2.528173e-01
-1.02 8.500000e+00 2.528173e-01
-1.02 9.000000e+00 2.528173e-01
-1.02 9.500000e+00 2.528173e-01
-1.02 1.000000e+01 2.528173e-01
-1.02 1.050000e+01 2.528173e-01
-1.02 1.100000e+01 2.528173e-01
-1.02 1.150000e+01 2.528173e-01
-1.02 1.200000e+01 2.528173e-01
-1.02 1.250000e+01 2.528173e-01
-1.02 1.300000e+01 2.528173e-01
-1.02 1.350000e+01 2.528173e-01
-1.02 1.400000e+01 2.501452e-01

-1.01 7.000000e+00 2.465349e-01
-1.01 7.500000e+00 2.473979e-01
-1.01 8.000000e+00 2.473979e-01
-1.01 8.500000e+00 2.473979e-01
-1.01 9.000000e+00 2.473979e-01
-1.01 9.500000e+00 2.473979e-01
-1.01 1.000000e+01 2.473979e-01
-1.01 1.050000e+01 2.473979e-01
-1.01 1.100000e+01 2.473979e-01
-1.01 1.150000e+01 2.473979e-01
-1.01 1.200000e+01 2.473979e-01
-1.01 1.250000e+01 2.473979e-01
-1.01 1.300000e+01 2.473979e-01
-1.01 1.350000e+01 2.473978e-01
-1.01 1.400000e+01 2.465349e-01

-1.00 7.000000e+00 2.420040e-01
-1.00 7.500000e+00 2.420040e-01
-1.00 8.000000e+00 2.420040e-01
-1.00 8.500000e+00 2.420040e-01
-1.00 9.000000e+00 2.420040e-01
-1.00 9.500000e+00 2.420040e-01
-1.00 1.000000e+01 2.420040e-01
-1.00 1.050000e+01 2.420040e-01
-1.00 1.100000e+01 2.420040e-01
-1.00 1.150000e+01 2.420040e-01
-1.00 1.200000e+01 2.420040e-01
-1.00 1.250000e+01 2.420040e-01
-1.00 1.300000e+01 2.420040e-01
-1.00 1.350000e+01 2.420040e-01
-1.00 1.400000e+01 2.420039e-01

-0.99 7.000000e+00 2.374919e-01
-0.99 7.500000e+00 2.366367e-01
-0.99 8.000000e+00 2.366367e-01
-0.99 8.500000e+00 2.366367e-01
-0.99 9.000000e+00 2.366367e-01
-0.99 9.500000e+00 2.366367e-01
-0.99 1.000000e+01 2.366367e-01
-0.99 1.050000e+01 2.366367e-01
-0.99 1.100000e+01 2.366367e-01
-0.99 1.150000e+01 2.366367e-01
-0.99 1.200000e+01 2.366367e-01
-0.99 1.250000e+01 2.366367e-01
-0.99 1.300000e+01 2.366367e-01
-0.99 1.350000e+01 2.366367e-01
-0.99 1.400000e+01 2.374917e-01

-0.98 7.000000e+00 2.339230e-01
-0.98 7.500000e+00 2.312968e-01
-0.98 8.000000e+00 2.312968e-01
-0.98 8.500000e+00 2.312968e-01
-0.98 9.000000e+00 2.312968e-01
-0.98 9.500000e+00 2.312968e-01
-0.98 1.000000e+01 2.312968e-01
-0.98 1.050000e+01 2.312968e-01
-0.98 1.100000e+01 2.312968e-01
-0.98 1.150000e+01 2.312968e-01
-0.98 1.200000e+01 2.312968e-01
-0.98 1.250000e+01 2.312968e-01
-0.98 1.300000e+01 2.312968e-01
-0.98 1.350000e+01 2.312967e-01
-0.98 1.400000e+01 2.339229e-01

-0.97 7.000000e+00 2.285258e-01
-0.97 7.500000e+00 2.259852e-01
-0.97 8.000000e+00 2.259852e-01
-0.97 8.500000e+00 2.259852e-01
-0.97 9.000000e+00 2.259852e-01
-0.97 9.500000e+00 2.259852e-01
-0.97 1.000000e+01 2.259852e-01
-0.97 1.050000e+01 2.259852e-01
-0.97 1.100000e+01 2.259852e-01
-0.97 1.150000e+01 2.259852e-01
-0.97 1.200000e+01 2.259852e-01
-0.97 1.250000e+01 2.259852e-01
-0.97 1.300000e+01 2.259852e-01
-0.97 1.350000e+01 2.259851e-01
-0.97 1.400000e+01 2.285256e-01

-0.96 7.000000e+00 2.196411e-01
-0.96 7.500000e+00 2.207029e-01
-0.96 8.000000e+00 2.207029e-01
-0.96 8.500000e+00 2.207029e-01
-0.96 9.000000e+00 2.207029e-01
-0.96 9.500000e+00 2.207029e-01
-0.96 1.000000e+01 2.207029e-01
-0.96 1.050000e+01 2.207029e-01
-0.96 1.100000e+01 2.207029e-01
-0.96 1.150000e+01 2.207029e-01
-0.96 1.200000e+01 2.207028e-01
-0.96 1.250000e+01 2.207028e-01
-0.96 1.300000e+01 2.207028e-01
-0.96 1.350000e+01 2.207027e-01
-0.96 1.400000e+01 2.196408e-01

-0.95 7.000000e+00 2.179542e-01
-0.95 7.500000e+00 2.154508e-01
-0.95 8.000000e+00 2.154508e-01
-0.95 8.500000e+00 2.154508e-01
-0.95 9.000000e+00 2.154508e-01
-0.95 9.500000e+00 2.154508e-01
-0.95 1.000000e+01 2.154508e-01
-0.95 1.050000e+01 2.154508e-01
-0.95 1.100000e+01 2.154508e-01
-0.95 1.150000e+01 2.154508e-01
-0.95 1.200000e+01 2.154508e-01
-0.95 1.250000e+01 2.154508e-01
-0.95 1.300000e+01 2.154507e-01
-0.95 1.350000e+01 2.154506e-01
-0.95 1.400000e+01 2.179538e-01

-0.94 7.000000e+00 2.108426e-01
-0.94 7.500000e+00 2.102300e-01
-0.94 8.000000e+00 2.102300e-01
-0.94 8.500000e+00 2.102300e-01
-0.94 9.000000e+00 2.102300e-01
-0.94 9.500000e+00 2.102300e-01
-0.94 1.000000e+01 2.102300e-01
-0.94 1.050000e+01 2.102300e-01
-0.94 1.100000e+01 2.102300e-01
-0.94 1.150000e+01 2.102300e-01
-0.94 1.200000e+01 2.102300e-01
-0.94 1.250000e+01 2.102300e-01
-0.94 1.300000e+01 2.102299e-01
-0.94 1.350000e+01 2.102298e-01
-0.94 1.400000e+01 2.108420e-01

-0.93 7.000000e+00 2.074622e-01
-0.93 7.500000e+00 2.050416e-01
-0.93 8.000000e+00 2.050416e-01
-0.93 8.500000e+00 2.050416e-01
-0.93 9.000000e+00 2.050416e-01
-0.93 9.500000e+00 2.050416e-01
-0.93 1.000000e+01 2.050416e-01
-0.93 1.050000e+01 2.050416e-01
-0.93 1.100000e+01 2.050416e-01
-0.93 1.150000e+01 2.050416e-01
-0.93 1.200000e+01 2.050416e-01
-0.93 1.250000e+01 2.050415e-01
-0.93 1.300000e+01 2.050415e-01
-0.93 1.350000e+01 2.050413e-01
-0.93 1.400000e+01 2.074615e-01

-0.92 7.000000e+00 1.974522e-01
-0.92 7.500000e+00 1.998866e-01
-0.92 8.000000e+00 1.998866e-01
-0.92 8.500000e+00 1.998866e-01
-0.92 9.000000e+00 1.998866e-01
-0.92 9.500000e+00 1.998866e-01
-0.92 1.000000e+01 1.998866e-01
-0.92 1.050000e+01 1.998866e-01
-0.92 1.100000e+01 1.998866e-01
-0.92 1.150000e+01 1.998866e-01
-0.92 1.200000e+01 1.998866e-01
-0.92 1.250000e+01 1.998865e-01
-0.92 1.300000e+01 1.998865e-01
-0.92 1.350000e+01 1.998862e-01
-0.92 1.400000e+01 1.974508e-01

-0.91 7.000000e+00 1.935237e-01
-0.91 7.500000e+00 1.947662e-01
-0.91 8.000000e+00 1.947662e-01
-0.91 8.500000e+00 1.947662e-01
-0.91 9.000000e+00 1.947662e-01
-0.91 9.500000e+00 1.947662e-01
-0.91 1.000000e+01 1.947662e-01
-0.91 1.050000e+01 1.947662e-01
-0.91 1.100000e+01 1.947662e-01
-0.91 1.150000e+01 1.947662e-01
-0.91 1.200000e+01 1.947661e-01
-0.91 1.250000e+01 1.947661e-01
-0.91 1.300000e+01 1.947660e-01
-0.91 1.350000e+01 1.947657e-01
-0.91 1.400000e+01 1.935220e-01

-0.90 7.000000e+00 1.919766e-01
-0.90 7.500000e+00 1.896815e-01
-0.90 8.000000e+00 1.896815e-01
-0.90 8.500000e+00 1.896815e-01
-0.90 9.000000e+00 1.896815e-01
-0.90 9.500000e+00 1.896815e-01
-0.90 1.000000e+01 1.896815e-01
-0.90 1.050000e+01 1.896815e-01
-0.90 1.100000e+01 1.896815e-01
-0.90 1.150000e+01 1.896815e-01
-0.90 1.200000e+01 1.896815e-01
-0.90 1.250000e+01 1.896814e-01
-0.90 1.300000e+01 1.896813e-01
-0.90 1.350000e+01 1.896808e-01
-0.90 1.400000e+01 1.919747e-01

-0.89 7.000000e+00 1.850142e-01
-0.89 7.500000e+00 1.846338e-01
-0.89 8.000000e+00 1.846338e-01
-0.89 8.500000e+00 1.846338e-01
-0.89 9.000000e+00 1.846338e-01
-0.89 9.500000e+00 1.846338e-01
-0.89 1.000000e+01 1.846338e-01
-0.89 1.050000e+01 1.846338e-01
-0.89 1.100000e+01 1.846338e-01
-0.89 1.150000e+01 1.846338e-01
-0.89 1.200000e+01 1.846338e-01
-0.89 1.250000e+01 1.846337e-01
-0.89 1.300000e+01 1.846335e-01
-0.89 1.350000e+01 1.846329e-01
-0.89 1.400000e+01 1.850113e-01

-0.88 7.000000e+00 1.818348e-01
-0.88 7.500000e+00 1.796243e-01
-0.88 8.000000e+00 1.796243e-01
-0.88 8.500000e+00 1.796243e-01
-0.88 9.000000e+00 1.796243e-01
-0.88 9.500000e+00 1.796243e-01
-0.88 1.000000e+01 1.796243e-01
-0.88 1.050000e+01 1.796243e-01
-0.88 1.100000e+01 1.796243e-01
-0.88 1.150000e+01 1.796243e-01
-0.88 1.200000e+01 1.796243e-01
-0.88 1.250000e+01 1.796242e-01
-0.88 1.300000e+01 1.796239e-01
-0.88 1.350000e+01 1.796230e-01
-0.88 1.400000e+01 1.818312e-01

-0.87 7.000000e+00 1.766125e-01
-0.87 7.500000e+00 1.746543e-01
-0.87 8.000000e+00 1.746543e-01
-0.87 8.500000e+00 1.746543e-01
-0.87 9.000000e+00 1.746543e-01
-0.87 9.500000e+00 1.746543e-01
-0.87 1.000000e+01 1.746543e-01
-0.87 1.050000e+01 1.746543e-01
-0.87 1.100000e+01 1.746543e-01
-0.87 1.150000e+01 1.746543e-01
-0.87 1.200000e+01 1.746543e-01
-0.87 1.250000e+01 1.746542e-01
-0.87 1.300000e+01 1.746538e-01
-0.87 1.350000e+01 1.746526e-01
-0.87 1.400000e+01 1.766076e-01

-0.86 7.000000e+00 1.683246e-01
-0.86 7.500000e+00 1.697252e-01
-0.86 8.000000e+00 1.697252e-01
-0.86 8.500000e+00 1.697252e-01
-0.86 9.000000e+00 1.697252e-01
-0.86 9.500000e+00 1.697252e-01
-0.86 1.000000e+01 1.697252e-01
-0.86 1.050000e+01 1.697252e-01
-0.86 1.100000e+01 1.697252e-01
-0.86 1.150000e+01 1.697252e-01
-0.86 1.200000e+01 1.697252e-01
-0.86 1.250000e+01 1.697250e-01
-0.86 1.300000e+01 1.697245e-01
-0.86 1.350000e+01 1.697229e-01
-0.86 1.400000e+01 1.683165e-01

-0.85 7.000000e+00 1.669205e-01
-0.85 7.500000e+00 1.648384e-01
-0.85 8.000000e+00 1.648384e-01
-0.85 8.500000e+00 1.648384e-01
-0.85 9.000000e+00 1.648384e-01
-0.85 9.500000e+00 1.648384e-01
-0.85 1.000000e+01 1.648384e-01
-0.85 1.050000e+01 1.648384e-01
-0.85 1.100000e+01 1.648384e-01
-0.85 1.150000e+01 1.648384e-01
-0.85 1.200000e+01 1.648383e-01
-0.85 1.250000e+01 1.648381e-01
-0.85 1.300000e+01 1.648374e-01
-0.85 1.350000e+01 1.648352e-01
-0.85 1.400000e+01 1.669116e-01

-0.84 7.000000e+00 1.601573e-01
-0.84 7.500000e+00 1.599953e-01
-0.84 8.000000e+00 1.599953e-01
-0.84 8.500000e+00 1.599953e-01
-0.84 9.000000e+00 1.599953e-01
-0.84 9.500000e+00 1.599953e-01
-0.84 1.000000e+01 1.599953e-01
-0.84 1.050000e+01 1.599953e-01
-0.84 1.100000e+01 1.599953e-01
-0.84 1.150000e+01 1.599952e-01
-0.84 1.200000e+01 1.599951e-01
-0.84 1.250000e+01 1.599948e-01
-0.84 1.300000e+01 1.599939e-01
-0.84 1.350000e+01 1.599909e-01
-0.84 1.400000e+01 1.601437e-01

-0.83 7.000000e+00 1.571929e-01
-0.83 7.500000e+00 1.551973e-01
-0.83 8.000000e+00 1.551973e-01
-0.83 8.500000e+00 1.551973e-01
-0.83 9.000000e+00 1.551973e-01
-0.83 9.500000e+00 1.551973e-01
-0.83 1.000000e+01 1.551973e-01
-0.83 1.050000e+01 1.551973e-01
-0.83 1.100000e+01 1.551973e-01
-0.83 1.150000e+01 1.551973e-01
-0.83 1.200000e+01 1.551971e-01
-0.83 1.250000e+01 1.551967e-01
-0.83 1.300000e+01 1.551955e-01
-0.83 1.350000e+01 1.551914e-01
-0.83 1.400000e+01 1.571764e-01

-0.82 7.000000e+00 1.521176e-01
-0.82 7.500000e+00 1.504461e-01
-0.82 8.000000e+00 1.504461e-01
-0.82 8.500000e+00 1.504461e-01
-0.82 9.000000e+00 1.504461e-01
-0.82 9.500000e+00 1.504461e-01
-0.82 1.000000e+01 1.504461e-01
-0.82 1.050000e+01 1.504461e-01
-0.82 1.100000e+01 1.504461e-01
-0.82 1.150000e+01 1.504460e-01
-0.82 1.200000e+01 1.504459e-01
-0.82 1.250000e+01 1.504453e-01
-0.82 1.300000e+01 1.504436e-01
-0.82 1.350000e+01 1.504381e-01
-0.82 1.400000e+01 1.520947e-01

-0.81 7.000000e+00 1.474115e-01
-0.81 7.500000e+00 1.457432e-01
-0.81 8.000000e+00 1.457432e-01
-0.81 8.500000e+00 1.457432e-01
-0.81 9.000000e+00 1.457432e-01
-0.81 9.500000e+00 1.457432e-01
-0.81 1.000000e+01 1.457432e-01
-0.81 1.050000e+01 1.457432e-01
-0.81 1.100000e+01 1.457432e-01
-0.81 1.150000e+01 1.457431e-01
-0.81 1.200000e+01 1.457429e-01
-0.81 1.250000e+01 1.457421e-01
-0.81 1.300000e+01 1.457398e-01
-0.81 1.350000e+01 1.457323e-01
-0.81 1.400000e+01 1.473805e-01

-0.80 7.000000e+00 1.429547e-01
-0.80 7.500000e+00 1.410903e-01
-0.80 8.000000e+00 1.410903e-01
-0.80 8.500000e+00 1.410903e-01
-0.80 9.000000e+00 1.410903e-01
-0.80 9.500000e+00 1.410903e-01
-0.80 1.000000e+01 1.410902e-01
-0.80 1.050000e+01 1.410902e-01
-0.80 1.100000e+01 1.410902e-01
-0.80 1.150000e+01 1.410901e-01
-0.80 1.200000e+01 1.410898e-01
-0.80 1.250000e+01 1.410888e-01
-0.80 1.300000e+01 1.410856e-01
-0.80 1.350000e+01 1.410755e-01
-0.80 1.400000e+01 1.429133e-01

-0.79 7.000000e+00 1.364505e-01
-0.79 7.500000e+00 1.364889e-01
-0.79 8.000000e+00 1.364889e-01
-0.79 8.500000e+00 1.364889e-01
-0.79 9.000000e+00 1.364889e-01
-0.79 9.500000e+00 1.364889e-01
-0.79 1.000000e+01 1.364889e-01
-0.79 1.050000e+01 1.364889e-01
-0.79 1.100000e+01 1.364889e-01
-0.79 1.150000e+01 1.364887e-01
-0.79 1.200000e+01 1.364883e-01
-0.79 1.250000e+01 1.364869e-01
-0.79 1.300000e+01 1.364826e-01
-0.79 1.350000e+01 1.364689e-01
-0.79 1.400000e+01 1.363870e-01

-0.78 7.000000e+00 1.337171e-01
-0.78 7.500000e+00 1.319410e-01
-0.78 8.000000e+00 1.319410e-01
-0.78 8.500000e+00 1.319410e-01
-0.78 9.000000e+00 1.319410e-01
-0.78 9.500000e+00 1.319410e-01
-0.78 1.000000e+01 1.319410e-01
-0.78 1.050000e+01 1.319410e-01
-0.78 1.100000e+01 1.319409e-01
-0.78 1.150000e+01 1.319407e-01
-0.78 1.200000e+01 1.319402e-01
-0.78 1.250000e+01 1.319383e-01
-0.78 1.300000e+01 1.319324e-01
-0.78 1.350000e+01 1.319139e-01
-0.78 1.400000e+01 1.336409e-01

-0.77 7.000000e+00 1.288391e-01
-0.77 7.500000e+00 1.274482e-01
-0.77 8.000000e+00 1.274482e-01
-0.77 8.500000e+00 1.274482e-01
-0.77 9.000000e+00 1.274482e-01
-0.77 9.500000e+00 1.274482e-01
-0.77 1.000000e+01 1.274482e-01
-0.77 1.050000e+01 1.274482e-01
-0.77 1.100000e+01 1.274481e-01
-0.77 1.150000e+01 1.274479e-01
-0.77 1.200000e+01 1.274471e-01
-0.77 1.250000e+01 1.274446e-01
-0.77 1.300000e+01 1.274367e-01
-0.77 1.350000e+01 1.274116e-01
-0.77 1.400000e+01 1.287335e-01

-0.76 7.000000e+00 1.213872e-01
-0.76 7.500000e+00 1.230125e-01
-0.76 8.000000e+00 1.230125e-01
-0.76 8.500000e+00 1.230125e-01
-0.76 9.000000e+00 1.230125e-01
-0.76 9.500000e+00 1.230125e-01
-0.76 1.000000e+01 1.230124e-01
-0.76 1.050000e+01 1.230124e-01
-0.76 1.100000e+01 1.230123e-01
-0.76 1.150000e+01 1.230120e-01
-0.76 1.200000e+01 1.230109e-01
-0.76 1.250000e+01 1.230075e-01
-0.76 1.300000e+01 1.229968e-01
-0.76 1.350000e+01 1.229629e-01
-0.76 1.400000e+01 1.212119e-01

-0.75 7.000000e+00 1.202781e-01
-0.75 7.500000e+00 1.186356e-01
-0.75 8.000000e+00 1.186356e-01
-0.75 8.500000e+00 1.186356e-01
-0.75 9.000000e+00 1.186356e-01
-0.75 9.500000e+00 1.186356e-01
-0.75 1.000000e+01 1.186356e-01
-0.75 1.050000e+01 1.186355e-01
-0.75 1.100000e+01 1.186354e-01
-0.75 1.150000e+01 1.186349e-01
-0.75 1.200000e+01 1.186335e-01
-0.75 1.250000e+01 1.186289e-01
-0.75 1.300000e+01 1.186145e-01
-0.75 1.350000e+01 1.185687e-01
-0.75 1.400000e+01 1.200890e-01

-0.74 7.000000e+00 1.141035e-01
-0.74 7.500000e+00 1.143195e-01
-0.74 8.000000e+00 1.143195e-01
-0.74 8.500000e+00 1.143195e-01
-0.74 9.000000e+00 1.143195e-01
-0.74 9.500000e+00 1.143195e-01
-0.74 1.000000e+01 1.143195e-01
-0.74 1.050000e+01 1.143194e-01
-0.74 1.100000e+01 1.143192e-01
-0.74 1.150000e+01 1.143186e-01
-0.74 1.200000e+01 1.143167e-01
-0.74 1.250000e+01 1.143105e-01
-0.74 1.300000e+01 1.142910e-01
-0.74 1.350000e+01 1.142293e-01
-0.74 1.400000e+01 1.138136e-01

-0.73 7.000000e+00 1.116190e-01
-0.73 7.500000e+00 1.100662e-01
-0.73 8.000000e+00 1.100662e-01
-0.73 8.500000e+00 1.100662e-01
-0.73 9.000000e+00 1.100662e-01
-0.73 9.500000e+00 1.100662e-01
-0.73 1.000000e+01 1.100662e-01
-0.73 1.050000e+01 1.100661e-01
-0.73 1.100000e+01 1.100658e-01
-0.73 1.150000e+01 1.100650e-01
-0.73 1.200000e+01 1.100624e-01
-0.73 1.250000e+01 1.100541e-01
-0.73 1.300000e+01 1.100278e-01
-0.73 1.350000e+01 1.099447e-01
-0.73 1.400000e+01 1.112740e-01

-0.72 7.000000e+00 1.069975e-01
-0.72 7.500000e+00 1.058777e-01
-0.72 8.000000e+00 1.058777e-01
-0.72 8.500000e+00 1.058777e-01
-0.72 9.000000e+00 1.058777e-01
-0.72 9.500000e+00 1.058777e-01
-0.72 1.000000e+01 1.058776e-01
-0.72 1.050000e+01 1.058775e-01
-0.72 1.100000e+01 1.058772e-01
-0.72 1.150000e+01 1.058761e-01
-0.72 1.200000e+01 1.058725e-01
-0.72 1.250000e+01 1.058614e-01
-0.72 1.300000e+01 1.058260e-01
-0.72 1.350000e+01 1.057141e-01
-0.72 1.400000e+01 1.065190e-01

-0.71 7.000000e+00 1.025193e-01
-0.71 7.500000e+00 1.017560e-01
-0.71 8.000000e+00 1.017560e-01
-0.71 8.500000e+00 1.017560e-01
-0.71 9.000000e+00 1.017560e-01
-0.71 9.500000e+00 1.017560e-01
-0.71 1.000000e+01 1.017560e-01
-0.71 1.050000e+01 1.017558e-01
-0.71 1.100000e+01 1.017553e-01
-0.71 1.150000e+01 1.017538e-01
-0.71 1.200000e+01 1.017491e-01
-0.71 1.250000e+01 1.017341e-01
-0.71 1.300000e+01 1.016866e-01
-0.71 1.350000e+01 1.015360e-01
-0.71 1.400000e+01 1.018595e-01

-0.70 7.000000e+00 9.911982e-02
-0.70 7.500000e+00 9.769606e-02
-0.70 8.000000e+00 9.769606e-02
-0.70 8.500000e+00 9.769606e-02
-0.70 9.000000e+00 9.769605e-02
-0.70 9.500000e+00 9.769603e-02
-0.70 1.000000e+01 9.769597e-02
-0.70 1.050000e+01 9.769577e-02
-0.70 1.100000e+01 9.769513e-02
-0.70 1.150000e+01 9.769310e-02
-0.70 1.200000e+01 9.768669e-02
-0.70 1.250000e+01 9.766640e-02
-0.70 1.300000e+01 9.760215e-02
-0.70 1.350000e+01 9.739858e-02
-0.70 1.400000e+01 9.827229e-02

-0.69 7.000000e+00 9.329724e-02
-0.69 7.500000e+00 9.366799e-02
-0.69 8.000000e+00 9.366799e-02
-0.69 8.500000e+00 9.366799e-02
-0.69 9.000000e+00 9.366798e-02
-0.69 9.500000e+00 9.366795e-02
-0.69 1.000000e+01 9.366786e-02
-0.69 1.050000e+01 9.366759e-02
-0.69 1.100000e+01 9.366672e-02
-0.69 1.150000e+01 9.366398e-02
-0.69 1.200000e+01 9.365529e-02
-0.69 1.250000e+01 9.362778e-02
-0.69 1.300000e+01 9.354069e-02
-0.69 1.350000e+01 9.326468e-02
-0.69 1.400000e+01 9.198025e-02

-0.68 7.000000e+00 9.103415e-02
-0.68 7.500000e+00 8.967321e-02
-0.68 8.000000e+00 8.967320e-02
-0.68 8.500000e+00 8.967320e-02
-0.68 9.000000e+00 8.967319e-02
-0.68 9.500000e+00 8.967315e-02
-0.68 1.000000e+01 8.967304e-02
-0.68 1.050000e+01 8.967266e-02
-0.68 1.100000e+01 8.967149e-02
-0.68 1.150000e+01 8.966778e-02
-0.68 1.200000e+01 8.965603e-02
-0.68 1.250000e+01 8.961882e-02
-0.68 1.300000e+01 8.950102e-02
-0.68 1.350000e+01 8.912755e-02
-0.68 1.400000e+01 8.947066e-02

-0.67 7.000000e+00 8.661139e-02
-0.67 7.500000e+00 8.571768e-02
-0.67 8.000000e+00 8.571768e-02
-0.67 8.500000e+00 8.571767e-02
-0.67 9.000000e+00 8.571766e-02
-0.67 9.500000e+00 8.571761e-02
-0.67 1.000000e+01 8.571745e-02
-0.67 1.050000e+01 8.571695e-02
-0.67 1.100000e+01 8.571537e-02
-0.67 1.150000e+01 8.571036e-02
-0.67 1.200000e+01 8.569450e-02
-0.67 1.250000e+01 8.564429e-02
-0.67 1.300000e+01 8.548530e-02
-0.67 1.350000e+01 8.498108e-02
-0.67 1.400000e+01 8.442366e-02

-0.66 7.000000e+00 8.005018e-02
-0.66 7.500000e+00 8.180769e-02
-0.66 8.000000e+00 8.180769e-02
-0.66 8.500000e+00 8.180768e-02
-0.66 9.000000e+00 8.180766e-02
-0.66 9.500000e+00 8.180759e-02
-0.66 1.000000e+01 8.180738e-02
-0.66 1.050000e+01 8.180670e-02
-0.66 1.100000e+01 8.180457e-02
-0.66 1.150000e+01 8.179783e-02
-0.66 1.200000e+01 8.177648e-02
-0.66 1.250000e+01 8.170889e-02
-0.66 1.300000e+01 8.149482e-02
-0.66 1.350000e+01 8.081572e-02
-0.66 1.400000e+01 7.644202e-02

-0.65 7.000000e+00 7.920376e-02
-0.65 7.500000e+00 7.794977e-02
-0.65 8.000000e+00 7.794977e-02
-0.65 8.500000e+00 7.794976e-02
-0.65 9.000000e+00 7.794973e-02
-0.65 9.500000e+00 7.794964e-02
-0.65 1.000000e+01 7.794936e-02
-0.65 1.050000e+01 7.794845e-02
-0.65 1.100000e+01 7.794559e-02
-0.65 1.150000e+01 7.793653e-02
-0.65 1.200000e+01 7.790787e-02
-0.65 1.250000e+01 7.781711e-02
-0.65 1.300000e+01 7.752962e-02
-0.65 1.350000e+01 7.661737e-02
-0.65 1.400000e+01 7.535438e-02

-0.64 7.000000e+00 7.568854e-02
-0.64 7.500000e+00 7.415068e-02
-0.64 8.000000e+00 7.415068e-02
-0.64 8.500000e+00 7.415067e-02
-0.64 9.000000e+00 7.415063e-02
-0.64 9.500000e+00 7.415051e-02
-0.64 1.000000e+01 7.415013e-02
-0.64 1.050000e+01 7.414892e-02
-0.64 1.100000e+01 7.414508e-02
-0.64 1.150000e+01 7.413295e-02
-0.64 1.200000e+01 7.409456e-02
-0.64 1.250000e+01 7.397302e-02
-0.64 1.300000e+01 7.358799e-02
-0.64 1.350000e+01 7.236615e-02
-0.64 1.400000e+01 7.065084e-02

-0.63 7.000000e+00 7.159171e-02
-0.63 7.500000e+00 7.041732e-02
-0.63 8.000000e+00 7.041732e-02
-0.63 8.500000e+00 7.041730e-02
-0.63 9.000000e+00 7.041725e-02
-0.63 9.500000e+00 7.041709e-02
-0.63 1.000000e+01 7.041658e-02
-0.63 1.050000e+01 7.041496e-02
-0.63 1.100000e+01 7.040985e-02
-0.63 1.150000e+01 7.039365e-02
-0.63 1.200000e+01 7.034238e-02
-0.63 1.250000e+01 7.018008e-02
-0.63 1.300000e+01 6.966591e-02
-0.63 1.350000e+01 6.803497e-02
-0.63 1.400000e+01 6.469976e-02

-0.62 7.000000e+00 6.742763e-02
-0.62 7.500000e+00 6.675666e-02
-0.62 8.000000e+00 6.675665e-02
-0.62 8.500000e+00 6.675663e-02
-0.62 9.000000e+00 6.675656e-02
-0.62 9.500000e+00 6.675635e-02
-0.62 1.000000e+01 6.675567e-02
-0.62 1.050000e+01 6.675351e-02
-0.62 1.100000e+01 6.674670e-02
-0.62 1.150000e+01 6.672514e-02
-0.62 1.200000e+01 6.665688e-02
-0.62 1.250000e+01 6.644080e-02
-0.62 1.300000e+01 6.575638e-02
-0.62 1.350000e+01 6.358815e-02
-0.62 1.400000e+01 5.797304e-02

-0.61 7.000000e+00 6.323563e-02
-0.61 7.500000e+00 6.317564e-02
-0.61 8.000000e+00 6.317563e-02
-0.61 8.500000e+00 6.317560e-02
-0.61 9.000000e+00 6.317551e-02
-0.61 9.500000e+00 6.317522e-02
-0.61 1.000000e+01 6.317432e-02
-0.61 1.050000e+01 6.317146e-02
-0.61 1.100000e+01 6.316242e-02
-0.61 1.150000e+01 6.313380e-02
-0.61 1.200000e+01 6.304321e-02
-0.61 1.250000e+01 6.275644e-02
-0.61 1.300000e+01 6.184856e-02
-0.61 1.350000e+01 5.898066e-02
-0.61 1.400000e+01 5.033803e-02

-0.60 7.000000e+00 6.072522e-02
-0.60 7.500000e+00 5.968109e-02
-0.60 8.000000e+00 5.968107e-02
-0.60 8.500000e+00 5.968104e-02
-0.60 9.000000e+00 5.968092e-02
-0.60 9.500000e+00 5.968054e-02
-0.60 1.000000e+01 5.967935e-02
-0.60 1.050000e+01 5.967557e-02
-0.60 1.100000e+01 5.966360e-02
-0.60 1.150000e+01 5.962573e-02
-0.60 1.200000e+01 5.950588e-02
-0.60 1.250000e+01 5.912659e-02
-0.60 1.300000e+01 5.792700e-02
-0.60 1.350000e+01 5.415913e-02
-0.60 1.400000e+01 4.531228e-02

-0.59 7.000000e+00 5.568950e-02
-0.59 7.500000e+00 5.627961e-02
-0.59 8.000000e+00 5.627959e-02
-0.59 8.500000e+00 5.627955e-02
-0.59 9.000000e+00 5.627939e-02
-0.59 9.500000e+00 5.627889e-02
-0.59 1.000000e+01 5.627731e-02
-0.59 1.050000e+01 5.627233e-02
-0.59 1.100000e+01 5.625655e-02
-0.59 1.150000e+01 5.620661e-02
-0.59 1.200000e+01 5.604859e-02
-0.59 1.250000e+01 5.554873e-02
-0.59 1.300000e+01 5.397080e-02
-0.59 1.350000e+01 4.906704e-02
-0.59 1.400000e+01 3.440095e-02

-0.58 7.000000e+00 5.392930e-02
-0.58 7.500000e+00 5.297748e-02
-0.58 8.000000e+00 5.297746e-02
-0.58 8.500000e+00 5.297739e-02
-0.58 9.000000e+00 5.297718e-02
-0.58 9.500000e+00 5.297653e-02
-0.58 1.000000e+01 5.297446e-02
-0.58 1.050000e+01 5.296791e-02
-0.58 1.100000e+01 5.294717e-02
-0.58 1.150000e+01 5.288155e-02
-0.58 1.200000e+01 5.267393e-02
-0.58 1.250000e+01 5.201770e-02
-0.58 1.300000e+01 4.995315e-02
-0.58 1.350000e+01 4.365857e-02
-0.58 1.400000e+01 3.048060e-02

-0.57 7.000000e+00 5.023058e-02
-0.57 7.500000e+00 4.978051e-02
-0.57 8.000000e+00 4.978048e-02
-0.57 8.500000e+00 4.978040e-02
-0.57 9.000000e+00 4.978013e-02
-0.57 9.500000e+00 4.977927e-02
-0.57 1.000000e+01 4.977656e-02
-0.57 1.050000e+01 4.976798e-02
-0.57 1.100000e+01 4.974082e-02
-0.57 1.150000e+01 4.965488e-02
-0.57 1.200000e+01 4.938310e-02
-0.57 1.250000e+01 4.852521e-02
-0.57 1.300000e+01 4.584185e-02
-0.57 1.350000e+01 3.792719e-02
-0.57 1.400000e+01 2.255191e-02

-0.56 7.000000e+00 4.755112e-02
-0.56 7.500000e+00 4.669398e-02
-0.56 8.000000e+00 4.669395e-02
-0.56 8.500000e+00 4.669384e-02
-0.56 9.000000e+00 4.669348e-02
-0.56 9.500000e+00 4.669237e-02
-0.56 1.000000e+01 4.668883e-02
-0.56 1.050000e+01 4.667763e-02
-0.56 1.100000e+01 4.664218e-02
-0.56 1.150000e+01 4.653005e-02
-0.56 1.200000e+01 4.617563e-02
-0.56 1.250000e+01 4.505935e-02
-0.56 1.300000e+01 4.160171e-02
-0.56 1.350000e+01 3.195159e-02
-0.56 1.400000e+01 1.741935e-02

-0.55 7.000000e+00 4.508133e-02
-0.55 7.500000e+00 4.372253e-02
-0.55 8.000000e+00 4.372248e-02
-0.55 8.500000e+00 4.372233e-02
-0.55 9.000000e+00 4.372188e-02
-0.55 9.500000e+00 4.372042e-02
-0.55 1.000000e+01 4.371582e-02
-0.55 1.050000e+01 4.370125e-02
-0.55 1.100000e+01 4.365516e-02
-0.55 1.150000e+01 4.350937e-02
-0.55 1.200000e+01 4.304904e-02
-0.55 1.250000e+01 4.160429e-02
-0.55 1.300000e+01 3.720102e-02
-0.55 1.350000e+01 2.594166e-02
-0.55 1.400000e+01 1.335015e-02

-0.54 7.000000e+00 4.153597e-02
-0.54 7.500000e+00 4.087003e-02
-0.54 8.000000e+00 4.086997e-02
-0.54 8.500000e+00 4.086978e-02
-0.54 9.000000e+00 4.086919e-02
-0.54 9.500000e+00 4.086730e-02
-0.54 1.000000e+01 4.086134e-02
-0.54 1.050000e+01 4.084246e-02
-0.54 1.100000e+01 4.078273e-02
-0.54 1.150000e+01 4.059391e-02
-0.54 1.200000e+01 3.999856e-02
-0.54 1.250000e+01 3.814045e-02
-0.54 1.300000e+01 3.262506e-02
-0.54 1.350000e+01 2.023355e-02
-0.54 1.400000e+01 8.731025e-03

-0.53 7.000000e+00 3.885476e-02
-0.53 7.500000e+00 3.813960e-02
-0.53 8.000000e+00 3.813953e-02
-0.53 8.500000e+00 3.813928e-02
-0.53 9.000000e+00 3.813851e-02
-0.53 9.500000e+00 3.813608e-02
-0.53 1.000000e+01 3.812837e-02
-0.53 1.050000e+01 3.810400e-02
-0.53 1.100000e+01 3.802688e-02
-0.53 1.150000e+01 3.778325e-02
-0.53 1.200000e+01 3.701682e-02
-0.53 1.250000e+01 3.464561e-02
-0.53 1.300000e+01 2.789918e-02
-0.53 1.350000e+01 1.518753e-02
-0.53 1.400000e+01 6.141106e-03

-0.52 7.000000e+00 3.579064e-02
-0.52 7.500000e+00 3.553350e-02
-0.52 8.000000e+00 3.553340e-02
-0.52 8.500000e+00 3.553308e-02
-0.52 9.000000e+00 3.553209e-02
-0.52 9.500000e+00 3.552896e-02
-0.52 1.000000e+01 3.551905e-02
-0.52 1.050000e+01 3.548767e-02
-0.52 1.100000e+01 3.538847e-02
-0.52 1.150000e+01 3.507536e-02
-0.52 1.200000e+01 3.409368e-02
-0.52 1.250000e+01 3.109776e-02
-0.52 1.300000e+01 2.311891e-02
-0.52 1.350000e+01 1.104066e-02
-0.52 1.400000e+01 3.981884e-03

-0.51 7.000000e+00 3.367680e-02
-0.51 7.500000e+00 3.305310e-02
-0.51 8.000000e+00 3.305298e-02
-0.51 8.500000e+00 3.305258e-02
-0.51 9.000000e+00 3.305131e-02
-0.51 9.500000e+00 3.304729e-02
-0.51 1.000000e+01 3.303457e-02
-0.51 1.050000e+01 3.299434e-02
-0.51 1.100000e+01 3.286718e-02
-0.51 1.150000e+01 3.246641e-02
-0.51 1.200000e+01 3.121628e-02
-0.51 1.250000e+01 2.748122e-02
-0.51 1.300000e+01 1.846893e-02
-0.51 1.350000e+01 7.837547e-03
-0.51 1.400000e+01 2.895359e-03

-0.50 7.000000e+00 3.167276e-02
-0.50 7.500000e+00 3.069894e-02
-0.50 8.000000e+00 3.069878e-02
-0.50 8.500000e+00 3.069827e-02
-0.50 9.000000e+00 3.069664e-02
-0.50 9.500000e+00 3.069151e-02
-0.50 1.000000e+01 3.067525e-02
-0.50 1.050000e+01 3.062384e-02
-0.50 1.100000e+01 3.046142e-02
-0.50 1.150000e+01 2.995065e-02
-0.50 1.200000e+01 2.836949e-02
-0.50 1.250000e+01 2.379751e-02
-0.50 1.300000e+01 1.419705e-02
-0.50 1.350000e+01 5.474328e-03
-0.50 1.400000e+01 2.106763e-03

-0.49 7.000000e+00 2.791082e-02
-0.49 7.500000e+00 2.847068e-02
-0.49 8.000000e+00 2.847047e-02
-0.49 8.500000e+00 2.846982e-02
-0.49 9.000000e+00 2.846775e-02
-0.49 9.500000e+00 2.846121e-02
-0.49 1.000000e+01 2.844049e-02
-0.49 1.050000e+01 2.837501e-02
-0.49 1.100000e+01 2.816833e-02
-0.49 1.150000e+01 2.752034e-02
-0.49 1.200000e+01 2.553720e-02
-0.49 1.250000e+01 2.008163e-02
-0.49 1.300000e+01 1.053052e-02
-0.49 1.350000e+01 3.783865e-03
-0.49 1.400000e+01 1.106785e-03

-0.48 7.000000e+00 2.686330e-02
-0.48 7.500000e+00 2.636717e-02
-0.48 8.000000e+00 2.636691e-02
-0.48 8.500000e+00 2.636608e-02
-0.48 9.000000e+00 2.636345e-02
-0.48 9.500000e+00 2.635514e-02
-0.48 1.000000e+01 2.632883e-02
-0.48 1.050000e+01 2.624569e-02
-0.48 1.100000e+01 2.598366e-02
-0.48 1.150000e+01 2.516578e-02
-0.48 1.200000e+01 2.270495e-02
-0.48 1.250000e+01 1.641947e-02
-0.48 1.300000e+01 7.586942e-03
-0.48 1.350000e+01 2.598271e-03
-0.48 1.400000e+01 9.138164e-04

-0.47 7.000000e+00 2.527791e-02
-0.47 7.500000e+00 2.438651e-02
-0.47 8.000000e+00 2.438618e-02
-0.47 8.500000e+00 2.438513e-02
-0.47 9.000000e+00 2.438180e-02
-0.47 9.500000e+00 2.437127e-02
-0.47 1.000000e+01 2.433797e-02
-0.47 1.050000e+01 2.423276e-02
-0.47 1.100000e+01 2.390181e-02
-0.47 1.150000e+01 2.287548e-02
-0.47 1.200000e+01 1.986486e-02
-0.47 1.250000e+01 1.295208e-02
-0.47 1.300000e+01 5.351546e-03
-0.47 1.350000e+01 1.776887e-03
-0.47 1.400000e+01 6.758163e-04

-0.46 7.000000e+00 2.294575e-02
-0.46 7.500000e+00 2.252611e-02
-0.46 8.000000e+00 2.252569e-02
-0.46 8.500000e+00 2.252436e-02
-0.46 9.000000e+00 2.252016e-02
-0.46 9.500000e+00 2.250687e-02
-0.46 1.000000e+01 2.246483e-02
-0.46 1.050000e+01 2.233213e-02
-0.46 1.100000e+01 2.191580e-02
-0.46 1.150000e+01 2.063675e-02
-0.46 1.200000e+01 1.702364e-02
-0.46 1.250000e+01 9.847366e-03
-0.46 1.300000e+01 3.721485e-03
-0.46 1.350000e+01 1.212093e-03
-0.46 1.400000e+01 4.211278e-04

-0.45 7.000000e+00 2.142863e-02
-0.45 7.500000e+00 2.078278e-02
-0.45 8.000000e+00 2.078225e-02
-0.45 8.500000e+00 2.078057e-02
-0.45 9.000000e+00 2.077528e-02
-0.45 9.500000e+00 2.075854e-02
-0.45 1.000000e+01 2.070563e-02
-0.45 1.050000e+01 2.053879e-02
-0.45 1.100000e+01 2.001731e-02
-0.45 1.150000e+01 1.843686e-02
-0.45 1.200000e+01 1.421328e-02
-0.45 1.250000e+01 7.240459e-03
-0.45 1.300000e+01 2.564607e-03
-0.45 1.350000e+01 8.255226e-04
-0.45 1.400000e+01 3.029665e-04

-0.44 7.000000e+00 1.926000e-02
-0.44 7.500000e+00 1.915279e-02
-0.44 8.000000e+00 1.915212e-02
-0.44 8.500000e+00 1.915002e-02
-0.44 9.000000e+00 1.914338e-02
-0.44 9.500000e+00 1.912235e-02
-0.44 1.000000e+01 1.905593e-02
-0.44 1.050000e+01 1.884684e-02
-0.44 1.100000e+01 1.819681e-02
-0.44 1.150000e+01 1.626519e-02
-0.44 1.200000e+01 1.150045e-02
-0.44 1.250000e+01 5.182825e-03
-0.44 1.300000e+01 1.757486e-03
-0.44 1.350000e+01 5.616865e-04
-0.44 1.400000e+01 1.826169e-04

-0.43 7.000000e+00 1.795183e-02
-0.43 7.500000e+00 1.763200e-02
-0.43 8.000000e+00 1.763117e-02
-0.43 8.500000e+00 1.762853e-02
-0.43 9.000000e+00 1.762021e-02
-0.43 9.500000e+00 1.759387e-02
-0.43 1.000000e+01 1.751072e-02
-0.43 1.050000e+01 1.724956e-02
-0.43 1.100000e+01 1.644379e-02
-0.43 1.150000e+01 1.411694e-02
-0.43 1.200000e+01 8.984769e-03
-0.43 1.250000e+01 3.639132e-03
-0.43 1.300000e+01 1.200261e-03
-0.43 1.350000e+01 3.819349e-04
-0.43 1.400000e+01 1.313935e-04

-0.42 7.000000e+00 1.623921e-02
-0.42 7.500000e+00 1.621592e-02
-0.42 8.000000e+00 1.621488e-02
-0.42 8.500000e+00 1.621159e-02
-0.42 9.000000e+00 1.620118e-02
-0.42 9.500000e+00 1.616827e-02
-0.42 1.000000e+01 1.606446e-02
-0.42 1.050000e+01 1.573942e-02
-0.42 1.100000e+01 1.474730e-02
-0.42 1.150000e+01 1.199870e-02
-0.42 1.200000e+01 6.775096e-03
-0.42 1.250000e+01 2.522788e-03
-0.42 1.300000e+01 8.180011e-04
-0.42 1.350000e+01 2.596051e-04
-0.42 1.400000e+01 8.264410e-05

-0.41 7.000000e+00 1.516342e-02
-0.41 7.500000e+00 1.489981e-02
-0.41 8.000000e+00 1.489851e-02
-0.41 8.500000e+00 1.489440e-02
-0.41 9.000000e+00 1.488142e-02
-0.41 9.500000e+00 1.484039e-02
-0.41 1.000000e+01 1.471113e-02
-0.41 1.050000e+01 1.430817e-02
-0.41 1.100000e+01 1.309685e-02
-0.41 1.150000e+01 9.935319e-03
-0.41 1.200000e+01 4.949443e-03
-0.41 1.250000e+01 1.734893e-03
-0.41 1.300000e+01 5.567731e-04
-0.41 1.350000e+01 1.764116e-04
-0.41 1.400000e+01 6.040258e-05

-0.40 7.000000e+00 1.407936e-02
-0.40 7.500000e+00 1.367874e-02
-0.40 8.000000e+00 1.367713e-02
-0.40 8.500000e+00 1.367202e-02
-0.40 9.000000e+00 1.365585e-02
-0.40 9.500000e+00 1.360481e-02
-0.40 1.000000e+01 1.344430e-02
-0.40 1.050000e+01 1.294694e-02
-0.40 1.100000e+01 1.148408e-02
-0.40 1.150000e+01 7.974854e-03
-0.40 1.200000e+01 3.526171e-03
-0.40 1.250000e+01 1.187222e-03
-0.40 1.300000e+01 3.786712e-04
-0.40 1.350000e+01 1.198589e-04
-0.40 1.400000e+01 4.314757e-05

-0.39 7.000000e+00 1.217864e-02
-0.39 7.500000e+00 1.254770e-02
-0.39 8.000000e+00 1.254569e-02
-0.39 8.500000e+00 1.253935e-02
-0.39 9.000000e+00 1.251927e-02
-0.39 9.500000e+00 1.245590e-02
-0.39 1.000000e+01 1.225716e-02
-0.39 1.050000e+01 1.164651e-02
-0.39 1.100000e+01 9.905406e-03
-0.39 1.150000e+01 6.185003e-03
-0.39 1.200000e+01 2.467763e-03
-0.39 1.250000e+01 8.100393e-04
-0.39 1.300000e+01 2.574158e-04
-0.39 1.350000e+01 8.142673e-05
-0.39 1.400000e+01 2.252472e-05

-0.38 7.000000e+00 1.169581e-02
-0.38 7.500000e+00 1.150163e-02
-0.38 8.000000e+00 1.149914e-02
-0.38 8.500000e+00 1.149127e-02
-0.38 9.000000e+00 1.146637e-02
-0.38 9.500000e+00 1.138789e-02
-0.38 1.000000e+01 1.114256e-02
-0.38 1.050000e+01 1.039765e-02
-0.38 1.100000e+01 8.365815e-03
-0.38 1.150000e+01 4.635157e-03
-0.38 1.200000e+01 1.706934e-03
-0.38 1.250000e+01 5.517082e-04
-0.38 1.300000e+01 1.749349e-04
-0.38 1.350000e+01 5.531383e-05
-0.38 1.400000e+01 1.882060e-05

-0.37 7.000000e+00 1.080689e-02
-0.37 7.500000e+00 1.053550e-02
-0.37 8.000000e+00 1.053242e-02
-0.37 8.500000e+00 1.052267e-02
-0.37 9.000000e+00 1.049185e-02
-0.37 9.500000e+00 1.039484e-02
-0.37 1.000000e+01 1.009307e-02
-0.37 1.050000e+01 9.191853e-03
-0.37 1.100000e+01 6.883258e-03
-0.37 1.150000e+01 3.369862e-03
-0.37 1.200000e+01 1.172089e-03
-0.37 1.250000e+01 3.753612e-04
-0.37 1.300000e+01 1.188597e-04
-0.37 1.350000e+01 3.757341e-05
-0.37 1.400000e+01 1.327327e-05

-0.36 7.000000e+00 9.801390e-03
-0.36 7.500000e+00 9.644351e-03
-0.36 8.000000e+00 9.640539e-03
-0.36 8.500000e+00 9.628480e-03
-0.36 9.000000e+00 9.590402e-03
-0.36 9.500000e+00 9.470771e-03
-0.36 1.000000e+01 9.101067e-03
-0.36 1.050000e+01 8.022498e-03
-0.36 1.100000e+01 5.491215e-03
-0.36 1.150000e+01 2.392419e-03
-0.36 1.200000e+01 8.012874e-04
-0.36 1.250000e+01 2.552169e-04
-0.36 1.300000e+01 8.074946e-05
-0.36 1.350000e+01 2.552198e-05
-0.36 1.400000e+01 8.649299e-06

-0.35 7.000000e+00 9.059202e-03
-0.35 7.500000e+00 8.823323e-03
-0.35 8.000000e+00 8.818614e-03
-0.35 8.500000e+00 8.803726e-03
-0.35 9.000000e+00 8.756755e-03
-0.35 9.500000e+00 8.609583e-03
-0.35 1.000000e+01 8.158899e-03
-0.35 1.050000e+01 6.886727e-03
-0.35 1.100000e+01 4.235030e-03
-0.35 1.150000e+01 1.670262e-03
-0.35 1.200000e+01 5.463560e-04
-0.35 1.250000e+01 1.734599e-04
-0.35 1.300000e+01 5.485433e-05
-0.35 1.350000e+01 1.733562e-05
-0.35 1.400000e+01 6.137796e-06

-0.34 7.000000e+00 7.996231e-03
-0.34 7.500000e+00 8.067713e-03
-0.34 8.000000e+00 8.061905e-03
-0.34 8.500000e+00 8.043550e-03
-0.34 9.000000e+00 7.985705e-03
-0.34 9.500000e+00 7.805140e-03
-0.34 1.000000e+01 7.259152e-03
-0.34 1.050000e+01 5.788011e-03
-0.34 1.100000e+01 3.158855e-03
-0.34 1.150000e+01 1.153429e-03
-0.34 1.200000e+01 3.719529e-04
-0.34 1.250000e+01 1.178647e-04
-0.34 1.300000e+01 3.726149e-05
-0.34 1.350000e+01 1.177494e-05
-0.34 1.400000e+01 3.577103e-06

-0.33 7.000000e+00 7.486350e-03
-0.33 7.500000e+00 7.372983e-03
-0.33 8.000000e+00 7.365829e-03
-0.33 8.500000e+00 7.343228e-03
-0.33 9.000000e+00 7.272118e-03
-0.33 9.500000e+00 7.051278e-03
-0.33 1.000000e+01 6.395164e-03
-0.33 1.050000e+01 4.738949e-03
-0.33 1.100000e+01 2.288134e-03
-0.33 1.150000e+01 7.911635e-04
-0.33 1.200000e+01 2.529883e-04
-0.33 1.250000e+01 8.007629e-05
-0.33 1.300000e+01 2.531019e-05
-0.33 1.350000e+01 7.997863e-06
-0.33 1.400000e+01 2.694528e-06

-0.32 7.000000e+00 6.696624e-03
-0.32 7.500000e+00 6.734782e-03
-0.32 8.000000e+00 6.725979e-03
-0.32 8.500000e+00 6.698189e-03
-0.32 9.000000e+00 6.610936e-03
-0.32 9.500000e+00 6.341853e-03
-0.32 1.000000e+01 5.561845e-03
-0.32 1.050000e+01 3.762571e-03
-0.32 1.100000e+01 1.620136e-03
-0.32 1.150000e+01 5.404872e-04
-0.32 1.200000e+01 1.719788e-04
-0.32 1.250000e+01 5.439806e-05
-0.32 1.300000e+01 1.719179e-05
-0.32 1.350000e+01 5.432337e-06
-0.32 1.400000e+01 1.672401e-06

-0.31 7.000000e+00 6.240250e-03
-0.31 7.500000e+00 6.148960e-03
-0.31 8.000000e+00 6.138140e-03
-0.31 8.500000e+00 6.104013e-03
-0.31 9.000000e+00 5.997173e-03
-0.31 9.500000e+00 5.670852e-03
-0.31 1.000000e+01 4.756968e-03
-0.31 1.050000e+01 2.889182e-03
-0.31 1.100000e+01 1.129030e-03
-0.31 1.150000e+01 3.683573e-04
-0.31 1.200000e+01 1.168711e-04
-0.31 1.250000e+01 3.695194e-05
-0.31 1.300000e+01 1.167725e-05
-0.31 1.350000e+01 3.689756e-06
-0.31 1.400000e+01 1.238261e-06

-0.30 7.000000e+00 5.746682e-03
-0.30 7.500000e+00 5.611572e-03
-0.30 8.000000e+00 5.598287e-03
-0.30 8.500000e+00 5.556435e-03
-0.30 9.000000e+00 5.425926e-03
-0.30 9.500000e+00 5.032581e-03
-0.30 1.000000e+01 3.982908e-03
-0.30 1.050000e+01 2.147039e-03
-0.30 1.100000e+01 7.787245e-04
-0.30 1.150000e+01 2.506958e-04
-0.30 1.200000e+01 7.940607e-05
-0.30 1.250000e+01 2.510007e-05
-0.30 1.300000e+01 7.931517e-06
-0.30 1.350000e+01 2.506153e-06
-0.30 1.400000e+01 8.729745e-07

-0.29 7.000000e+00 4.926169e-03
-0.29 7.500000e+00 5.118886e-03
-0.29 8.000000e+00 5.102590e-03
-0.29 8.500000e+00 5.051337e-03
-0.29 9.000000e+00 4.892374e-03
-0.29 9.500000e+00 4.422011e-03
-0.29 1.000000e+01 3.248445e-03
-0.29 1.050000e+01 1.550743e-03
-0.29 1.100000e+01 5.337198e-04
-0.29 1.150000e+01 1.704788e-04
-0.29 1.200000e+01 5.394458e-05
-0.29 1.250000e+01 1.704912e-05
-0.29 1.300000e+01 5.387275e-06
-0.29 1.350000e+01 1.702223e-06
-0.29 1.400000e+01 4.556820e-07

-0.28 7.000000e+00 4.734690e-03
-0.28 7.500000e+00 4.667375e-03
-0.28 8.000000e+00 4.647407e-03
-0.28 8.500000e+00 4.584743e-03
-0.28 9.000000e+00 4.391809e-03
-0.28 9.500000e+00 3.835357e-03
-0.28 1.000000e+01 2.569385e-03
-0.28 1.050000e+01 1.095738e-03
-0.28 1.100000e+01 3.644241e-04
-0.28 1.150000e+01 1.158739e-04
-0.28 1.200000e+01 3.664459e-05
-0.28 1.250000e+01 1.158037e-05
-0.28 1.300000e+01 3.659150e-06
-0.28 1.350000e+01 1.156179e-06
-0.28 1.400000e+01 3.857477e-07

-0.27 7.000000e+00 4.308491e-03
-0.27 7.500000e+00 4.253721e-03
-0.27 8.000000e+00 4.229277e-03
-0.27 8.500000e+00 4.152801e-03
-0.27 9.000000e+00 3.919699e-03
-0.27 9.500000e+00 3.270961e-03
-0.27 1.000000e+01 1.966046e-03
-0.27 1.050000e+01 7.625089e-04
-0.27 1.100000e+01 2.482812e-04
-0.27 1.150000e+01 7.873689e-05
-0.27 1.200000e+01 2.489155e-05
-0.27 1.250000e+01 7.865717e-06
-0.27 1.300000e+01 2.485364e-06
-0.27 1.350000e+01 7.852956e-07
-0.27 1.400000e+01 2.597797e-07

-0.26 7.000000e+00 3.931683e-03
-0.26 7.500000e+00 3.874800e-03
-0.26 8.000000e+00 3.844910e-03
-0.26 8.500000e+00 3.751782e-03
-0.26 9.000000e+00 3.471819e-03
-0.26 9.500000e+00 2.730476e-03
-0.26 1.000000e+01 1.456657e-03
-0.26 1.050000e+01 5.254335e-04
-0.26 1.100000e+01 1.689372e-04
-0.26 1.150000e+01 5.349315e-05
-0.26 1.200000e+01 1.690758e-05
-0.26 1.250000e+01 5.342585e-06
-0.26 1.300000e+01 1.688104e-06
-0.26 1.350000e+01 5.333853e-07
-0.26 1.400000e+01 1.772679e-07

-0.25 7.000000e+00 3.609233e-03
-0.25 7.500000e+00 3.527679e-03
-0.25 8.000000e+00 3.491175e-03
-0.25 8.500000e+00 3.378072e-03
-0.25 9.000000e+00 3.044488e-03
-0.25 9.500000e+00 2.220025e-03
-0.25 1.000000e+01 1.049645e-03
-0.25 1.050000e+01 3.599025e-04
-0.25 1.100000e+01 1.148644e-04
-0.25 1.150000e+01 3.633913e-05
-0.25 1.200000e+01 1.148427e-05
-0.25 1.250000e+01 3.628796e-06
-0.25 1.300000e+01 1.146589e-06
-0.25 1.350000e+01 3.622837e-07
-0.25 1.400000e+01 1.241599e-07

-0.24 7.000000e+00 3.142992e-03
-0.24 7.500000e+00 3.209601e-03
-0.24 8.000000e+00 3.165081e-03
-0.24 8.500000e+00 3.028189e-03
-0.24 9.000000e+00 2.634971e-03
-0.24 9.500000e+00 1.750483e-03
-0.24 1.000000e+01 7.404223e-04
-0.24 1.050000e+01 2.456460e-04
-0.24 1.100000e+01 7.806547e-05
-0.24 1.150000e+01 2.468451e-05
-0.24 1.200000e+01 7.800456e-06
-0.24 1.250000e+01 2.464748e-06
-0.24 1.300000e+01 7.787817e-07
-0.24 1.350000e+01 2.460687e-07
-0.24 1.400000e+01 7.000661e-08

-0.23 7.000000e+00 2.967348e-03
-0.23 7.500000e+00 2.917975e-03
-0.23 8.000000e+00 2.863770e-03
-0.23 8.500000e+00 2.698820e-03
-0.23 9.000000e+00 2.242086e-03
-0.23 9.500000e+00 1.335532e-03
-0.23 1.000000e+01 5.146643e-04
-0.23 1.050000e+01 1.673162e-04
-0.23 1.100000e+01 5.304250e-05
-0.23 1.150000e+01 1.676712e-05
-0.23 1.200000e+01 5.298262e-06
-0.23 1.250000e+01 1.674101e-06
-0.23 1.300000e+01 5.289610e-07
-0.23 1.350000e+01 1.671337e-07
-0.23 1.400000e+01 5.522300e-08

-0.22 7.000000e+00 2.633627e-03
-0.22 7.500000e+00 2.650363e-03
-0.22 8.000000e+00 2.584498e-03
-0.22 8.500000e+00 2.386907e-03
-0.22 9.000000e+00 1.867008e-03
-0.22 9.500000e+00 9.870262e-04
-0.22 1.000000e+01 3.543850e-04
-0.22 1.050000e+01 1.138280e-04
-0.22 1.100000e+01 3.603508e-05
-0.22 1.150000e+01 1.138893e-05
-0.22 1.200000e+01 3.598694e-06
-0.22 1.250000e+01 1.137078e-06
-0.22 1.300000e+01 3.592786e-07
-0.22 1.350000e+01 1.135198e-07
-0.22 1.400000e+01 3.382989e-08

-0.21 7.000000e+00 2.454707e-03
-0.21 7.500000e+00 2.404462e-03
-0.21 8.000000e+00 2.324636e-03
-0.21 8.500000e+00 2.089818e-03
-0.21 9.000000e+00 1.514028e-03
-0.21 9.500000e+00 7.098434e-04
-0.21 1.000000e+01 2.426258e-04
-0.21 1.050000e+01 7.738621e-05
-0.21 1.100000e+01 2.447877e-05
-0.21 1.150000e+01 7.735722e-06
-0.21 1.200000e+01 2.444302e-06
-0.21 1.250000e+01 7.723217e-07
-0.21 1.300000e+01 2.440276e-07
-0.21 1.350000e+01 7.710435e-08
-0.21 1.400000e+01 2.537736e-08

-0.20 7.000000e+00 2.282143e-03
-0.20 7.500000e+00 2.178094e-03
-0.20 8.000000e+00 2.081669e-03
-0.20 8.500000e+00 1.805618e-03
-0.20 9.000000e+00 1.190649e-03
-0.20 9.500000e+00 5.000226e-04
-0.20 1.000000e+01 1.655510e-04
-0.20 1.050000e+01 5.259050e-05
-0.20 1.100000e+01 1.662767e-05
-0.20 1.150000e+01 5.254303e-06
-0.20 1.200000e+01 1.660214e-06
-0.20 1.250000e+01 5.245733e-07
-0.20 1.300000e+01 1.657473e-07
-0.20 1.350000e+01 5.237045e-08
-0.20 1.400000e+01 1.886569e-08

-0.19 7.000000e+00 2.025895e-03
-0.19 7.500000e+00 1.969190e-03
-0.19 8.000000e+00 1.853225e-03
-0.19 8.500000e+00 1.533494e-03
-0.19 9.000000e+00 9.061291e-04
-0.19 9.500000e+00 3.472358e-04
-0.19 1.000000e+01 1.127398e-04
-0.19 1.050000e+01 3.573162e-05
-0.19 1.100000e+01 1.129432e-05
-0.19 1.150000e+01 3.568838e-06
-0.19 1.200000e+01 1.127646e-06
-0.19 1.250000e+01 3.562984e-07
-0.19 1.300000e+01 1.125781e-07
-0.19 1.350000e+01 3.557081e-08
-0.19 1.400000e+01 1.166200e-08

-0.18 7.000000e+00 1.910378e-03
-0.18 7.500000e+00 1.775780e-03
-0.18 8.000000e+00 1.637134e-03
-0.18 8.500000e+00 1.274300e-03
-0.18 9.000000e+00 6.682229e-04
-0.18 9.500000e+00 2.389528e-04
-0.18 1.000000e+01 7.668951e-05
-0.18 1.050000e+01 2.427400e-05
-0.18 1.100000e+01 7.671502e-06
-0.18 1.150000e+01 2.424025e-06
-0.18 1.200000e+01 7.659153e-07
-0.18 1.250000e+01 2.420034e-07
-0.18 1.300000e+01 7.646478e-08
-0.18 1.350000e+01 2.416023e-08
-0.18 1.400000e+01 9.217636e-09

-0.17 7.000000e+00 1.643742e-03
-0.17 7.500000e+00 1.595985e-03
-0.17 8.000000e+00 1.431540e-03
-0.17 8.500000e+00 1.031054e-03
-0.17 9.000000e+00 4.797528e-04
-0.17 9.500000e+00 1.635339e-04
-0.17 1.000000e+01 5.213347e-05
-0.17 1.050000e+01 1.648909e-05
-0.17 1.100000e+01 5.210699e-06
-0.17 1.150000e+01 1.646442e-06
-0.17 1.200000e+01 5.202219e-07
-0.17 1.250000e+01 1.643724e-07
-0.17 1.300000e+01 5.193604e-08
-0.17 1.350000e+01 1.641000e-08
-0.17 1.400000e+01 5.084007e-09

-0.16 7.000000e+00 1.507708e-03
-0.16 7.500000e+00 1.428021e-03
-0.16 8.000000e+00 1.235098e-03
-0.16 8.500000e+00 8.089493e-04
-0.16 9.000000e+00 3.375342e-04
-0.16 9.500000e+00 1.115575e-04
-0.16 1.000000e+01 3.542735e-05
-0.16 1.050000e+01 1.120038e-05
-0.16 1.100000e+01 3.539228e-06
-0.16 1.150000e+01 1.118292e-06
-0.16 1.200000e+01 3.533429e-07
-0.16 1.250000e+01 1.116443e-07
-0.16 1.300000e+01 3.527575e-08
-0.16 1.350000e+01 1.114592e-08
-0.16 1.400000e+01 3.632976e-09

-0.15 7.000000e+00 1.368933e-03
-0.15 7.500000e+00 1.270214e-03
-0.15 8.000000e+00 1.047264e-03
-0.15 8.500000e+00 6.142700e-04
-0.15 9.000000e+00 2.342080e-04
-0.15 9.500000e+00 7.595904e-05
-0.15 1.000000e+01 2.406966e-05
-0.15 1.050000e+01 7.607774e-06
-0.15 1.100000e+01 2.403915e-06
-0.15 1.150000e+01 7.595620e-07
-0.15 1.200000e+01 2.399960e-07
-0.15 1.250000e+01 7.583051e-08
-0.15 1.300000e+01 2.395983e-08
-0.15 1.350000e+01 7.570478e-09
-0.15 1.400000e+01 2.511531e-09

-0.14 7.000000e+00 1.227001e-03
-0.14 7.500000e+00 1.121041e-03
-0.14 8.000000e+00 8.686677e-04
-0.14 8.500000e+00 4.521150e-04
-0.14 9.000000e+00 1.610889e-04
-0.14 9.500000e+00 5.166514e-05
-0.14 1.000000e+01 1.635119e-05
-0.14 1.050000e+01 5.167441e-06
-0.14 1.100000e+01 1.632784e-06
-0.14 1.150000e+01 5.159067e-07
-0.14 1.200000e+01 1.630090e-07
-0.14 1.250000e+01 5.150524e-08
-0.14 1.300000e+01 1.627388e-08
-0.14 1.350000e+01 5.141984e-09
-0.14 1.400000e+01 1.669509e-09

-0.13 7.000000e+00 1.148094e-03
-0.13 7.500000e+00 9.792124e-04
-0.13 8.000000e+00 7.014397e-04
-0.13 8.500000e+00 3.241056e-04
-0.13 9.000000e+00 1.102103e-04
-0.13 9.500000e+00 3.511986e-05
-0.13 1.000000e+01 1.110705e-05
-0.13 1.050000e+01 3.509857e-06
-0.13 1.100000e+01 1.109015e-06
-0.13 1.150000e+01 3.504120e-07
-0.13 1.200000e+01 1.107182e-07
-0.13 1.250000e+01 3.498314e-08
-0.13 1.300000e+01 1.105347e-08
-0.13 1.350000e+01 3.492513e-09
-0.13 1.400000e+01 1.310986e-09

-0.12 7.000000e+00 9.520396e-04
-0.12 7.500000e+00 8.438023e-04
-0.12 8.000000e+00 5.491812e-04
-0.12 8.500000e+00 2.277816e-04
-0.12 9.000000e+00 7.516712e-05
-0.12 9.500000e+00 2.386484e-05
-0.12 1.000000e+01 7.544507e-06
-0.12 1.050000e+01 2.383970e-06
-0.12 1.100000e+01 7.532614e-07
-0.12 1.150000e+01 2.380053e-07
-0.12 1.200000e+01 7.520150e-08
-0.12 1.250000e+01 2.376108e-08
-0.12 1.300000e+01 7.507682e-09
-0.12 1.350000e+01 2.372168e-09
-0.12 1.400000e+01 6.843171e-10

-0.11 7.000000e+00 8.753435e-04
-0.11 7.500000e+00 7.144549e-04
-0.11 8.000000e+00 4.161689e-04
-0.11 8.500000e+00 1.579402e-04
-0.11 9.000000e+00 5.117482e-05
-0.11 9.500000e+00 1.621360e-05
-0.11 1.000000e+01 5.124517e-06
-0.11 1.050000e+01 1.619238e-06
-0.11 1.100000e+01 5.116272e-07
-0.11 1.150000e+01 1.616568e-07
-0.11 1.200000e+01 5.107800e-08
-0.11 1.250000e+01 1.613889e-08
-0.11 1.300000e+01 5.099331e-09
-0.11 1.350000e+01 1.611213e-09
-0.11 1.400000e+01 5.200900e-10

-0.10 7.000000e+00 7.838055e-04
-0.10 7.500000e+00 5.916382e-04
-0.10 8.000000e+00 3.057653e-04
-0.10 8.500000e+00 1.085829e-04
-0.10 9.000000e+00 3.480505e-05
-0.10 9.500000e+00 1.101418e-05
-0.10 1.000000e+01 3.480720e-06
-0.10 1.050000e+01 1.099815e-06
-0.10 1.100000e+01 3.475053e-07
-0.10 1.150000e+01 1.097998e-07
-0.10 1.200000e+01 3.469296e-08
-0.10 1.250000e+01 1.096178e-08
-0.10 1.300000e+01 3.463543e-09
-0.10 1.350000e+01 1.094360e-09
-0.10 1.400000e+01 3.692097e-10

-0.09 7.000000e+00 6.734606e-04
-0.09 7.500000e+00 4.768594e-04
-0.09 8.000000e+00 2.188888e-04
-0.09 8.500000e+00 7.426742e-05
-0.09 9.000000e+00 2.365796e-05
-0.09 9.500000e+00 7.481645e-06
-0.09 1.000000e+01 2.364187e-06
-0.09 1.050000e+01 7.470129e-07
-0.09 1.100000e+01 2.360310e-07
-0.09 1.150000e+01 7.457771e-08
-0.09 1.200000e+01 2.356398e-08
-0.09 1.250000e+01 7.445406e-09
-0.09 1.300000e+01 2.352491e-09
-0.09 1.350000e+01 7.433059e-10
-0.09 1.400000e+01 2.390038e-10

-0.08 7.000000e+00 6.130475e-04
-0.08 7.500000e+00 3.726197e-04
-0.08 8.000000e+00 1.536841e-04
-0.08 8.500000e+00 5.064438e-05
-0.08 9.000000e+00 1.607572e-05
-0.08 9.500000e+00 5.081903e-06
-0.08 1.000000e+01 1.605803e-06
-0.08 1.050000e+01 5.073832e-07
-0.08 1.100000e+01 1.603159e-07
-0.08 1.150000e+01 5.065432e-08
-0.08 1.200000e+01 1.600502e-08
-0.08 1.250000e+01 5.057033e-09
-0.08 1.300000e+01 1.597848e-09
-0.08 1.350000e+01 5.048647e-10
-0.08 1.400000e+01 1.864560e-10

-0.07 7.000000e+00 4.680479e-04
-0.07 7.500000e+00 2.818342e-04
-0.07 8.000000e+00 1.064935e-04
-0.07 8.500000e+00 3.447592e-05
-0.07 9.000000e+00 1.092153e-05
-0.07 9.500000e+00 3.451807e-06
-0.07 1.000000e+01 1.090691e-06
-0.07 1.050000e+01 3.446227e-07
-0.07 1.100000e+01 1.088890e-07
-0.07 1.150000e+01 3.440518e-08
-0.07 1.200000e+01 1.087085e-08
-0.07 1.250000e+01 3.434813e-09
-0.07 1.300000e+01 1.085282e-09
-0.07 1.350000e+01 3.429117e-10
-0.07 1.400000e+01 9.949623e-11

-0.06 7.000000e+00 4.051759e-04
-0.06 7.500000e+00 2.067242e-04
-0.06 8.000000e+00 7.318409e-05
-0.06 8.500000e+00 2.344634e-05
-0.06 9.000000e+00 7.419099e-06
-0.06 9.500000e+00 2.344561e-06
-0.06 1.000000e+01 7.408160e-07
-0.06 1.050000e+01 2.340731e-07
-0.06 1.100000e+01 7.395909e-08
-0.06 1.150000e+01 2.336852e-08
-0.06 1.200000e+01 7.383647e-09
-0.06 1.250000e+01 2.332977e-09
-0.06 1.300000e+01 7.371403e-10
-0.06 1.350000e+01 2.329109e-10
-0.06 1.400000e+01 7.445510e-11

-0.05 7.000000e+00 3.271896e-04
-0.05 7.500000e+00 1.477967e-04
-0.05 8.000000e+00 5.004345e-05
-0.05 8.500000e+00 1.593654e-05
-0.05 9.000000e+00 5.039565e-06
-0.05 9.500000e+00 1.592478e-06
-0.05 1.000000e+01 5.031743e-07
-0.05 1.050000e+01 1.589861e-07
-0.05 1.100000e+01 5.023414e-08
-0.05 1.150000e+01 1.587226e-08
-0.05 1.200000e+01 5.015085e-09
-0.05 1.250000e+01 1.584594e-09
-0.05 1.300000e+01 5.006768e-10
-0.05 1.350000e+01 1.581966e-10
-0.05 1.400000e+01 5.080369e-11

-0.04 7.000000e+00 2.540667e-04
-0.04 7.500000e+00 1.036750e-04
-0.04 8.000000e+00 3.412059e-05
-0.04 8.500000e+00 1.082872e-05
-0.04 9.000000e+00 3.423105e-06
-0.04 9.500000e+00 1.081642e-06
-0.04 1.000000e+01 3.417640e-07
-0.04 1.050000e+01 1.079858e-07
-0.04 1.100000e+01 3.411979e-08
-0.04 1.150000e+01 1.078068e-08
-0.04 1.200000e+01 3.406322e-09
-0.04 1.250000e+01 1.076280e-09
-0.04 1.300000e+01 3.400673e-10
-0.04 1.350000e+01 1.074495e-10
-0.04 1.400000e+01 3.421534e-11

-0.03 7.000000e+00 2.137082e-04
-0.03 7.500000e+00 7.179754e-05
-0.03 8.000000e+00 2.322540e-05
-0.03 8.500000e+00 7.356719e-06
-0.03 9.000000e+00 2.325086e-06
-0.03 9.500000e+00 7.346701e-07
-0.03 1.000000e+01 2.321315e-07
-0.03 1.050000e+01 7.334560e-08
-0.03 1.100000e+01 2.317468e-08
-0.03 1.150000e+01 7.322400e-09
-0.03 1.200000e+01 2.313625e-09
-0.03 1.250000e+01 7.310257e-10
-0.03 1.300000e+01 2.309789e-10
-0.03 1.350000e+01 7.298135e-11
-0.03 1.400000e+01 2.681267e-11

-0.02 7.000000e+00 1.257905e-04
-0.02 7.500000e+00 4.932225e-05
-0.02 8.000000e+00 1.579428e-05
-0.02 8.500000e+00 4.997444e-06
-0.02 9.000000e+00 1.579258e-06
-0.02 9.500000e+00 4.990002e-07
-0.02 1.000000e+01 1.576673e-07
-0.02 1.050000e+01 4.981745e-08
-0.02 1.100000e+01 1.574060e-08
-0.02 1.150000e+01 4.973485e-09
-0.02 1.200000e+01 1.571449e-09
-0.02 1.250000e+01 4.965238e-10
-0.02 1.300000e+01 1.568844e-10
-0.02 1.350000e+01 4.957004e-11
-0.02 1.400000e+01 1.384249e-11

-0.01 7.000000e+00 9.995220e-05
-0.01 7.500000e+00 3.371918e-05
-0.01 8.000000e+00 1.073508e-05
-0.01 8.500000e+00 3.394590e-06
-0.01 9.000000e+00 1.072666e-06
-0.01 9.500000e+00 3.389290e-07
-0.01 1.000000e+01 1.070901e-07
-0.01 1.050000e+01 3.383677e-08
-0.01 1.100000e+01 1.069125e-08
-0.01 1.150000e+01 3.378067e-09
-0.01 1.200000e+01 1.067352e-09
-0.01 1.250000e+01 3.372465e-10
-0.01 1.300000e+01 1.065582e-10
-0.01 1.350000e+01 3.366872e-11
-0.01 1.400000e+01 1.065885e-11

0.00 7.000000e+00 6.993116e-05
0.00 7.500000e+00 2.298736e-05
0.00 8.000000e+00 7.294246e-06
0.00 8.500000e+00 2.305754e-06
0.00 9.000000e+00 7.285747e-07
0.00 9.500000e+00 2.302059e-07
0.00 1.000000e+01 7.273720e-08
0.00 1.050000e+01 2.298245e-08
0.00 1.100000e+01 7.261661e-09
0.00 1.150000e+01 2.294434e-09
0.00 1.200000e+01 7.249619e-10
0.00 1.250000e+01 2.290629e-10
0.00 1.300000e+01 7.237597e-11
0.00 1.350000e+01 2.286831e-11
0.00 1.400000e+01 7.225595e-12
