0.00 1.400000e+01 0.000000e+00 1.169376e-18 2.338751e-18 0.000000e+00
-0.10 1.400000e+01 0.000000e+00 3.496725e-15 6.993450e-15 0.000000e+00
-0.21 1.400000e+01 0.000000e+00 1.043574e-11 2.087148e-11 0.000000e+00
-0.31 1.400000e+01 0.000000e+00 1.792729e-08 3.585459e-08 0.000000e+00
-0.41 1.400000e+01 0.000000e+00 4.743772e-07 9.487544e-07 0.000000e+00
-0.52 1.400000e+01 0.000000e+00 3.520475e-06 7.040950e-06 0.000000e+00
-0.62 1.400000e+01 0.000000e+00 2.443372e-05 4.886743e-05 0.000000e+00
-0.72 1.400000e+01 0.000000e+00 1.690205e-04 3.380410e-04 0.000000e+00
-0.83 1.400000e+01 0.000000e+00 1.168619e-03 2.337239e-03 0.000000e+00
-0.93 1.400000e+01 0.000000e+00 8.069455e-03 1.613891e-02 0.000000e+00
-1.03 1.400000e+01 0.000000e+00 5.545118e-02 1.109024e-01 0.000000e+00
-1.14 1.400000e+01 0.000000e+00 3.741649e-01 7.483298e-01 0.000000e+00
-1.24 1.400000e+01 0.000000e+00 2.357653e+00 4.715307e+00 0.000000e+00
-1.34 1.400000e+01 0.000000e+00 1.152860e+01 2.305720e+01 0.000000e+00
-1.45 1.400000e+01 0.000000e+00 2.541872e+01 5.083744e+01 0.000000e+00
-1.55 1.400000e+01 0.000000e+00 1.854247e+01 3.708494e+01 0.000000e+00
-1.66 1.400000e+01 0.000000e+00 9.433579e+00 1.886716e+01 0.000000e+00
-1.76 1.400000e+01 0.000000e+00 4.661442e+00 9.322884e+00 0.000000e+00
-1.86 1.400000e+01 0.000000e+00 2.539246e+00 5.078493e+00 0.000000e+00
-1.97 1.400000e+01 0.000000e+00 3.122941e+00 6.245882e+00 0.000000e+00
-2.07 1.400000e+01 0.000000e+00 1.515945e+01 3.031890e+01 0.000000e+00
-2.17 1.400000e+01 0.000000e+00 1.061927e+02 2.123854e+02 0.000000e+00
-2.28 1.400000e+01 0.000000e+00 7.676820e+02 1.535364e+03 0.000000e+00
-2.38 1.400000e+01 0.000000e+00 5.561715e+03 1.112343e+04 0.000000e+00
-2.48 1.400000e+01 0.000000e+00 4.029950e+04 8.059901e+04 0.000000e+00
-2.59 1.400000e+01 0.000000e+00 2.920081e+05 5.840162e+05 0.000000e+00
-2.69 1.400000e+01 0.000000e+00 2.115866e+06 4.231732e+06 0.000000e+00
-2.79 1.400000e+01 0.000000e+00 1.533089e+07 3.066178e+07 0.000000e+00
-2.90 1.400000e+01 0.000000e+00 1.110565e+08 2.221131e+08 0.000000e+00
-3.00 1.400000e+01 0.000000e+00 8.031189e+08 1.606238e+09 0.000000e+00
0.00 1.166667e+01 0.000000e+00 5.467282e-14 1.093456e-13 0.000000e+00
-0.10 1.166667e+01 0.000000e+00 1.360056e-10 2.720112e-10 0.000000e+00
-0.21 1.166667e+01 0.000000e+00 9.209803e-09 1.841961e-08 0.000000e+00
-0.31 1.166667e+01 0.000000e+00 7.331590e-08 1.466318e-07 0.000000e+00
-0.41 1.166667e+01 0.000000e+00 5.105844e-07 1.021169e-06 0.000000e+00
-0.52 1.166667e+01 0.000000e+00 3.532954e-06 7.065908e-06 0.000000e+00
-0.62 1.166667e+01 0.000000e+00 2.443787e-05 4.887575e-05 0.000000e+00
-0.72 1.166667e+01 0.000000e+00 1.690219e-04 3.380437e-04 0.000000e+00
-0.83 1.166667e+01 0.000000e+00 1.168620e-03 2.337240e-03 0.000000e+00
-0.93 1.166667e+01 0.000000e+00 8.069455e-03 1.613891e-02 0.000000e+00
-1.03 1.166667e+01 0.000000e+00 5.545118e-02 1.109024e-01 0.000000e+00
-1.14 1.166667e+01 0.000000e+00 3.741649e-01 7.483298e-01 0.000000e+00
-1.24 1.166667e+01 0.000000e+00 2.357653e+00 4.715307e+00 0.000000e+00
-1.34 1.166667e+01 0.000000e+00 1.152860e+01 2.305720e+01 0.000000e+00
-1.45 1.166667e+01 0.000000e+00 2.541872e+01 5.083744e+01 0.000000e+00
-1.55 1.166667e+01 0.000000e+00 1.854247e+01 3.708494e+01 0.000000e+00
-1.66 1.166667e+01 0.000000e+00 9.433579e+00 1.886716e+01 0.000000e+00
-1.76 1.166667e+01 0.000000e+00 4.661442e+00 9.322884e+00 0.000000e+00
-1.86 1.166667e+01 0.000000e+00 2.539246e+00 5.078493e+00 0.000000e+00
-1.97 1.166667e+01 0.000000e+00 3.122941e+00 6.245882e+00 0.000000e+00
-2.07 1.166667e+01 0.000000e+00 1.515945e+01 3.031890e+01 0.000000e+00
-2.17 1.166667e+01 0.000000e+00 1.061927e+02 2.123854e+02 0.000000e+00
-2.28 1.166667e+01 0.000000e+00 7.676820e+02 1.535364e+03 0.000000e+00
-2.38 1.166667e+01 0.000000e+00 5.561715e+03 1.112343e+04 0.000000e+00
-2.48 1.166667e+01 0.000000e+00 4.029950e+04 8.059901e+04 0.000000e+00
-2.59 1.166667e+01 0.000000e+00 2.920081e+05 5.840162e+05 0.000000e+00
-2.69 1.166667e+01 0.000000e+00 2.115866e+06 4.231732e+06 0.000000e+00
-2.79 1.166667e+01 0.000000e+00 1.533089e+07 3.066178e+07 0.000000e+00
-2.90 1.166667e+01 0.000000e+00 1.110565e+08 2.221131e+08 0.000000e+00
-3.00 1.166667e+01 0.000000e+00 8.031189e+08 1.606238e+09 0.000000e+00
0.00 9.333333e+00 0.000000e+00 1.662294e-10 3.324588e-10 0.000000e+00
-0.10 9.333333e+00 0.000000e+00 1.521425e-09 3.042850e-09 0.000000e+00
-0.21 9.333333e+00 0.000000e+00 1.066730e-08 2.133460e-08 0.000000e+00
-0.31 9.333333e+00 0.000000e+00 7.383626e-08 1.476725e-07 0.000000e+00
-0.41 9.333333e+00 0.000000e+00 5.107581e-07 1.021516e-06 0.000000e+00
-0.52 9.333333e+00 0.000000e+00 3.533012e-06 7.066023e-06 0.000000e+00
-0.62 9.333333e+00 0.000000e+00 2.443789e-05 4.887579e-05 0.000000e+00
-0.72 9.333333e+00 0.000000e+00 1.690219e-04 3.380437e-04 0.000000e+00
-0.83 9.333333e+00 0.000000e+00 1.168620e-03 2.337240e-03 0.000000e+00
-0.93 9.333333e+00 0.000000e+00 8.069455e-03 1.613891e-02 0.000000e+00
-1.03 9.333333e+00 0.000000e+00 5.545118e-02 1.109024e-01 0.000000e+00
-1.14 9.333333e+00 0.000000e+00 3.741649e-01 7.483298e-01 0.000000e+00
-1.24 9.333333e+00 0.000000e+00 2.357653e+00 4.715307e+00 0.000000e+00
-1.34 9.333333e+00 0.000000e+00 1.152860e+01 2.305720e+01 0.000000e+00
-1.45 9.333333e+00 0.000000e+00 2.541872e+01 5.083744e+01 0.000000e+00
-1.55 9.333333e+00 0.000000e+00 1.854247e+01 3.708494e+01 0.000000e+00
-1.66 9.333333e+00 0.000000e+00 9.433579e+00 1.886716e+01 0.000000e+00
-1.76 9.333333e+00 0.000000e+00 4.661442e+00 9.322884e+00 0.000000e+00
-1.86 9.333333e+00 0.000000e+00 2.539246e+00 5.078493e+00 0.000000e+00
-1.97 9.333333e+00 0.000000e+00 3.122941e+00 6.245882e+00 0.000000e+00
-2.07 9.333333e+00 0.000000e+00 1.515945e+01 3.031890e+01 0.000000e+00
-2.17 9.333333e+00 0.000000e+00 1.061927e+02 2.123854e+02 0.000000e+00
-2.28 9.333333e+00 0.000000e+00 7.676820e+02 1.535364e+03 0.000000e+00
-2.38 9.333333e+00 0.000000e+00 5.561715e+03 1.112343e+04 0.000000e+00
-2.48 9.333333e+00 0.000000e+00 4.029950e+04 8.059901e+04 0.000000e+00
-2.59 9.333333e+00 0.000000e+00 2.920081e+05 5.840162e+05 0.000000e+00
-2.69 9.333333e+00 0.000000e+00 2.115866e+06 4.231732e+06 0.000000e+00
-2.79 9.333333e+00 0.000000e+00 1.533089e+07 3.066178e+07 0.000000e+00
-2.90 9.333333e+00 0.000000e+00 1.110565e+08 2.221131e+08 0.000000e+00
-3.00 9.333333e+00 0.000000e+00 8.031189e+08 1.606238e+09 0.000000e+00
0.00 7.000000e+00 0.000000e+00 2.227883e-10 4.455767e-10 0.000000e+00
-0.10 7.000000e+00 0.000000e+00 1.543085e-09 3.086170e-09 0.000000e+00
-0.21 7.000000e+00 0.000000e+00 1.067456e-08 2.134911e-08 0.000000e+00
-0.31 7.000000e+00 0.000000e+00 7.383868e-08 1.476774e-07 0.000000e+00
-0.41 7.000000e+00 0.000000e+00 5.107589e-07 1.021518e-06 0.000000e+00
-0.52 7.000000e+00 0.000000e+00 3.533012e-06 7.066024e-06 0.000000e+00
-0.62 7.000000e+00 0.000000e+00 2.443789e-05 4.887579e-05 0.000000e+00
-0.72 7.000000e+00 0.000000e+00 1.690219e-04 3.380437e-04 0.000000e+00
-0.83 7.000000e+00 0.000000e+00 1.168620e-03 2.337240e-03 0.000000e+00
-0.93 7.000000e+00 0.000000e+00 8.069455e-03 1.613891e-02 0.000000e+00
-1.03 7.000000e+00 0.000000e+00 5.545118e-02 1.109024e-01 0.000000e+00
-1.14 7.000000e+00 0.000000e+00 3.741649e-01 7.483298e-01 0.000000e+00
-1.24 7.000000e+00 0.000000e+00 2.357653e+00 4.715307e+00 0.000000e+00
-1.34 7.000000e+00 0.000000e+00 1.152860e+01 2.305720e+01 0.000000e+00
-1.45 7.000000e+00 0.000000e+00 2.541872e+01 5.083744e+01 0.000000e+00
-1.55 7.000000e+00 0.000000e+00 1.854247e+01 3.708494e+01 0.000000e+00
-1.66 7.000000e+00 0.000000e+00 9.433579e+00 1.886716e+01 0.000000e+00
-1.76 7.000000e+00 0.000000e+00 4.661442e+00 9.322884e+00 0.000000e+00
-1.86 7.000000e+00 0.000000e+00 2.539246e+00 5.078493e+00 0.000000e+00
-1.97 7.000000e+00 0.000000e+00 3.122941e+00 6.245882e+00 0.000000e+00
-2.07 7.000000e+00 0.000000e+00 1.515945e+01 3.031890e+01 0.000000e+00
-2.17 7.000000e+00 0.000000e+00 1.061927e+02 2.123854e+02 0.000000e+00
-2.28 7.000000e+00 0.000000e+00 7.676820e+02 1.535364e+03 0.000000e+00
-2.38 7.000000e+00 0.000000e+00 5.561715e+03 1.112343e+04 0.000000e+00
-2.48 7.000000e+00 0.000000e+00 4.029950e+04 8.059901e+04 0.000000e+00
-2.59 7.000000e+00 0.000000e+00 2.920081e+05 5.840162e+05 0.000000e+00
-2.69 7.000000e+00 0.000000e+00 2.115866e+06 4.231732e+06 0.000000e+00
-2.79 7.000000e+00 0.000000e+00 1.533089e+07 3.066178e+07 0.000000e+00
-2.90 7.000000e+00 0.000000e+00 1.110565e+08 2.221131e+08 0.000000e+00
-3.00 7.000000e+00 0.000000e+00 8.031189e+08 1.606238e+09 0.000000e+00
