
-2.00 7.000000e+00 4.312957e-01
-2.00 7.500000e+00 4.312957e-01
-2.00 8.000000e+00 4.312957e-01
-2.00 8.500000e+00 4.312957e-01
-2.00 9.000000e+00 4.312957e-01
-2.00 9.500000e+00 4.312957e-01
-2.00 1.000000e+01 4.312957e-01
-2.00 1.050000e+01 4.312957e-01
-2.00 1.100000e+01 4.312957e-01
-2.00 1.150000e+01 4.312957e-01
-2.00 1.200000e+01 4.312957e-01
-2.00 1.250000e+01 4.312957e-01
-2.00 1.300000e+01 4.312957e-01
-2.00 1.350000e+01 4.312957e-01
-2.00 1.400000e+01 4.312957e-01

-1.99 7.000000e+00 4.251745e-01
-1.99 7.500000e+00 4.252051e-01
-1.99 8.000000e+00 4.252051e-01
-1.99 8.500000e+00 4.252051e-01
-1.99 9.000000e+00 4.252051e-01
-1.99 9.500000e+00 4.252051e-01
-1.99 1.000000e+01 4.252051e-01
-1.99 1.050000e+01 4.252051e-01
-1.99 1.100000e+01 4.252051e-01
-1.99 1.150000e+01 4.252051e-01
-1.99 1.200000e+01 4.252051e-01
-1.99 1.250000e+01 4.252051e-01
-1.99 1.300000e+01 4.252051e-01
-1.99 1.350000e+01 4.252051e-01
-1.99 1.400000e+01 4.251745e-01

-1.98 7.000000e+00 4.210647e-01
-1.98 7.500000e+00 4.191237e-01
-1.98 8.000000e+00 4.191237e-01
-1.98 8.500000e+00 4.191237e-01
-1.98 9.000000e+00 4.191237e-01
-1.98 9.500000e+00 4.191237e-01
-1.98 1.000000e+01 4.191237e-01
-1.98 1.050000e+01 4.191237e-01
-1.98 1.100000e+01 4.191237e-01
-1.98 1.150000e+01 4.191237e-01
-1.98 1.200000e+01 4.191237e-01
-1.98 1.250000e+01 4.191237e-01
-1.98 1.300000e+01 4.191237e-01
-1.98 1.350000e+01 4.191237e-01
-1.98 1.400000e+01 4.210647e-01

-1.97 7.000000e+00 4.106878e-01
-1.97 7.500000e+00 4.130520e-01
-1.97 8.000000e+00 4.130520e-01
-1.97 8.500000e+00 4.130520e-01
-1.97 9.000000e+00 4.130520e-01
-1.97 9.500000e+00 4.130520e-01
-1.97 1.000000e+01 4.130520e-01
-1.97 1.050000e+01 4.130520e-01
-1.97 1.100000e+01 4.130520e-01
-1.97 1.150000e+01 4.130520e-01
-1.97 1.200000e+01 4.130520e-01
-1.97 1.250000e+01 4.130520e-01
-1.97 1.300000e+01 4.130520e-01
-1.97 1.350000e+01 4.130520e-01
-1.97 1.400000e+01 4.106878e-01

-1.96 7.000000e+00 4.068686e-01
-1.96 7.500000e+00 4.069904e-01
-1.96 8.000000e+00 4.069904e-01
-1.96 8.500000e+00 4.069904e-01
-1.96 9.000000e+00 4.069904e-01
-1.96 9.500000e+00 4.069904e-01
-1.96 1.000000e+01 4.069904e-01
-1.96 1.050000e+01 4.069904e-01
-1.96 1.100000e+01 4.069904e-01
-1.96 1.150000e+01 4.069904e-01
-1.96 1.200000e+01 4.069904e-01
-1.96 1.250000e+01 4.069904e-01
-1.96 1.300000e+01 4.069904e-01
-1.96 1.350000e+01 4.069904e-01
-1.96 1.400000e+01 4.068686e-01

-1.95 7.000000e+00 4.006851e-01
-1.95 7.500000e+00 4.009391e-01
-1.95 8.000000e+00 4.009391e-01
-1.95 8.500000e+00 4.009391e-01
-1.95 9.000000e+00 4.009391e-01
-1.95 9.500000e+00 4.009391e-01
-1.95 1.000000e+01 4.009391e-01
-1.95 1.050000e+01 4.009391e-01
-1.95 1.100000e+01 4.009391e-01
-1.95 1.150000e+01 4.009391e-01
-1.95 1.200000e+01 4.009391e-01
-1.95 1.250000e+01 4.009391e-01
-1.95 1.300000e+01 4.009391e-01
-1.95 1.350000e+01 4.009391e-01
-1.95 1.400000e+01 4.006851e-01

-1.94 7.000000e+00 3.947169e-01
-1.94 7.500000e+00 3.948988e-01
-1.94 8.000000e+00 3.948988e-01
-1.94 8.500000e+00 3.948988e-01
-1.94 9.000000e+00 3.948988e-01
-1.94 9.500000e+00 3.948988e-01
-1.94 1.000000e+01 3.948988e-01
-1.94 1.050000e+01 3.948988e-01
-1.94 1.100000e+01 3.948988e-01
-1.94 1.150000e+01 3.948988e-01
-1.94 1.200000e+01 3.948988e-01
-1.94 1.250000e+01 3.948988e-01
-1.94 1.300000e+01 3.948988e-01
-1.94 1.350000e+01 3.948988e-01
-1.94 1.400000e+01 3.947169e-01

-1.93 7.000000e+00 3.901972e-01
-1.93 7.500000e+00 3.888698e-01
-1.93 8.000000e+00 3.888698e-01
-1.93 8.500000e+00 3.888698e-01
-1.93 9.000000e+00 3.888698e-01
-1.93 9.500000e+00 3.888698e-01
-1.93 1.000000e+01 3.888698e-01
-1.93 1.050000e+01 3.888698e-01
-1.93 1.100000e+01 3.888698e-01
-1.93 1.150000e+01 3.888698e-01
-1.93 1.200000e+01 3.888698e-01
-1.93 1.250000e+01 3.888698e-01
-1.93 1.300000e+01 3.888698e-01
-1.93 1.350000e+01 3.888698e-01
-1.93 1.400000e+01 3.901972e-01

-1.92 7.000000e+00 3.804289e-01
-1.92 7.500000e+00 3.828526e-01
-1.92 8.000000e+00 3.828526e-01
-1.92 8.500000e+00 3.828526e-01
-1.92 9.000000e+00 3.828526e-01
-1.92 9.500000e+00 3.828526e-01
-1.92 1.000000e+01 3.828526e-01
-1.92 1.050000e+01 3.828526e-01
-1.92 1.100000e+01 3.828526e-01
-1.92 1.150000e+01 3.828526e-01
-1.92 1.200000e+01 3.828526e-01
-1.92 1.250000e+01 3.828526e-01
-1.92 1.300000e+01 3.828526e-01
-1.92 1.350000e+01 3.828526e-01
-1.92 1.400000e+01 3.804289e-01

-1.91 7.000000e+00 3.765762e-01
-1.91 7.500000e+00 3.768475e-01
-1.91 8.000000e+00 3.768475e-01
-1.91 8.500000e+00 3.768475e-01
-1.91 9.000000e+00 3.768475e-01
-1.91 9.500000e+00 3.768475e-01
-1.91 1.000000e+01 3.768475e-01
-1.91 1.050000e+01 3.768475e-01
-1.91 1.100000e+01 3.768475e-01
-1.91 1.150000e+01 3.768475e-01
-1.91 1.200000e+01 3.768475e-01
-1.91 1.250000e+01 3.768475e-01
-1.91 1.300000e+01 3.768475e-01
-1.91 1.350000e+01 3.768475e-01
-1.91 1.400000e+01 3.765762e-01

-1.90 7.000000e+00 3.698408e-01
-1.90 7.500000e+00 3.708552e-01
-1.90 8.000000e+00 3.708552e-01
-1.90 8.500000e+00 3.708552e-01
-1.90 9.000000e+00 3.708552e-01
-1.90 9.500000e+00 3.708552e-01
-1.90 1.000000e+01 3.708552e-01
-1.90 1.050000e+01 3.708552e-01
-1.90 1.100000e+01 3.708552e-01
-1.90 1.150000e+01 3.708552e-01
-1.90 1.200000e+01 3.708552e-01
-1.90 1.250000e+01 3.708552e-01
-1.90 1.300000e+01 3.708552e-01
-1.90 1.350000e+01 3.708552e-01
-1.90 1.400000e+01 3.698408e-01

-1.89 7.000000e+00 3.645459e-01
-1.89 7.500000e+00 3.648760e-01
-1.89 8.000000e+00 3.648760e-01
-1.89 8.500000e+00 3.648760e-01
-1.89 9.000000e+00 3.648760e-01
-1.89 9.500000e+00 3.648760e-01
-1.89 1.000000e+01 3.648760e-01
-1.89 1.050000e+01 3.648760e-01
-1.89 1.100000e+01 3.648760e-01
-1.89 1.150000e+01 3.648760e-01
-1.89 1.200000e+01 3.648760e-01
-1.89 1.250000e+01 3.648760e-01
-1.89 1.300000e+01 3.648760e-01
-1.89 1.350000e+01 3.648760e-01
-1.89 1.400000e+01 3.645459e-01

-1.88 7.000000e+00 3.603128e-01
-1.88 7.500000e+00 3.589104e-01
-1.88 8.000000e+00 3.589104e-01
-1.88 8.500000e+00 3.589104e-01
-1.88 9.000000e+00 3.589104e-01
-1.88 9.500000e+00 3.589104e-01
-1.88 1.000000e+01 3.589104e-01
-1.88 1.050000e+01 3.589104e-01
-1.88 1.100000e+01 3.589104e-01
-1.88 1.150000e+01 3.589104e-01
-1.88 1.200000e+01 3.589104e-01
-1.88 1.250000e+01 3.589104e-01
-1.88 1.300000e+01 3.589104e-01
-1.88 1.350000e+01 3.589104e-01
-1.88 1.400000e+01 3.603128e-01

-1.87 7.000000e+00 3.503130e-01
-1.87 7.500000e+00 3.529590e-01
-1.87 8.000000e+00 3.529590e-01
-1.87 8.500000e+00 3.529590e-01
-1.87 9.000000e+00 3.529590e-01
-1.87 9.500000e+00 3.529590e-01
-1.87 1.000000e+01 3.529590e-01
-1.87 1.050000e+01 3.529590e-01
-1.87 1.100000e+01 3.529590e-01
-1.87 1.150000e+01 3.529590e-01
-1.87 1.200000e+01 3.529590e-01
-1.87 1.250000e+01 3.529590e-01
-1.87 1.300000e+01 3.529590e-01
-1.87 1.350000e+01 3.529590e-01
-1.87 1.400000e+01 3.503130e-01

-1.86 7.000000e+00 3.466051e-01
-1.86 7.500000e+00 3.470222e-01
-1.86 8.000000e+00 3.470222e-01
-1.86 8.500000e+00 3.470222e-01
-1.86 9.000000e+00 3.470222e-01
-1.86 9.500000e+00 3.470222e-01
-1.86 1.000000e+01 3.470222e-01
-1.86 1.050000e+01 3.470222e-01
-1.86 1.100000e+01 3.470222e-01
-1.86 1.150000e+01 3.470222e-01
-1.86 1.200000e+01 3.470222e-01
-1.86 1.250000e+01 3.470222e-01
-1.86 1.300000e+01 3.470222e-01
-1.86 1.350000e+01 3.470222e-01
-1.86 1.400000e+01 3.466051e-01

-1.85 7.000000e+00 3.403552e-01
-1.85 7.500000e+00 3.411005e-01
-1.85 8.000000e+00 3.411005e-01
-1.85 8.500000e+00 3.411005e-01
-1.85 9.000000e+00 3.411005e-01
-1.85 9.500000e+00 3.411005e-01
-1.85 1.000000e+01 3.411005e-01
-1.85 1.050000e+01 3.411005e-01
-1.85 1.100000e+01 3.411005e-01
-1.85 1.150000e+01 3.411005e-01
-1.85 1.200000e+01 3.411005e-01
-1.85 1.250000e+01 3.411005e-01
-1.85 1.300000e+01 3.411005e-01
-1.85 1.350000e+01 3.411005e-01
-1.85 1.400000e+01 3.403552e-01

-1.84 7.000000e+00 3.347205e-01
-1.84 7.500000e+00 3.351946e-01
-1.84 8.000000e+00 3.351946e-01
-1.84 8.500000e+00 3.351946e-01
-1.84 9.000000e+00 3.351946e-01
-1.84 9.500000e+00 3.351946e-01
-1.84 1.000000e+01 3.351946e-01
-1.84 1.050000e+01 3.351946e-01
-1.84 1.100000e+01 3.351946e-01
-1.84 1.150000e+01 3.351946e-01
-1.84 1.200000e+01 3.351946e-01
-1.84 1.250000e+01 3.351946e-01
-1.84 1.300000e+01 3.351946e-01
-1.84 1.350000e+01 3.351946e-01
-1.84 1.400000e+01 3.347205e-01

-1.83 7.000000e+00 3.296040e-01
-1.83 7.500000e+00 3.293050e-01
-1.83 8.000000e+00 3.293050e-01
-1.83 8.500000e+00 3.293050e-01
-1.83 9.000000e+00 3.293050e-01
-1.83 9.500000e+00 3.293050e-01
-1.83 1.000000e+01 3.293050e-01
-1.83 1.050000e+01 3.293050e-01
-1.83 1.100000e+01 3.293050e-01
-1.83 1.150000e+01 3.293050e-01
-1.83 1.200000e+01 3.293050e-01
-1.83 1.250000e+01 3.293050e-01
-1.83 1.300000e+01 3.293050e-01
-1.83 1.350000e+01 3.293050e-01
-1.83 1.400000e+01 3.296040e-01

-1.82 7.000000e+00 3.205761e-01
-1.82 7.500000e+00 3.234322e-01
-1.82 8.000000e+00 3.234322e-01
-1.82 8.500000e+00 3.234322e-01
-1.82 9.000000e+00 3.234322e-01
-1.82 9.500000e+00 3.234322e-01
-1.82 1.000000e+01 3.234322e-01
-1.82 1.050000e+01 3.234322e-01
-1.82 1.100000e+01 3.234322e-01
-1.82 1.150000e+01 3.234322e-01
-1.82 1.200000e+01 3.234322e-01
-1.82 1.250000e+01 3.234322e-01
-1.82 1.300000e+01 3.234322e-01
-1.82 1.350000e+01 3.234322e-01
-1.82 1.400000e+01 3.205761e-01

-1.81 7.000000e+00 3.170186e-01
-1.81 7.500000e+00 3.175768e-01
-1.81 8.000000e+00 3.175768e-01
-1.81 8.500000e+00 3.175768e-01
-1.81 9.000000e+00 3.175768e-01
-1.81 9.500000e+00 3.175768e-01
-1.81 1.000000e+01 3.175768e-01
-1.81 1.050000e+01 3.175768e-01
-1.81 1.100000e+01 3.175768e-01
-1.81 1.150000e+01 3.175768e-01
-1.81 1.200000e+01 3.175768e-01
-1.81 1.250000e+01 3.175768e-01
-1.81 1.300000e+01 3.175768e-01
-1.81 1.350000e+01 3.175768e-01
-1.81 1.400000e+01 3.170186e-01

-1.80 7.000000e+00 3.097648e-01
-1.80 7.500000e+00 3.117394e-01
-1.80 8.000000e+00 3.117394e-01
-1.80 8.500000e+00 3.117394e-01
-1.80 9.000000e+00 3.117394e-01
-1.80 9.500000e+00 3.117394e-01
-1.80 1.000000e+01 3.117394e-01
-1.80 1.050000e+01 3.117394e-01
-1.80 1.100000e+01 3.117394e-01
-1.80 1.150000e+01 3.117394e-01
-1.80 1.200000e+01 3.117394e-01
-1.80 1.250000e+01 3.117394e-01
-1.80 1.300000e+01 3.117394e-01
-1.80 1.350000e+01 3.117394e-01
-1.80 1.400000e+01 3.097648e-01

-1.79 7.000000e+00 3.053078e-01
-1.79 7.500000e+00 3.059207e-01
-1.79 8.000000e+00 3.059207e-01
-1.79 8.500000e+00 3.059207e-01
-1.79 9.000000e+00 3.059207e-01
-1.79 9.500000e+00 3.059207e-01
-1.79 1.000000e+01 3.059207e-01
-1.79 1.050000e+01 3.059207e-01
-1.79 1.100000e+01 3.059207e-01
-1.79 1.150000e+01 3.059207e-01
-1.79 1.200000e+01 3.059207e-01
-1.79 1.250000e+01 3.059207e-01
-1.79 1.300000e+01 3.059207e-01
-1.79 1.350000e+01 3.059207e-01
-1.79 1.400000e+01 3.053078e-01

-1.78 7.000000e+00 3.009973e-01
-1.78 7.500000e+00 3.001213e-01
-1.78 8.000000e+00 3.001213e-01
-1.78 8.500000e+00 3.001213e-01
-1.78 9.000000e+00 3.001213e-01
-1.78 9.500000e+00 3.001213e-01
-1.78 1.000000e+01 3.001213e-01
-1.78 1.050000e+01 3.001213e-01
-1.78 1.100000e+01 3.001213e-01
-1.78 1.150000e+01 3.001213e-01
-1.78 1.200000e+01 3.001213e-01
-1.78 1.250000e+01 3.001213e-01
-1.78 1.300000e+01 3.001213e-01
-1.78 1.350000e+01 3.001213e-01
-1.78 1.400000e+01 3.009973e-01

-1.77 7.000000e+00 2.936752e-01
-1.77 7.500000e+00 2.943419e-01
-1.77 8.000000e+00 2.943419e-01
-1.77 8.500000e+00 2.943419e-01
-1.77 9.000000e+00 2.943419e-01
-1.77 9.500000e+00 2.943419e-01
-1.77 1.000000e+01 2.943419e-01
-1.77 1.050000e+01 2.943419e-01
-1.77 1.100000e+01 2.943419e-01
-1.77 1.150000e+01 2.943419e-01
-1.77 1.200000e+01 2.943419e-01
-1.77 1.250000e+01 2.943419e-01
-1.77 1.300000e+01 2.943419e-01
-1.77 1.350000e+01 2.943419e-01
-1.77 1.400000e+01 2.936752e-01

-1.76 7.000000e+00 2.901427e-01
-1.76 7.500000e+00 2.885831e-01
-1.76 8.000000e+00 2.885831e-01
-1.76 8.500000e+00 2.885831e-01
-1.76 9.000000e+00 2.885831e-01
-1.76 9.500000e+00 2.885831e-01
-1.76 1.000000e+01 2.885831e-01
-1.76 1.050000e+01 2.885831e-01
-1.76 1.100000e+01 2.885831e-01
-1.76 1.150000e+01 2.885831e-01
-1.76 1.200000e+01 2.885831e-01
-1.76 1.250000e+01 2.885831e-01
-1.76 1.300000e+01 2.885831e-01
-1.76 1.350000e+01 2.885831e-01
-1.76 1.400000e+01 2.901427e-01

-1.75 7.000000e+00 2.816431e-01
-1.75 7.500000e+00 2.828456e-01
-1.75 8.000000e+00 2.828456e-01
-1.75 8.500000e+00 2.828456e-01
-1.75 9.000000e+00 2.828456e-01
-1.75 9.500000e+00 2.828456e-01
-1.75 1.000000e+01 2.828456e-01
-1.75 1.050000e+01 2.828456e-01
-1.75 1.100000e+01 2.828456e-01
-1.75 1.150000e+01 2.828456e-01
-1.75 1.200000e+01 2.828456e-01
-1.75 1.250000e+01 2.828456e-01
-1.75 1.300000e+01 2.828456e-01
-1.75 1.350000e+01 2.828456e-01
-1.75 1.400000e+01 2.816431e-01

-1.74 7.000000e+00 2.763852e-01
-1.74 7.500000e+00 2.771303e-01
-1.74 8.000000e+00 2.771303e-01
-1.74 8.500000e+00 2.771303e-01
-1.74 9.000000e+00 2.771303e-01
-1.74 9.500000e+00 2.771303e-01
-1.74 1.000000e+01 2.771303e-01
-1.74 1.050000e+01 2.771303e-01
-1.74 1.100000e+01 2.771303e-01
-1.74 1.150000e+01 2.771303e-01
-1.74 1.200000e+01 2.771303e-01
-1.74 1.250000e+01 2.771303e-01
-1.74 1.300000e+01 2.771303e-01
-1.74 1.350000e+01 2.771303e-01
-1.74 1.400000e+01 2.763852e-01

-1.73 7.000000e+00 2.707640e-01
-1.73 7.500000e+00 2.714378e-01
-1.73 8.000000e+00 2.714378e-01
-1.73 8.500000e+00 2.714378e-01
-1.73 9.000000e+00 2.714378e-01
-1.73 9.500000e+00 2.714378e-01
-1.73 1.000000e+01 2.714378e-01
-1.73 1.050000e+01 2.714378e-01
-1.73 1.100000e+01 2.714378e-01
-1.73 1.150000e+01 2.714378e-01
-1.73 1.200000e+01 2.714378e-01
-1.73 1.250000e+01 2.714378e-01
-1.73 1.300000e+01 2.714378e-01
-1.73 1.350000e+01 2.714378e-01
-1.73 1.400000e+01 2.707640e-01

-1.72 7.000000e+00 2.649733e-01
-1.72 7.500000e+00 2.657689e-01
-1.72 8.000000e+00 2.657689e-01
-1.72 8.500000e+00 2.657689e-01
-1.72 9.000000e+00 2.657689e-01
-1.72 9.500000e+00 2.657689e-01
-1.72 1.000000e+01 2.657689e-01
-1.72 1.050000e+01 2.657689e-01
-1.72 1.100000e+01 2.657689e-01
-1.72 1.150000e+01 2.657689e-01
-1.72 1.200000e+01 2.657689e-01
-1.72 1.250000e+01 2.657689e-01
-1.72 1.300000e+01 2.657689e-01
-1.72 1.350000e+01 2.657689e-01
-1.72 1.400000e+01 2.649733e-01

-1.71 7.000000e+00 2.625405e-01
-1.71 7.500000e+00 2.601245e-01
-1.71 8.000000e+00 2.601245e-01
-1.71 8.500000e+00 2.601245e-01
-1.71 9.000000e+00 2.601245e-01
-1.71 9.500000e+00 2.601245e-01
-1.71 1.000000e+01 2.601245e-01
-1.71 1.050000e+01 2.601245e-01
-1.71 1.100000e+01 2.601245e-01
-1.71 1.150000e+01 2.601245e-01
-1.71 1.200000e+01 2.601245e-01
-1.71 1.250000e+01 2.601245e-01
-1.71 1.300000e+01 2.601245e-01
-1.71 1.350000e+01 2.601245e-01
-1.71 1.400000e+01 2.625405e-01

-1.70 7.000000e+00 2.530929e-01
-1.70 7.500000e+00 2.545054e-01
-1.70 8.000000e+00 2.545054e-01
-1.70 8.500000e+00 2.545054e-01
-1.70 9.000000e+00 2.545054e-01
-1.70 9.500000e+00 2.545054e-01
-1.70 1.000000e+01 2.545054e-01
-1.70 1.050000e+01 2.545054e-01
-1.70 1.100000e+01 2.545054e-01
-1.70 1.150000e+01 2.545054e-01
-1.70 1.200000e+01 2.545054e-01
-1.70 1.250000e+01 2.545054e-01
-1.70 1.300000e+01 2.545054e-01
-1.70 1.350000e+01 2.545054e-01
-1.70 1.400000e+01 2.530929e-01

-1.69 7.000000e+00 2.480435e-01
-1.69 7.500000e+00 2.489124e-01
-1.69 8.000000e+00 2.489124e-01
-1.69 8.500000e+00 2.489124e-01
-1.69 9.000000e+00 2.489124e-01
-1.69 9.500000e+00 2.489124e-01
-1.69 1.000000e+01 2.489124e-01
-1.69 1.050000e+01 2.489124e-01
-1.69 1.100000e+01 2.489124e-01
-1.69 1.150000e+01 2.489124e-01
-1.69 1.200000e+01 2.489124e-01
-1.69 1.250000e+01 2.489124e-01
-1.69 1.300000e+01 2.489124e-01
-1.69 1.350000e+01 2.489124e-01
-1.69 1.400000e+01 2.480435e-01

-1.68 7.000000e+00 2.437197e-01
-1.68 7.500000e+00 2.433464e-01
-1.68 8.000000e+00 2.433464e-01
-1.68 8.500000e+00 2.433464e-01
-1.68 9.000000e+00 2.433464e-01
-1.68 9.500000e+00 2.433464e-01
-1.68 1.000000e+01 2.433464e-01
-1.68 1.050000e+01 2.433464e-01
-1.68 1.100000e+01 2.433464e-01
-1.68 1.150000e+01 2.433464e-01
-1.68 1.200000e+01 2.433464e-01
-1.68 1.250000e+01 2.433464e-01
-1.68 1.300000e+01 2.433464e-01
-1.68 1.350000e+01 2.433464e-01
-1.68 1.400000e+01 2.437197e-01

-1.67 7.000000e+00 2.368928e-01
-1.67 7.500000e+00 2.378084e-01
-1.67 8.000000e+00 2.378084e-01
-1.67 8.500000e+00 2.378084e-01
-1.67 9.000000e+00 2.378084e-01
-1.67 9.500000e+00 2.378084e-01
-1.67 1.000000e+01 2.378084e-01
-1.67 1.050000e+01 2.378084e-01
-1.67 1.100000e+01 2.378084e-01
-1.67 1.150000e+01 2.378084e-01
-1.67 1.200000e+01 2.378084e-01
-1.67 1.250000e+01 2.378084e-01
-1.67 1.300000e+01 2.378084e-01
-1.67 1.350000e+01 2.378084e-01
-1.67 1.400000e+01 2.368928e-01

-1.66 7.000000e+00 2.328582e-01
-1.66 7.500000e+00 2.322993e-01
-1.66 8.000000e+00 2.322993e-01
-1.66 8.500000e+00 2.322993e-01
-1.66 9.000000e+00 2.322993e-01
-1.66 9.500000e+00 2.322993e-01
-1.66 1.000000e+01 2.322993e-01
-1.66 1.050000e+01 2.322993e-01
-1.66 1.100000e+01 2.322993e-01
-1.66 1.150000e+01 2.322993e-01
-1.66 1.200000e+01 2.322993e-01
-1.66 1.250000e+01 2.322993e-01
-1.66 1.300000e+01 2.322993e-01
-1.66 1.350000e+01 2.322993e-01
-1.66 1.400000e+01 2.328582e-01

-1.65 7.000000e+00 2.252145e-01
-1.65 7.500000e+00 2.268202e-01
-1.65 8.000000e+00 2.268202e-01
-1.65 8.500000e+00 2.268202e-01
-1.65 9.000000e+00 2.268202e-01
-1.65 9.500000e+00 2.268202e-01
-1.65 1.000000e+01 2.268202e-01
-1.65 1.050000e+01 2.268202e-01
-1.65 1.100000e+01 2.268202e-01
-1.65 1.150000e+01 2.268202e-01
-1.65 1.200000e+01 2.268202e-01
-1.65 1.250000e+01 2.268202e-01
-1.65 1.300000e+01 2.268202e-01
-1.65 1.350000e+01 2.268202e-01
-1.65 1.400000e+01 2.252145e-01

-1.64 7.000000e+00 2.203898e-01
-1.64 7.500000e+00 2.213720e-01
-1.64 8.000000e+00 2.213720e-01
-1.64 8.500000e+00 2.213720e-01
-1.64 9.000000e+00 2.213720e-01
-1.64 9.500000e+00 2.213720e-01
-1.64 1.000000e+01 2.213720e-01
-1.64 1.050000e+01 2.213720e-01
-1.64 1.100000e+01 2.213720e-01
-1.64 1.150000e+01 2.213720e-01
-1.64 1.200000e+01 2.213720e-01
-1.64 1.250000e+01 2.213720e-01
-1.64 1.300000e+01 2.213720e-01
-1.64 1.350000e+01 2.213720e-01
-1.64 1.400000e+01 2.203898e-01

-1.63 7.000000e+00 2.144014e-01
-1.63 7.500000e+00 2.159559e-01
-1.63 8.000000e+00 2.159559e-01
-1.63 8.500000e+00 2.159559e-01
-1.63 9.000000e+00 2.159559e-01
-1.63 9.500000e+00 2.159559e-01
-1.63 1.000000e+01 2.159559e-01
-1.63 1.050000e+01 2.159559e-01
-1.63 1.100000e+01 2.159559e-01
-1.63 1.150000e+01 2.159559e-01
-1.63 1.200000e+01 2.159559e-01
-1.63 1.250000e+01 2.159559e-01
-1.63 1.300000e+01 2.159559e-01
-1.63 1.350000e+01 2.159559e-01
-1.63 1.400000e+01 2.144014e-01

-1.62 7.000000e+00 2.095489e-01
-1.62 7.500000e+00 2.105729e-01
-1.62 8.000000e+00 2.105729e-01
-1.62 8.500000e+00 2.105729e-01
-1.62 9.000000e+00 2.105729e-01
-1.62 9.500000e+00 2.105729e-01
-1.62 1.000000e+01 2.105729e-01
-1.62 1.050000e+01 2.105729e-01
-1.62 1.100000e+01 2.105729e-01
-1.62 1.150000e+01 2.105729e-01
-1.62 1.200000e+01 2.105729e-01
-1.62 1.250000e+01 2.105729e-01
-1.62 1.300000e+01 2.105729e-01
-1.62 1.350000e+01 2.105729e-01
-1.62 1.400000e+01 2.095489e-01

-1.61 7.000000e+00 2.070631e-01
-1.61 7.500000e+00 2.052242e-01
-1.61 8.000000e+00 2.052242e-01
-1.61 8.500000e+00 2.052242e-01
-1.61 9.000000e+00 2.052242e-01
-1.61 9.500000e+00 2.052242e-01
-1.61 1.000000e+01 2.052242e-01
-1.61 1.050000e+01 2.052242e-01
-1.61 1.100000e+01 2.052242e-01
-1.61 1.150000e+01 2.052242e-01
-1.61 1.200000e+01 2.052242e-01
-1.61 1.250000e+01 2.052242e-01
-1.61 1.300000e+01 2.052242e-01
-1.61 1.350000e+01 2.052242e-01
-1.61 1.400000e+01 2.070631e-01

-1.60 7.000000e+00 1.981332e-01
-1.60 7.500000e+00 1.999110e-01
-1.60 8.000000e+00 1.999110e-01
-1.60 8.500000e+00 1.999110e-01
-1.60 9.000000e+00 1.999110e-01
-1.60 9.500000e+00 1.999110e-01
-1.60 1.000000e+01 1.999110e-01
-1.60 1.050000e+01 1.999110e-01
-1.60 1.100000e+01 1.999110e-01
-1.60 1.150000e+01 1.999110e-01
-1.60 1.200000e+01 1.999110e-01
-1.60 1.250000e+01 1.999110e-01
-1.60 1.300000e+01 1.999110e-01
-1.60 1.350000e+01 1.999110e-01
-1.60 1.400000e+01 1.981332e-01

-1.59 7.000000e+00 1.935521e-01
-1.59 7.500000e+00 1.946345e-01
-1.59 8.000000e+00 1.946345e-01
-1.59 8.500000e+00 1.946345e-01
-1.59 9.000000e+00 1.946345e-01
-1.59 9.500000e+00 1.946345e-01
-1.59 1.000000e+01 1.946345e-01
-1.59 1.050000e+01 1.946345e-01
-1.59 1.100000e+01 1.946345e-01
-1.59 1.150000e+01 1.946345e-01
-1.59 1.200000e+01 1.946345e-01
-1.59 1.250000e+01 1.946345e-01
-1.59 1.300000e+01 1.946345e-01
-1.59 1.350000e+01 1.946345e-01
-1.59 1.400000e+01 1.935521e-01

-1.58 7.000000e+00 1.893083e-01
-1.58 7.500000e+00 1.893960e-01
-1.58 8.000000e+00 1.893960e-01
-1.58 8.500000e+00 1.893960e-01
-1.58 9.000000e+00 1.893960e-01
-1.58 9.500000e+00 1.893960e-01
-1.58 1.000000e+01 1.893960e-01
-1.58 1.050000e+01 1.893960e-01
-1.58 1.100000e+01 1.893960e-01
-1.58 1.150000e+01 1.893960e-01
-1.58 1.200000e+01 1.893960e-01
-1.58 1.250000e+01 1.893960e-01
-1.58 1.300000e+01 1.893960e-01
-1.58 1.350000e+01 1.893960e-01
-1.58 1.400000e+01 1.893083e-01

-1.57 7.000000e+00 1.830788e-01
-1.57 7.500000e+00 1.841969e-01
-1.57 8.000000e+00 1.841969e-01
-1.57 8.500000e+00 1.841969e-01
-1.57 9.000000e+00 1.841969e-01
-1.57 9.500000e+00 1.841969e-01
-1.57 1.000000e+01 1.841969e-01
-1.57 1.050000e+01 1.841969e-01
-1.57 1.100000e+01 1.841969e-01
-1.57 1.150000e+01 1.841969e-01
-1.57 1.200000e+01 1.841969e-01
-1.57 1.250000e+01 1.841969e-01
-1.57 1.300000e+01 1.841969e-01
-1.57 1.350000e+01 1.841969e-01
-1.57 1.400000e+01 1.830788e-01

-1.56 7.000000e+00 1.786903e-01
-1.56 7.500000e+00 1.790385e-01
-1.56 8.000000e+00 1.790385e-01
-1.56 8.500000e+00 1.790385e-01
-1.56 9.000000e+00 1.790385e-01
-1.56 9.500000e+00 1.790385e-01
-1.56 1.000000e+01 1.790385e-01
-1.56 1.050000e+01 1.790385e-01
-1.56 1.100000e+01 1.790385e-01
-1.56 1.150000e+01 1.790385e-01
-1.56 1.200000e+01 1.790385e-01
-1.56 1.250000e+01 1.790385e-01
-1.56 1.300000e+01 1.790385e-01
-1.56 1.350000e+01 1.790385e-01
-1.56 1.400000e+01 1.786903e-01

-1.55 7.000000e+00 1.719988e-01
-1.55 7.500000e+00 1.739222e-01
-1.55 8.000000e+00 1.739222e-01
-1.55 8.500000e+00 1.739222e-01
-1.55 9.000000e+00 1.739222e-01
-1.55 9.500000e+00 1.739222e-01
-1.55 1.000000e+01 1.739222e-01
-1.55 1.050000e+01 1.739222e-01
-1.55 1.100000e+01 1.739222e-01
-1.55 1.150000e+01 1.739222e-01
-1.55 1.200000e+01 1.739222e-01
-1.55 1.250000e+01 1.739222e-01
-1.55 1.300000e+01 1.739222e-01
-1.55 1.350000e+01 1.739222e-01
-1.55 1.400000e+01 1.719988e-01

-1.54 7.000000e+00 1.676834e-01
-1.54 7.500000e+00 1.688496e-01
-1.54 8.000000e+00 1.688496e-01
-1.54 8.500000e+00 1.688496e-01
-1.54 9.000000e+00 1.688496e-01
-1.54 9.500000e+00 1.688496e-01
-1.54 1.000000e+01 1.688496e-01
-1.54 1.050000e+01 1.688496e-01
-1.54 1.100000e+01 1.688496e-01
-1.54 1.150000e+01 1.688496e-01
-1.54 1.200000e+01 1.688496e-01
-1.54 1.250000e+01 1.688496e-01
-1.54 1.300000e+01 1.688496e-01
-1.54 1.350000e+01 1.688496e-01
-1.54 1.400000e+01 1.676834e-01

-1.53 7.000000e+00 1.615368e-01
-1.53 7.500000e+00 1.638221e-01
-1.53 8.000000e+00 1.638221e-01
-1.53 8.500000e+00 1.638221e-01
-1.53 9.000000e+00 1.638221e-01
-1.53 9.500000e+00 1.638221e-01
-1.53 1.000000e+01 1.638221e-01
-1.53 1.050000e+01 1.638221e-01
-1.53 1.100000e+01 1.638221e-01
-1.53 1.150000e+01 1.638221e-01
-1.53 1.200000e+01 1.638221e-01
-1.53 1.250000e+01 1.638221e-01
-1.53 1.300000e+01 1.638221e-01
-1.53 1.350000e+01 1.638221e-01
-1.53 1.400000e+01 1.615368e-01

-1.52 7.000000e+00 1.576471e-01
-1.52 7.500000e+00 1.588413e-01
-1.52 8.000000e+00 1.588413e-01
-1.52 8.500000e+00 1.588413e-01
-1.52 9.000000e+00 1.588413e-01
-1.52 9.500000e+00 1.588413e-01
-1.52 1.000000e+01 1.588413e-01
-1.52 1.050000e+01 1.588413e-01
-1.52 1.100000e+01 1.588413e-01
-1.52 1.150000e+01 1.588413e-01
-1.52 1.200000e+01 1.588413e-01
-1.52 1.250000e+01 1.588413e-01
-1.52 1.300000e+01 1.588413e-01
-1.52 1.350000e+01 1.588413e-01
-1.52 1.400000e+01 1.576471e-01

-1.51 7.000000e+00 1.551891e-01
-1.51 7.500000e+00 1.539089e-01
-1.51 8.000000e+00 1.539089e-01
-1.51 8.500000e+00 1.539089e-01
-1.51 9.000000e+00 1.539089e-01
-1.51 9.500000e+00 1.539089e-01
-1.51 1.000000e+01 1.539089e-01
-1.51 1.050000e+01 1.539089e-01
-1.51 1.100000e+01 1.539089e-01
-1.51 1.150000e+01 1.539089e-01
-1.51 1.200000e+01 1.539089e-01
-1.51 1.250000e+01 1.539089e-01
-1.51 1.300000e+01 1.539089e-01
-1.51 1.350000e+01 1.539089e-01
-1.51 1.400000e+01 1.551891e-01

-1.50 7.000000e+00 1.469906e-01
-1.50 7.500000e+00 1.490266e-01
-1.50 8.000000e+00 1.490266e-01
-1.50 8.500000e+00 1.490266e-01
-1.50 9.000000e+00 1.490266e-01
-1.50 9.500000e+00 1.490266e-01
-1.50 1.000000e+01 1.490266e-01
-1.50 1.050000e+01 1.490266e-01
-1.50 1.100000e+01 1.490266e-01
-1.50 1.150000e+01 1.490266e-01
-1.50 1.200000e+01 1.490266e-01
-1.50 1.250000e+01 1.490266e-01
-1.50 1.300000e+01 1.490266e-01
-1.50 1.350000e+01 1.490266e-01
-1.50 1.400000e+01 1.469906e-01

-1.49 7.000000e+00 1.429668e-01
-1.49 7.500000e+00 1.441962e-01
-1.49 8.000000e+00 1.441962e-01
-1.49 8.500000e+00 1.441962e-01
-1.49 9.000000e+00 1.441962e-01
-1.49 9.500000e+00 1.441962e-01
-1.49 1.000000e+01 1.441962e-01
-1.49 1.050000e+01 1.441962e-01
-1.49 1.100000e+01 1.441962e-01
-1.49 1.150000e+01 1.441962e-01
-1.49 1.200000e+01 1.441962e-01
-1.49 1.250000e+01 1.441962e-01
-1.49 1.300000e+01 1.441962e-01
-1.49 1.350000e+01 1.441962e-01
-1.49 1.400000e+01 1.429668e-01

-1.48 7.000000e+00 1.389407e-01
-1.48 7.500000e+00 1.394194e-01
-1.48 8.000000e+00 1.394194e-01
-1.48 8.500000e+00 1.394194e-01
-1.48 9.000000e+00 1.394194e-01
-1.48 9.500000e+00 1.394194e-01
-1.48 1.000000e+01 1.394194e-01
-1.48 1.050000e+01 1.394194e-01
-1.48 1.100000e+01 1.394194e-01
-1.48 1.150000e+01 1.394194e-01
-1.48 1.200000e+01 1.394194e-01
-1.48 1.250000e+01 1.394194e-01
-1.48 1.300000e+01 1.394194e-01
-1.48 1.350000e+01 1.394194e-01
-1.48 1.400000e+01 1.389407e-01

-1.47 7.000000e+00 1.334502e-01
-1.47 7.500000e+00 1.346980e-01
-1.47 8.000000e+00 1.346980e-01
-1.47 8.500000e+00 1.346980e-01
-1.47 9.000000e+00 1.346980e-01
-1.47 9.500000e+00 1.346980e-01
-1.47 1.000000e+01 1.346980e-01
-1.47 1.050000e+01 1.346980e-01
-1.47 1.100000e+01 1.346980e-01
-1.47 1.150000e+01 1.346980e-01
-1.47 1.200000e+01 1.346980e-01
-1.47 1.250000e+01 1.346980e-01
-1.47 1.300000e+01 1.346980e-01
-1.47 1.350000e+01 1.346980e-01
-1.47 1.400000e+01 1.334502e-01

-1.46 7.000000e+00 1.289361e-01
-1.46 7.500000e+00 1.300341e-01
-1.46 8.000000e+00 1.300341e-01
-1.46 8.500000e+00 1.300341e-01
-1.46 9.000000e+00 1.300341e-01
-1.46 9.500000e+00 1.300341e-01
-1.46 1.000000e+01 1.300341e-01
-1.46 1.050000e+01 1.300341e-01
-1.46 1.100000e+01 1.300341e-01
-1.46 1.150000e+01 1.300341e-01
-1.46 1.200000e+01 1.300341e-01
-1.46 1.250000e+01 1.300341e-01
-1.46 1.300000e+01 1.300341e-01
-1.46 1.350000e+01 1.300341e-01
-1.46 1.400000e+01 1.289361e-01

-1.45 7.000000e+00 1.233222e-01
-1.45 7.500000e+00 1.254297e-01
-1.45 8.000000e+00 1.254297e-01
-1.45 8.500000e+00 1.254297e-01
-1.45 9.000000e+00 1.254297e-01
-1.45 9.500000e+00 1.254297e-01
-1.45 1.000000e+01 1.254297e-01
-1.45 1.050000e+01 1.254297e-01
-1.45 1.100000e+01 1.254297e-01
-1.45 1.150000e+01 1.254297e-01
-1.45 1.200000e+01 1.254297e-01
-1.45 1.250000e+01 1.254297e-01
-1.45 1.300000e+01 1.254297e-01
-1.45 1.350000e+01 1.254297e-01
-1.45 1.400000e+01 1.233222e-01

-1.44 7.000000e+00 1.196195e-01
-1.44 7.500000e+00 1.208866e-01
-1.44 8.000000e+00 1.208866e-01
-1.44 8.500000e+00 1.208866e-01
-1.44 9.000000e+00 1.208866e-01
-1.44 9.500000e+00 1.208866e-01
-1.44 1.000000e+01 1.208866e-01
-1.44 1.050000e+01 1.208866e-01
-1.44 1.100000e+01 1.208866e-01
-1.44 1.150000e+01 1.208866e-01
-1.44 1.200000e+01 1.208866e-01
-1.44 1.250000e+01 1.208866e-01
-1.44 1.300000e+01 1.208866e-01
-1.44 1.350000e+01 1.208866e-01
-1.44 1.400000e+01 1.196195e-01

-1.43 7.000000e+00 1.157724e-01
-1.43 7.500000e+00 1.164071e-01
-1.43 8.000000e+00 1.164071e-01
-1.43 8.500000e+00 1.164071e-01
-1.43 9.000000e+00 1.164071e-01
-1.43 9.500000e+00 1.164071e-01
-1.43 1.000000e+01 1.164071e-01
-1.43 1.050000e+01 1.164071e-01
-1.43 1.100000e+01 1.164071e-01
-1.43 1.150000e+01 1.164071e-01
-1.43 1.200000e+01 1.164071e-01
-1.43 1.250000e+01 1.164071e-01
-1.43 1.300000e+01 1.164071e-01
-1.43 1.350000e+01 1.164071e-01
-1.43 1.400000e+01 1.157724e-01

-1.42 7.000000e+00 1.107194e-01
-1.42 7.500000e+00 1.119932e-01
-1.42 8.000000e+00 1.119932e-01
-1.42 8.500000e+00 1.119932e-01
-1.42 9.000000e+00 1.119932e-01
-1.42 9.500000e+00 1.119932e-01
-1.42 1.000000e+01 1.119932e-01
-1.42 1.050000e+01 1.119932e-01
-1.42 1.100000e+01 1.119932e-01
-1.42 1.150000e+01 1.119932e-01
-1.42 1.200000e+01 1.119932e-01
-1.42 1.250000e+01 1.119932e-01
-1.42 1.300000e+01 1.119932e-01
-1.42 1.350000e+01 1.119932e-01
-1.42 1.400000e+01 1.107194e-01

-1.41 7.000000e+00 1.084091e-01
-1.41 7.500000e+00 1.076472e-01
-1.41 8.000000e+00 1.076472e-01
-1.41 8.500000e+00 1.076472e-01
-1.41 9.000000e+00 1.076472e-01
-1.41 9.500000e+00 1.076472e-01
-1.41 1.000000e+01 1.076472e-01
-1.41 1.050000e+01 1.076472e-01
-1.41 1.100000e+01 1.076472e-01
-1.41 1.150000e+01 1.076472e-01
-1.41 1.200000e+01 1.076472e-01
-1.41 1.250000e+01 1.076472e-01
-1.41 1.300000e+01 1.076472e-01
-1.41 1.350000e+01 1.076472e-01
-1.41 1.400000e+01 1.084091e-01

-1.40 7.000000e+00 1.020960e-01
-1.40 7.500000e+00 1.033712e-01
-1.40 8.000000e+00 1.033712e-01
-1.40 8.500000e+00 1.033712e-01
-1.40 9.000000e+00 1.033712e-01
-1.40 9.500000e+00 1.033712e-01
-1.40 1.000000e+01 1.033712e-01
-1.40 1.050000e+01 1.033712e-01
-1.40 1.100000e+01 1.033712e-01
-1.40 1.150000e+01 1.033712e-01
-1.40 1.200000e+01 1.033712e-01
-1.40 1.250000e+01 1.033712e-01
-1.40 1.300000e+01 1.033712e-01
-1.40 1.350000e+01 1.033712e-01
-1.40 1.400000e+01 1.020960e-01

-1.39 7.000000e+00 9.909578e-02
-1.39 7.500000e+00 9.916656e-02
-1.39 8.000000e+00 9.916656e-02
-1.39 8.500000e+00 9.916656e-02
-1.39 9.000000e+00 9.916656e-02
-1.39 9.500000e+00 9.916656e-02
-1.39 1.000000e+01 9.916656e-02
-1.39 1.050000e+01 9.916656e-02
-1.39 1.100000e+01 9.916656e-02
-1.39 1.150000e+01 9.916656e-02
-1.39 1.200000e+01 9.916656e-02
-1.39 1.250000e+01 9.916656e-02
-1.39 1.300000e+01 9.916656e-02
-1.39 1.350000e+01 9.916656e-02
-1.39 1.400000e+01 9.909578e-02

-1.38 7.000000e+00 9.423900e-02
-1.38 7.500000e+00 9.500492e-02
-1.38 8.000000e+00 9.500492e-02
-1.38 8.500000e+00 9.500492e-02
-1.38 9.000000e+00 9.500492e-02
-1.38 9.500000e+00 9.500492e-02
-1.38 1.000000e+01 9.500492e-02
-1.38 1.050000e+01 9.500492e-02
-1.38 1.100000e+01 9.500492e-02
-1.38 1.150000e+01 9.500492e-02
-1.38 1.200000e+01 9.500492e-02
-1.38 1.250000e+01 9.500492e-02
-1.38 1.300000e+01 9.500492e-02
-1.38 1.350000e+01 9.500492e-02
-1.38 1.400000e+01 9.423900e-02

-1.37 7.000000e+00 8.957761e-02
-1.37 7.500000e+00 9.087660e-02
-1.37 8.000000e+00 9.087660e-02
-1.37 8.500000e+00 9.087660e-02
-1.37 9.000000e+00 9.087660e-02
-1.37 9.500000e+00 9.087660e-02
-1.37 1.000000e+01 9.087660e-02
-1.37 1.050000e+01 9.087660e-02
-1.37 1.100000e+01 9.087660e-02
-1.37 1.150000e+01 9.087660e-02
-1.37 1.200000e+01 9.087660e-02
-1.37 1.250000e+01 9.087660e-02
-1.37 1.300000e+01 9.087660e-02
-1.37 1.350000e+01 9.087660e-02
-1.37 1.400000e+01 8.957761e-02

-1.36 7.000000e+00 8.513778e-02
-1.36 7.500000e+00 8.678802e-02
-1.36 8.000000e+00 8.678802e-02
-1.36 8.500000e+00 8.678802e-02
-1.36 9.000000e+00 8.678802e-02
-1.36 9.500000e+00 8.678802e-02
-1.36 1.000000e+01 8.678802e-02
-1.36 1.050000e+01 8.678802e-02
-1.36 1.100000e+01 8.678802e-02
-1.36 1.150000e+01 8.678802e-02
-1.36 1.200000e+01 8.678802e-02
-1.36 1.250000e+01 8.678802e-02
-1.36 1.300000e+01 8.678802e-02
-1.36 1.350000e+01 8.678802e-02
-1.36 1.400000e+01 8.513778e-02

-1.35 7.000000e+00 8.143695e-02
-1.35 7.500000e+00 8.274596e-02
-1.35 8.000000e+00 8.274596e-02
-1.35 8.500000e+00 8.274596e-02
-1.35 9.000000e+00 8.274596e-02
-1.35 9.500000e+00 8.274596e-02
-1.35 1.000000e+01 8.274596e-02
-1.35 1.050000e+01 8.274596e-02
-1.35 1.100000e+01 8.274596e-02
-1.35 1.150000e+01 8.274596e-02
-1.35 1.200000e+01 8.274596e-02
-1.35 1.250000e+01 8.274596e-02
-1.35 1.300000e+01 8.274596e-02
-1.35 1.350000e+01 8.274596e-02
-1.35 1.400000e+01 8.143695e-02

-1.34 7.000000e+00 8.056029e-02
-1.34 7.500000e+00 7.875751e-02
-1.34 8.000000e+00 7.875751e-02
-1.34 8.500000e+00 7.875751e-02
-1.34 9.000000e+00 7.875751e-02
-1.34 9.500000e+00 7.875751e-02
-1.34 1.000000e+01 7.875751e-02
-1.34 1.050000e+01 7.875751e-02
-1.34 1.100000e+01 7.875751e-02
-1.34 1.150000e+01 7.875751e-02
-1.34 1.200000e+01 7.875751e-02
-1.34 1.250000e+01 7.875751e-02
-1.34 1.300000e+01 7.875751e-02
-1.34 1.350000e+01 7.875751e-02
-1.34 1.400000e+01 8.056029e-02

-1.33 7.000000e+00 7.394816e-02
-1.33 7.500000e+00 7.483001e-02
-1.33 8.000000e+00 7.483001e-02
-1.33 8.500000e+00 7.483001e-02
-1.33 9.000000e+00 7.483001e-02
-1.33 9.500000e+00 7.483001e-02
-1.33 1.000000e+01 7.483001e-02
-1.33 1.050000e+01 7.483001e-02
-1.33 1.100000e+01 7.483001e-02
-1.33 1.150000e+01 7.483001e-02
-1.33 1.200000e+01 7.483001e-02
-1.33 1.250000e+01 7.483001e-02
-1.33 1.300000e+01 7.483001e-02
-1.33 1.350000e+01 7.483001e-02
-1.33 1.400000e+01 7.394816e-02

-1.32 7.000000e+00 6.966939e-02
-1.32 7.500000e+00 7.097099e-02
-1.32 8.000000e+00 7.097099e-02
-1.32 8.500000e+00 7.097099e-02
-1.32 9.000000e+00 7.097099e-02
-1.32 9.500000e+00 7.097099e-02
-1.32 1.000000e+01 7.097099e-02
-1.32 1.050000e+01 7.097099e-02
-1.32 1.100000e+01 7.097099e-02
-1.32 1.150000e+01 7.097099e-02
-1.32 1.200000e+01 7.097099e-02
-1.32 1.250000e+01 7.097099e-02
-1.32 1.300000e+01 7.097099e-02
-1.32 1.350000e+01 7.097099e-02
-1.32 1.400000e+01 6.966939e-02

-1.31 7.000000e+00 6.753435e-02
-1.31 7.500000e+00 6.718807e-02
-1.31 8.000000e+00 6.718807e-02
-1.31 8.500000e+00 6.718807e-02
-1.31 9.000000e+00 6.718807e-02
-1.31 9.500000e+00 6.718807e-02
-1.31 1.000000e+01 6.718807e-02
-1.31 1.050000e+01 6.718807e-02
-1.31 1.100000e+01 6.718807e-02
-1.31 1.150000e+01 6.718807e-02
-1.31 1.200000e+01 6.718807e-02
-1.31 1.250000e+01 6.718807e-02
-1.31 1.300000e+01 6.718807e-02
-1.31 1.350000e+01 6.718807e-02
-1.31 1.400000e+01 6.753435e-02

-1.30 7.000000e+00 6.220892e-02
-1.30 7.500000e+00 6.348885e-02
-1.30 8.000000e+00 6.348885e-02
-1.30 8.500000e+00 6.348885e-02
-1.30 9.000000e+00 6.348885e-02
-1.30 9.500000e+00 6.348885e-02
-1.30 1.000000e+01 6.348885e-02
-1.30 1.050000e+01 6.348885e-02
-1.30 1.100000e+01 6.348885e-02
-1.30 1.150000e+01 6.348885e-02
-1.30 1.200000e+01 6.348885e-02
-1.30 1.250000e+01 6.348885e-02
-1.30 1.300000e+01 6.348885e-02
-1.30 1.350000e+01 6.348885e-02
-1.30 1.400000e+01 6.220892e-02

-1.29 7.000000e+00 5.921883e-02
-1.29 7.500000e+00 5.988084e-02
-1.29 8.000000e+00 5.988084e-02
-1.29 8.500000e+00 5.988084e-02
-1.29 9.000000e+00 5.988084e-02
-1.29 9.500000e+00 5.988084e-02
-1.29 1.000000e+01 5.988084e-02
-1.29 1.050000e+01 5.988084e-02
-1.29 1.100000e+01 5.988084e-02
-1.29 1.150000e+01 5.988084e-02
-1.29 1.200000e+01 5.988084e-02
-1.29 1.250000e+01 5.988084e-02
-1.29 1.300000e+01 5.988084e-02
-1.29 1.350000e+01 5.988084e-02
-1.29 1.400000e+01 5.921883e-02

-1.28 7.000000e+00 5.544522e-02
-1.28 7.500000e+00 5.637127e-02
-1.28 8.000000e+00 5.637127e-02
-1.28 8.500000e+00 5.637127e-02
-1.28 9.000000e+00 5.637127e-02
-1.28 9.500000e+00 5.637127e-02
-1.28 1.000000e+01 5.637127e-02
-1.28 1.050000e+01 5.637127e-02
-1.28 1.100000e+01 5.637127e-02
-1.28 1.150000e+01 5.637127e-02
-1.28 1.200000e+01 5.637127e-02
-1.28 1.250000e+01 5.637127e-02
-1.28 1.300000e+01 5.637127e-02
-1.28 1.350000e+01 5.637127e-02
-1.28 1.400000e+01 5.544522e-02

-1.27 7.000000e+00 5.174592e-02
-1.27 7.500000e+00 5.296703e-02
-1.27 8.000000e+00 5.296703e-02
-1.27 8.500000e+00 5.296703e-02
-1.27 9.000000e+00 5.296703e-02
-1.27 9.500000e+00 5.296703e-02
-1.27 1.000000e+01 5.296703e-02
-1.27 1.050000e+01 5.296703e-02
-1.27 1.100000e+01 5.296703e-02
-1.27 1.150000e+01 5.296703e-02
-1.27 1.200000e+01 5.296703e-02
-1.27 1.250000e+01 5.296703e-02
-1.27 1.300000e+01 5.296703e-02
-1.27 1.350000e+01 5.296703e-02
-1.27 1.400000e+01 5.174592e-02

-1.26 7.000000e+00 4.983774e-02
-1.26 7.500000e+00 4.967449e-02
-1.26 8.000000e+00 4.967449e-02
-1.26 8.500000e+00 4.967449e-02
-1.26 9.000000e+00 4.967449e-02
-1.26 9.500000e+00 4.967449e-02
-1.26 1.000000e+01 4.967449e-02
-1.26 1.050000e+01 4.967449e-02
-1.26 1.100000e+01 4.967449e-02
-1.26 1.150000e+01 4.967449e-02
-1.26 1.200000e+01 4.967449e-02
-1.26 1.250000e+01 4.967449e-02
-1.26 1.300000e+01 4.967449e-02
-1.26 1.350000e+01 4.967449e-02
-1.26 1.400000e+01 4.983774e-02

-1.25 7.000000e+00 4.533433e-02
-1.25 7.500000e+00 4.649942e-02
-1.25 8.000000e+00 4.649942e-02
-1.25 8.500000e+00 4.649942e-02
-1.25 9.000000e+00 4.649942e-02
-1.25 9.500000e+00 4.649942e-02
-1.25 1.000000e+01 4.649942e-02
-1.25 1.050000e+01 4.649942e-02
-1.25 1.100000e+01 4.649942e-02
-1.25 1.150000e+01 4.649942e-02
-1.25 1.200000e+01 4.649942e-02
-1.25 1.250000e+01 4.649942e-02
-1.25 1.300000e+01 4.649942e-02
-1.25 1.350000e+01 4.649942e-02
-1.25 1.400000e+01 4.533433e-02

-1.24 7.000000e+00 4.456097e-02
-1.24 7.500000e+00 4.344684e-02
-1.24 8.000000e+00 4.344684e-02
-1.24 8.500000e+00 4.344684e-02
-1.24 9.000000e+00 4.344684e-02
-1.24 9.500000e+00 4.344684e-02
-1.24 1.000000e+01 4.344684e-02
-1.24 1.050000e+01 4.344684e-02
-1.24 1.100000e+01 4.344684e-02
-1.24 1.150000e+01 4.344684e-02
-1.24 1.200000e+01 4.344684e-02
-1.24 1.250000e+01 4.344684e-02
-1.24 1.300000e+01 4.344684e-02
-1.24 1.350000e+01 4.344684e-02
-1.24 1.400000e+01 4.456097e-02

-1.23 7.000000e+00 3.963758e-02
-1.23 7.500000e+00 4.052095e-02
-1.23 8.000000e+00 4.052095e-02
-1.23 8.500000e+00 4.052095e-02
-1.23 9.000000e+00 4.052095e-02
-1.23 9.500000e+00 4.052095e-02
-1.23 1.000000e+01 4.052095e-02
-1.23 1.050000e+01 4.052095e-02
-1.23 1.100000e+01 4.052095e-02
-1.23 1.150000e+01 4.052095e-02
-1.23 1.200000e+01 4.052095e-02
-1.23 1.250000e+01 4.052095e-02
-1.23 1.300000e+01 4.052095e-02
-1.23 1.350000e+01 4.052095e-02
-1.23 1.400000e+01 3.963758e-02

-1.22 7.000000e+00 3.666516e-02
-1.22 7.500000e+00 3.772504e-02
-1.22 8.000000e+00 3.772504e-02
-1.22 8.500000e+00 3.772504e-02
-1.22 9.000000e+00 3.772504e-02
-1.22 9.500000e+00 3.772504e-02
-1.22 1.000000e+01 3.772504e-02
-1.22 1.050000e+01 3.772504e-02
-1.22 1.100000e+01 3.772504e-02
-1.22 1.150000e+01 3.772504e-02
-1.22 1.200000e+01 3.772504e-02
-1.22 1.250000e+01 3.772504e-02
-1.22 1.300000e+01 3.772504e-02
-1.22 1.350000e+01 3.772504e-02
-1.22 1.400000e+01 3.666516e-02

-1.21 7.000000e+00 3.508329e-02
-1.21 7.500000e+00 3.506146e-02
-1.21 8.000000e+00 3.506146e-02
-1.21 8.500000e+00 3.506146e-02
-1.21 9.000000e+00 3.506146e-02
-1.21 9.500000e+00 3.506146e-02
-1.21 1.000000e+01 3.506146e-02
-1.21 1.050000e+01 3.506146e-02
-1.21 1.100000e+01 3.506146e-02
-1.21 1.150000e+01 3.506146e-02
-1.21 1.200000e+01 3.506146e-02
-1.21 1.250000e+01 3.506146e-02
-1.21 1.300000e+01 3.506146e-02
-1.21 1.350000e+01 3.506146e-02
-1.21 1.400000e+01 3.508329e-02

-1.20 7.000000e+00 3.155230e-02
-1.20 7.500000e+00 3.253155e-02
-1.20 8.000000e+00 3.253155e-02
-1.20 8.500000e+00 3.253155e-02
-1.20 9.000000e+00 3.253155e-02
-1.20 9.500000e+00 3.253155e-02
-1.20 1.000000e+01 3.253155e-02
-1.20 1.050000e+01 3.253155e-02
-1.20 1.100000e+01 3.253155e-02
-1.20 1.150000e+01 3.253155e-02
-1.20 1.200000e+01 3.253155e-02
-1.20 1.250000e+01 3.253155e-02
-1.20 1.300000e+01 3.253155e-02
-1.20 1.350000e+01 3.253155e-02
-1.20 1.400000e+01 3.155230e-02

-1.19 7.000000e+00 2.931522e-02
-1.19 7.500000e+00 3.013571e-02
-1.19 8.000000e+00 3.013571e-02
-1.19 8.500000e+00 3.013571e-02
-1.19 9.000000e+00 3.013571e-02
-1.19 9.500000e+00 3.013571e-02
-1.19 1.000000e+01 3.013571e-02
-1.19 1.050000e+01 3.013571e-02
-1.19 1.100000e+01 3.013571e-02
-1.19 1.150000e+01 3.013571e-02
-1.19 1.200000e+01 3.013571e-02
-1.19 1.250000e+01 3.013571e-02
-1.19 1.300000e+01 3.013571e-02
-1.19 1.350000e+01 3.013571e-02
-1.19 1.400000e+01 2.931522e-02

-1.18 7.000000e+00 2.710648e-02
-1.18 7.500000e+00 2.787334e-02
-1.18 8.000000e+00 2.787334e-02
-1.18 8.500000e+00 2.787334e-02
-1.18 9.000000e+00 2.787334e-02
-1.18 9.500000e+00 2.787334e-02
-1.18 1.000000e+01 2.787334e-02
-1.18 1.050000e+01 2.787334e-02
-1.18 1.100000e+01 2.787334e-02
-1.18 1.150000e+01 2.787334e-02
-1.18 1.200000e+01 2.787334e-02
-1.18 1.250000e+01 2.787334e-02
-1.18 1.300000e+01 2.787334e-02
-1.18 1.350000e+01 2.787334e-02
-1.18 1.400000e+01 2.710648e-02

-1.17 7.000000e+00 2.489294e-02
-1.17 7.500000e+00 2.574299e-02
-1.17 8.000000e+00 2.574299e-02
-1.17 8.500000e+00 2.574299e-02
-1.17 9.000000e+00 2.574299e-02
-1.17 9.500000e+00 2.574299e-02
-1.17 1.000000e+01 2.574299e-02
-1.17 1.050000e+01 2.574299e-02
-1.17 1.100000e+01 2.574299e-02
-1.17 1.150000e+01 2.574299e-02
-1.17 1.200000e+01 2.574299e-02
-1.17 1.250000e+01 2.574299e-02
-1.17 1.300000e+01 2.574299e-02
-1.17 1.350000e+01 2.574299e-02
-1.17 1.400000e+01 2.489294e-02

-1.16 7.000000e+00 2.367730e-02
-1.16 7.500000e+00 2.374233e-02
-1.16 8.000000e+00 2.374233e-02
-1.16 8.500000e+00 2.374233e-02
-1.16 9.000000e+00 2.374233e-02
-1.16 9.500000e+00 2.374233e-02
-1.16 1.000000e+01 2.374233e-02
-1.16 1.050000e+01 2.374233e-02
-1.16 1.100000e+01 2.374233e-02
-1.16 1.150000e+01 2.374233e-02
-1.16 1.200000e+01 2.374233e-02
-1.16 1.250000e+01 2.374233e-02
-1.16 1.300000e+01 2.374233e-02
-1.16 1.350000e+01 2.374233e-02
-1.16 1.400000e+01 2.367730e-02

-1.15 7.000000e+00 2.110556e-02
-1.15 7.500000e+00 2.186832e-02
-1.15 8.000000e+00 2.186832e-02
-1.15 8.500000e+00 2.186832e-02
-1.15 9.000000e+00 2.186832e-02
-1.15 9.500000e+00 2.186832e-02
-1.15 1.000000e+01 2.186832e-02
-1.15 1.050000e+01 2.186832e-02
-1.15 1.100000e+01 2.186832e-02
-1.15 1.150000e+01 2.186832e-02
-1.15 1.200000e+01 2.186832e-02
-1.15 1.250000e+01 2.186832e-02
-1.15 1.300000e+01 2.186832e-02
-1.15 1.350000e+01 2.186832e-02
-1.15 1.400000e+01 2.110556e-02

-1.14 7.000000e+00 2.060524e-02
-1.14 7.500000e+00 2.011723e-02
-1.14 8.000000e+00 2.011723e-02
-1.14 8.500000e+00 2.011723e-02
-1.14 9.000000e+00 2.011723e-02
-1.14 9.500000e+00 2.011723e-02
-1.14 1.000000e+01 2.011723e-02
-1.14 1.050000e+01 2.011723e-02
-1.14 1.100000e+01 2.011723e-02
-1.14 1.150000e+01 2.011723e-02
-1.14 1.200000e+01 2.011723e-02
-1.14 1.250000e+01 2.011723e-02
-1.14 1.300000e+01 2.011723e-02
-1.14 1.350000e+01 2.011723e-02
-1.14 1.400000e+01 2.060524e-02

-1.13 7.000000e+00 1.787176e-02
-1.13 7.500000e+00 1.848482e-02
-1.13 8.000000e+00 1.848482e-02
-1.13 8.500000e+00 1.848482e-02
-1.13 9.000000e+00 1.848482e-02
-1.13 9.500000e+00 1.848482e-02
-1.13 1.000000e+01 1.848482e-02
-1.13 1.050000e+01 1.848482e-02
-1.13 1.100000e+01 1.848482e-02
-1.13 1.150000e+01 1.848482e-02
-1.13 1.200000e+01 1.848482e-02
-1.13 1.250000e+01 1.848482e-02
-1.13 1.300000e+01 1.848482e-02
-1.13 1.350000e+01 1.848482e-02
-1.13 1.400000e+01 1.787176e-02

-1.12 7.000000e+00 1.632996e-02
-1.12 7.500000e+00 1.696638e-02
-1.12 8.000000e+00 1.696638e-02
-1.12 8.500000e+00 1.696638e-02
-1.12 9.000000e+00 1.696638e-02
-1.12 9.500000e+00 1.696638e-02
-1.12 1.000000e+01 1.696638e-02
-1.12 1.050000e+01 1.696638e-02
-1.12 1.100000e+01 1.696638e-02
-1.12 1.150000e+01 1.696638e-02
-1.12 1.200000e+01 1.696638e-02
-1.12 1.250000e+01 1.696638e-02
-1.12 1.300000e+01 1.696638e-02
-1.12 1.350000e+01 1.696638e-02
-1.12 1.400000e+01 1.632996e-02

-1.11 7.000000e+00 1.545456e-02
-1.11 7.500000e+00 1.555688e-02
-1.11 8.000000e+00 1.555688e-02
-1.11 8.500000e+00 1.555688e-02
-1.11 9.000000e+00 1.555688e-02
-1.11 9.500000e+00 1.555688e-02
-1.11 1.000000e+01 1.555688e-02
-1.11 1.050000e+01 1.555688e-02
-1.11 1.100000e+01 1.555688e-02
-1.11 1.150000e+01 1.555688e-02
-1.11 1.200000e+01 1.555688e-02
-1.11 1.250000e+01 1.555688e-02
-1.11 1.300000e+01 1.555688e-02
-1.11 1.350000e+01 1.555688e-02
-1.11 1.400000e+01 1.545456e-02

-1.10 7.000000e+00 1.369299e-02
-1.10 7.500000e+00 1.425101e-02
-1.10 8.000000e+00 1.425101e-02
-1.10 8.500000e+00 1.425101e-02
-1.10 9.000000e+00 1.425101e-02
-1.10 9.500000e+00 1.425101e-02
-1.10 1.000000e+01 1.425101e-02
-1.10 1.050000e+01 1.425101e-02
-1.10 1.100000e+01 1.425101e-02
-1.10 1.150000e+01 1.425101e-02
-1.10 1.200000e+01 1.425101e-02
-1.10 1.250000e+01 1.425101e-02
-1.10 1.300000e+01 1.425101e-02
-1.10 1.350000e+01 1.425101e-02
-1.10 1.400000e+01 1.369299e-02

-1.09 7.000000e+00 1.332889e-02
-1.09 7.500000e+00 1.304334e-02
-1.09 8.000000e+00 1.304334e-02
-1.09 8.500000e+00 1.304334e-02
-1.09 9.000000e+00 1.304334e-02
-1.09 9.500000e+00 1.304334e-02
-1.09 1.000000e+01 1.304334e-02
-1.09 1.050000e+01 1.304334e-02
-1.09 1.100000e+01 1.304334e-02
-1.09 1.150000e+01 1.304334e-02
-1.09 1.200000e+01 1.304334e-02
-1.09 1.250000e+01 1.304334e-02
-1.09 1.300000e+01 1.304334e-02
-1.09 1.350000e+01 1.304334e-02
-1.09 1.400000e+01 1.332889e-02

-1.08 7.000000e+00 1.244629e-02
-1.08 7.500000e+00 1.192835e-02
-1.08 8.000000e+00 1.192835e-02
-1.08 8.500000e+00 1.192835e-02
-1.08 9.000000e+00 1.192835e-02
-1.08 9.500000e+00 1.192835e-02
-1.08 1.000000e+01 1.192835e-02
-1.08 1.050000e+01 1.192835e-02
-1.08 1.100000e+01 1.192835e-02
-1.08 1.150000e+01 1.192835e-02
-1.08 1.200000e+01 1.192835e-02
-1.08 1.250000e+01 1.192835e-02
-1.08 1.300000e+01 1.192835e-02
-1.08 1.350000e+01 1.192835e-02
-1.08 1.400000e+01 1.244629e-02

-1.07 7.000000e+00 1.044853e-02
-1.07 7.500000e+00 1.090053e-02
-1.07 8.000000e+00 1.090053e-02
-1.07 8.500000e+00 1.090053e-02
-1.07 9.000000e+00 1.090053e-02
-1.07 9.500000e+00 1.090053e-02
-1.07 1.000000e+01 1.090053e-02
-1.07 1.050000e+01 1.090053e-02
-1.07 1.100000e+01 1.090053e-02
-1.07 1.150000e+01 1.090053e-02
-1.07 1.200000e+01 1.090053e-02
-1.07 1.250000e+01 1.090053e-02
-1.07 1.300000e+01 1.090053e-02
-1.07 1.350000e+01 1.090053e-02
-1.07 1.400000e+01 1.044853e-02

-1.06 7.000000e+00 9.848231e-03
-1.06 7.500000e+00 9.954416e-03
-1.06 8.000000e+00 9.954416e-03
-1.06 8.500000e+00 9.954416e-03
-1.06 9.000000e+00 9.954416e-03
-1.06 9.500000e+00 9.954416e-03
-1.06 1.000000e+01 9.954416e-03
-1.06 1.050000e+01 9.954416e-03
-1.06 1.100000e+01 9.954416e-03
-1.06 1.150000e+01 9.954416e-03
-1.06 1.200000e+01 9.954416e-03
-1.06 1.250000e+01 9.954416e-03
-1.06 1.300000e+01 9.954416e-03
-1.06 1.350000e+01 9.954416e-03
-1.06 1.400000e+01 9.848231e-03

-1.05 7.000000e+00 8.694875e-03
-1.05 7.500000e+00 9.084669e-03
-1.05 8.000000e+00 9.084669e-03
-1.05 8.500000e+00 9.084669e-03
-1.05 9.000000e+00 9.084669e-03
-1.05 9.500000e+00 9.084669e-03
-1.05 1.000000e+01 9.084669e-03
-1.05 1.050000e+01 9.084669e-03
-1.05 1.100000e+01 9.084669e-03
-1.05 1.150000e+01 9.084669e-03
-1.05 1.200000e+01 9.084669e-03
-1.05 1.250000e+01 9.084669e-03
-1.05 1.300000e+01 9.084669e-03
-1.05 1.350000e+01 9.084669e-03
-1.05 1.400000e+01 8.694875e-03

-1.04 7.000000e+00 8.441669e-03
-1.04 7.500000e+00 8.286098e-03
-1.04 8.000000e+00 8.286098e-03
-1.04 8.500000e+00 8.286098e-03
-1.04 9.000000e+00 8.286098e-03
-1.04 9.500000e+00 8.286098e-03
-1.04 1.000000e+01 8.286098e-03
-1.04 1.050000e+01 8.286098e-03
-1.04 1.100000e+01 8.286098e-03
-1.04 1.150000e+01 8.286098e-03
-1.04 1.200000e+01 8.286098e-03
-1.04 1.250000e+01 8.286098e-03
-1.04 1.300000e+01 8.286098e-03
-1.04 1.350000e+01 8.286098e-03
-1.04 1.400000e+01 8.441669e-03

-1.03 7.000000e+00 7.224909e-03
-1.03 7.500000e+00 7.553697e-03
-1.03 8.000000e+00 7.553697e-03
-1.03 8.500000e+00 7.553697e-03
-1.03 9.000000e+00 7.553697e-03
-1.03 9.500000e+00 7.553697e-03
-1.03 1.000000e+01 7.553697e-03
-1.03 1.050000e+01 7.553697e-03
-1.03 1.100000e+01 7.553697e-03
-1.03 1.150000e+01 7.553697e-03
-1.03 1.200000e+01 7.553697e-03
-1.03 1.250000e+01 7.553697e-03
-1.03 1.300000e+01 7.553697e-03
-1.03 1.350000e+01 7.553697e-03
-1.03 1.400000e+01 7.224909e-03

-1.02 7.000000e+00 6.573369e-03
-1.02 7.500000e+00 6.882672e-03
-1.02 8.000000e+00 6.882672e-03
-1.02 8.500000e+00 6.882672e-03
-1.02 9.000000e+00 6.882672e-03
-1.02 9.500000e+00 6.882672e-03
-1.02 1.000000e+01 6.882672e-03
-1.02 1.050000e+01 6.882672e-03
-1.02 1.100000e+01 6.882672e-03
-1.02 1.150000e+01 6.882672e-03
-1.02 1.200000e+01 6.882672e-03
-1.02 1.250000e+01 6.882672e-03
-1.02 1.300000e+01 6.882672e-03
-1.02 1.350000e+01 6.882671e-03
-1.02 1.400000e+01 6.573368e-03

-1.01 7.000000e+00 6.175356e-03
-1.01 7.500000e+00 6.268457e-03
-1.01 8.000000e+00 6.268457e-03
-1.01 8.500000e+00 6.268457e-03
-1.01 9.000000e+00 6.268457e-03
-1.01 9.500000e+00 6.268457e-03
-1.01 1.000000e+01 6.268457e-03
-1.01 1.050000e+01 6.268457e-03
-1.01 1.100000e+01 6.268457e-03
-1.01 1.150000e+01 6.268457e-03
-1.01 1.200000e+01 6.268457e-03
-1.01 1.250000e+01 6.268457e-03
-1.01 1.300000e+01 6.268457e-03
-1.01 1.350000e+01 6.268456e-03
-1.01 1.400000e+01 6.175355e-03

-1.00 7.000000e+00 5.706725e-03
-1.00 7.500000e+00 5.706725e-03
-1.00 8.000000e+00 5.706725e-03
-1.00 8.500000e+00 5.706725e-03
-1.00 9.000000e+00 5.706725e-03
-1.00 9.500000e+00 5.706725e-03
-1.00 1.000000e+01 5.706725e-03
-1.00 1.050000e+01 5.706725e-03
-1.00 1.100000e+01 5.706725e-03
-1.00 1.150000e+01 5.706725e-03
-1.00 1.200000e+01 5.706725e-03
-1.00 1.250000e+01 5.706725e-03
-1.00 1.300000e+01 5.706725e-03
-1.00 1.350000e+01 5.706725e-03
-1.00 1.400000e+01 5.706724e-03

-0.99 7.000000e+00 5.272270e-03
-0.99 7.500000e+00 5.193396e-03
-0.99 8.000000e+00 5.193396e-03
-0.99 8.500000e+00 5.193396e-03
-0.99 9.000000e+00 5.193396e-03
-0.99 9.500000e+00 5.193396e-03
-0.99 1.000000e+01 5.193396e-03
-0.99 1.050000e+01 5.193396e-03
-0.99 1.100000e+01 5.193396e-03
-0.99 1.150000e+01 5.193396e-03
-0.99 1.200000e+01 5.193396e-03
-0.99 1.250000e+01 5.193396e-03
-0.99 1.300000e+01 5.193396e-03
-0.99 1.350000e+01 5.193396e-03
-0.99 1.400000e+01 5.272269e-03

-0.98 7.000000e+00 4.950144e-03
-0.98 7.500000e+00 4.724635e-03
-0.98 8.000000e+00 4.724635e-03
-0.98 8.500000e+00 4.724635e-03
-0.98 9.000000e+00 4.724635e-03
-0.98 9.500000e+00 4.724635e-03
-0.98 1.000000e+01 4.724635e-03
-0.98 1.050000e+01 4.724635e-03
-0.98 1.100000e+01 4.724635e-03
-0.98 1.150000e+01 4.724635e-03
-0.98 1.200000e+01 4.724635e-03
-0.98 1.250000e+01 4.724635e-03
-0.98 1.300000e+01 4.724635e-03
-0.98 1.350000e+01 4.724635e-03
-0.98 1.400000e+01 4.950142e-03

-0.97 7.000000e+00 4.496861e-03
-0.97 7.500000e+00 4.296853e-03
-0.97 8.000000e+00 4.296853e-03
-0.97 8.500000e+00 4.296853e-03
-0.97 9.000000e+00 4.296853e-03
-0.97 9.500000e+00 4.296853e-03
-0.97 1.000000e+01 4.296853e-03
-0.97 1.050000e+01 4.296853e-03
-0.97 1.100000e+01 4.296853e-03
-0.97 1.150000e+01 4.296853e-03
-0.97 1.200000e+01 4.296853e-03
-0.97 1.250000e+01 4.296853e-03
-0.97 1.300000e+01 4.296852e-03
-0.97 1.350000e+01 4.296852e-03
-0.97 1.400000e+01 4.496859e-03

-0.96 7.000000e+00 3.832291e-03
-0.96 7.500000e+00 3.906699e-03
-0.96 8.000000e+00 3.906699e-03
-0.96 8.500000e+00 3.906699e-03
-0.96 9.000000e+00 3.906699e-03
-0.96 9.500000e+00 3.906699e-03
-0.96 1.000000e+01 3.906699e-03
-0.96 1.050000e+01 3.906699e-03
-0.96 1.100000e+01 3.906699e-03
-0.96 1.150000e+01 3.906699e-03
-0.96 1.200000e+01 3.906699e-03
-0.96 1.250000e+01 3.906699e-03
-0.96 1.300000e+01 3.906699e-03
-0.96 1.350000e+01 3.906698e-03
-0.96 1.400000e+01 3.832288e-03

-0.95 7.000000e+00 3.716719e-03
-0.95 7.500000e+00 3.551057e-03
-0.95 8.000000e+00 3.551057e-03
-0.95 8.500000e+00 3.551057e-03
-0.95 9.000000e+00 3.551057e-03
-0.95 9.500000e+00 3.551057e-03
-0.95 1.000000e+01 3.551057e-03
-0.95 1.050000e+01 3.551057e-03
-0.95 1.100000e+01 3.551057e-03
-0.95 1.150000e+01 3.551057e-03
-0.95 1.200000e+01 3.551057e-03
-0.95 1.250000e+01 3.551057e-03
-0.95 1.300000e+01 3.551057e-03
-0.95 1.350000e+01 3.551056e-03
-0.95 1.400000e+01 3.716716e-03

-0.94 7.000000e+00 3.263603e-03
-0.94 7.500000e+00 3.227035e-03
-0.94 8.000000e+00 3.227035e-03
-0.94 8.500000e+00 3.227035e-03
-0.94 9.000000e+00 3.227035e-03
-0.94 9.500000e+00 3.227035e-03
-0.94 1.000000e+01 3.227035e-03
-0.94 1.050000e+01 3.227035e-03
-0.94 1.100000e+01 3.227035e-03
-0.94 1.150000e+01 3.227035e-03
-0.94 1.200000e+01 3.227035e-03
-0.94 1.250000e+01 3.227034e-03
-0.94 1.300000e+01 3.227034e-03
-0.94 1.350000e+01 3.227033e-03
-0.94 1.400000e+01 3.263599e-03

-0.93 7.000000e+00 3.066415e-03
-0.93 7.500000e+00 2.931953e-03
-0.93 8.000000e+00 2.931953e-03
-0.93 8.500000e+00 2.931953e-03
-0.93 9.000000e+00 2.931953e-03
-0.93 9.500000e+00 2.931953e-03
-0.93 1.000000e+01 2.931953e-03
-0.93 1.050000e+01 2.931953e-03
-0.93 1.100000e+01 2.931953e-03
-0.93 1.150000e+01 2.931953e-03
-0.93 1.200000e+01 2.931953e-03
-0.93 1.250000e+01 2.931953e-03
-0.93 1.300000e+01 2.931953e-03
-0.93 1.350000e+01 2.931951e-03
-0.93 1.400000e+01 3.066410e-03

-0.92 7.000000e+00 2.544454e-03
-0.92 7.500000e+00 2.663338e-03
-0.92 8.000000e+00 2.663338e-03
-0.92 8.500000e+00 2.663338e-03
-0.92 9.000000e+00 2.663338e-03
-0.92 9.500000e+00 2.663338e-03
-0.92 1.000000e+01 2.663338e-03
-0.92 1.050000e+01 2.663338e-03
-0.92 1.100000e+01 2.663338e-03
-0.92 1.150000e+01 2.663338e-03
-0.92 1.200000e+01 2.663338e-03
-0.92 1.250000e+01 2.663337e-03
-0.92 1.300000e+01 2.663337e-03
-0.92 1.350000e+01 2.663336e-03
-0.92 1.400000e+01 2.544447e-03

-0.91 7.000000e+00 2.362760e-03
-0.91 7.500000e+00 2.418905e-03
-0.91 8.000000e+00 2.418905e-03
-0.91 8.500000e+00 2.418905e-03
-0.91 9.000000e+00 2.418905e-03
-0.91 9.500000e+00 2.418905e-03
-0.91 1.000000e+01 2.418905e-03
-0.91 1.050000e+01 2.418905e-03
-0.91 1.100000e+01 2.418905e-03
-0.91 1.150000e+01 2.418905e-03
-0.91 1.200000e+01 2.418905e-03
-0.91 1.250000e+01 2.418905e-03
-0.91 1.300000e+01 2.418904e-03
-0.91 1.350000e+01 2.418903e-03
-0.91 1.400000e+01 2.362752e-03

-0.90 7.000000e+00 2.294507e-03
-0.90 7.500000e+00 2.196554e-03
-0.90 8.000000e+00 2.196554e-03
-0.90 8.500000e+00 2.196554e-03
-0.90 9.000000e+00 2.196554e-03
-0.90 9.500000e+00 2.196554e-03
-0.90 1.000000e+01 2.196554e-03
-0.90 1.050000e+01 2.196554e-03
-0.90 1.100000e+01 2.196554e-03
-0.90 1.150000e+01 2.196554e-03
-0.90 1.200000e+01 2.196554e-03
-0.90 1.250000e+01 2.196554e-03
-0.90 1.300000e+01 2.196553e-03
-0.90 1.350000e+01 2.196551e-03
-0.90 1.400000e+01 2.294498e-03

-0.89 7.000000e+00 2.008980e-03
-0.89 7.500000e+00 1.994351e-03
-0.89 8.000000e+00 1.994351e-03
-0.89 8.500000e+00 1.994351e-03
-0.89 9.000000e+00 1.994351e-03
-0.89 9.500000e+00 1.994351e-03
-0.89 1.000000e+01 1.994351e-03
-0.89 1.050000e+01 1.994351e-03
-0.89 1.100000e+01 1.994351e-03
-0.89 1.150000e+01 1.994351e-03
-0.89 1.200000e+01 1.994351e-03
-0.89 1.250000e+01 1.994351e-03
-0.89 1.300000e+01 1.994350e-03
-0.89 1.350000e+01 1.994348e-03
-0.89 1.400000e+01 2.008969e-03

-0.88 7.000000e+00 1.889655e-03
-0.88 7.500000e+00 1.810523e-03
-0.88 8.000000e+00 1.810523e-03
-0.88 8.500000e+00 1.810523e-03
-0.88 9.000000e+00 1.810523e-03
-0.88 9.500000e+00 1.810523e-03
-0.88 1.000000e+01 1.810523e-03
-0.88 1.050000e+01 1.810523e-03
-0.88 1.100000e+01 1.810523e-03
-0.88 1.150000e+01 1.810523e-03
-0.88 1.200000e+01 1.810522e-03
-0.88 1.250000e+01 1.810522e-03
-0.88 1.300000e+01 1.810521e-03
-0.88 1.350000e+01 1.810518e-03
-0.88 1.400000e+01 1.889642e-03

-0.87 7.000000e+00 1.707528e-03
-0.87 7.500000e+00 1.643441e-03
-0.87 8.000000e+00 1.643441e-03
-0.87 8.500000e+00 1.643441e-03
-0.87 9.000000e+00 1.643441e-03
-0.87 9.500000e+00 1.643441e-03
-0.87 1.000000e+01 1.643441e-03
-0.87 1.050000e+01 1.643441e-03
-0.87 1.100000e+01 1.643441e-03
-0.87 1.150000e+01 1.643441e-03
-0.87 1.200000e+01 1.643441e-03
-0.87 1.250000e+01 1.643440e-03
-0.87 1.300000e+01 1.643439e-03
-0.87 1.350000e+01 1.643435e-03
-0.87 1.400000e+01 1.707512e-03

-0.86 7.000000e+00 1.450844e-03
-0.86 7.500000e+00 1.491615e-03
-0.86 8.000000e+00 1.491615e-03
-0.86 8.500000e+00 1.491615e-03
-0.86 9.000000e+00 1.491615e-03
-0.86 9.500000e+00 1.491615e-03
-0.86 1.000000e+01 1.491615e-03
-0.86 1.050000e+01 1.491615e-03
-0.86 1.100000e+01 1.491615e-03
-0.86 1.150000e+01 1.491615e-03
-0.86 1.200000e+01 1.491615e-03
-0.86 1.250000e+01 1.491614e-03
-0.86 1.300000e+01 1.491613e-03
-0.86 1.350000e+01 1.491608e-03
-0.86 1.400000e+01 1.450822e-03

-0.85 7.000000e+00 1.410981e-03
-0.85 7.500000e+00 1.353681e-03
-0.85 8.000000e+00 1.353681e-03
-0.85 8.500000e+00 1.353681e-03
-0.85 9.000000e+00 1.353681e-03
-0.85 9.500000e+00 1.353681e-03
-0.85 1.000000e+01 1.353681e-03
-0.85 1.050000e+01 1.353681e-03
-0.85 1.100000e+01 1.353681e-03
-0.85 1.150000e+01 1.353681e-03
-0.85 1.200000e+01 1.353681e-03
-0.85 1.250000e+01 1.353680e-03
-0.85 1.300000e+01 1.353679e-03
-0.85 1.350000e+01 1.353673e-03
-0.85 1.400000e+01 1.410957e-03

-0.84 7.000000e+00 1.232410e-03
-0.84 7.500000e+00 1.228392e-03
-0.84 8.000000e+00 1.228392e-03
-0.84 8.500000e+00 1.228392e-03
-0.84 9.000000e+00 1.228392e-03
-0.84 9.500000e+00 1.228392e-03
-0.84 1.000000e+01 1.228392e-03
-0.84 1.050000e+01 1.228392e-03
-0.84 1.100000e+01 1.228392e-03
-0.84 1.150000e+01 1.228392e-03
-0.84 1.200000e+01 1.228392e-03
-0.84 1.250000e+01 1.228391e-03
-0.84 1.300000e+01 1.228389e-03
-0.84 1.350000e+01 1.228382e-03
-0.84 1.400000e+01 1.232380e-03

-0.83 7.000000e+00 1.160736e-03
-0.83 7.500000e+00 1.114608e-03
-0.83 8.000000e+00 1.114608e-03
-0.83 8.500000e+00 1.114608e-03
-0.83 9.000000e+00 1.114608e-03
-0.83 9.500000e+00 1.114608e-03
-0.83 1.000000e+01 1.114608e-03
-0.83 1.050000e+01 1.114608e-03
-0.83 1.100000e+01 1.114608e-03
-0.83 1.150000e+01 1.114608e-03
-0.83 1.200000e+01 1.114607e-03
-0.83 1.250000e+01 1.114606e-03
-0.83 1.300000e+01 1.114604e-03
-0.83 1.350000e+01 1.114596e-03
-0.83 1.400000e+01 1.160701e-03

-0.82 7.000000e+00 1.046620e-03
-0.82 7.500000e+00 1.011288e-03
-0.82 8.000000e+00 1.011288e-03
-0.82 8.500000e+00 1.011288e-03
-0.82 9.000000e+00 1.011288e-03
-0.82 9.500000e+00 1.011288e-03
-0.82 1.000000e+01 1.011288e-03
-0.82 1.050000e+01 1.011288e-03
-0.82 1.100000e+01 1.011288e-03
-0.82 1.150000e+01 1.011288e-03
-0.82 1.200000e+01 1.011288e-03
-0.82 1.250000e+01 1.011287e-03
-0.82 1.300000e+01 1.011284e-03
-0.82 1.350000e+01 1.011274e-03
-0.82 1.400000e+01 1.046578e-03

-0.81 7.000000e+00 9.498373e-04
-0.81 7.500000e+00 9.174841e-04
-0.81 8.000000e+00 9.174841e-04
-0.81 8.500000e+00 9.174841e-04
-0.81 9.000000e+00 9.174841e-04
-0.81 9.500000e+00 9.174841e-04
-0.81 1.000000e+01 9.174840e-04
-0.81 1.050000e+01 9.174840e-04
-0.81 1.100000e+01 9.174840e-04
-0.81 1.150000e+01 9.174839e-04
-0.81 1.200000e+01 9.174835e-04
-0.81 1.250000e+01 9.174823e-04
-0.81 1.300000e+01 9.174786e-04
-0.81 1.350000e+01 9.174668e-04
-0.81 1.400000e+01 9.497863e-04

-0.80 7.000000e+00 8.655753e-04
-0.80 7.500000e+00 8.323302e-04
-0.80 8.000000e+00 8.323302e-04
-0.80 8.500000e+00 8.323302e-04
-0.80 9.000000e+00 8.323302e-04
-0.80 9.500000e+00 8.323302e-04
-0.80 1.000000e+01 8.323302e-04
-0.80 1.050000e+01 8.323302e-04
-0.80 1.100000e+01 8.323301e-04
-0.80 1.150000e+01 8.323300e-04
-0.80 1.200000e+01 8.323295e-04
-0.80 1.250000e+01 8.323281e-04
-0.80 1.300000e+01 8.323236e-04
-0.80 1.350000e+01 8.323093e-04
-0.80 1.400000e+01 8.655141e-04

-0.79 7.000000e+00 7.544195e-04
-0.79 7.500000e+00 7.550378e-04
-0.79 8.000000e+00 7.550378e-04
-0.79 8.500000e+00 7.550378e-04
-0.79 9.000000e+00 7.550378e-04
-0.79 9.500000e+00 7.550378e-04
-0.79 1.000000e+01 7.550378e-04
-0.79 1.050000e+01 7.550378e-04
-0.79 1.100000e+01 7.550377e-04
-0.79 1.150000e+01 7.550375e-04
-0.79 1.200000e+01 7.550370e-04
-0.79 1.250000e+01 7.550353e-04
-0.79 1.300000e+01 7.550298e-04
-0.79 1.350000e+01 7.550125e-04
-0.79 1.400000e+01 7.543392e-04

-0.78 7.000000e+00 7.115762e-04
-0.78 7.500000e+00 6.848886e-04
-0.78 8.000000e+00 6.848886e-04
-0.78 8.500000e+00 6.848886e-04
-0.78 9.000000e+00 6.848886e-04
-0.78 9.500000e+00 6.848886e-04
-0.78 1.000000e+01 6.848885e-04
-0.78 1.050000e+01 6.848885e-04
-0.78 1.100000e+01 6.848885e-04
-0.78 1.150000e+01 6.848882e-04
-0.78 1.200000e+01 6.848876e-04
-0.78 1.250000e+01 6.848855e-04
-0.78 1.300000e+01 6.848789e-04
-0.78 1.350000e+01 6.848579e-04
-0.78 1.400000e+01 7.114861e-04

-0.77 7.000000e+00 6.403638e-04
-0.77 7.500000e+00 6.212284e-04
-0.77 8.000000e+00 6.212284e-04
-0.77 8.500000e+00 6.212284e-04
-0.77 9.000000e+00 6.212284e-04
-0.77 9.500000e+00 6.212284e-04
-0.77 1.000000e+01 6.212284e-04
-0.77 1.050000e+01 6.212284e-04
-0.77 1.100000e+01 6.212283e-04
-0.77 1.150000e+01 6.212280e-04
-0.77 1.200000e+01 6.212272e-04
-0.77 1.250000e+01 6.212247e-04
-0.77 1.300000e+01 6.212167e-04
-0.77 1.350000e+01 6.211912e-04
-0.77 1.400000e+01 6.402529e-04

-0.76 7.000000e+00 5.434858e-04
-0.76 7.500000e+00 5.634621e-04
-0.76 8.000000e+00 5.634621e-04
-0.76 8.500000e+00 5.634621e-04
-0.76 9.000000e+00 5.634621e-04
-0.76 9.500000e+00 5.634621e-04
-0.76 1.000000e+01 5.634621e-04
-0.76 1.050000e+01 5.634621e-04
-0.76 1.100000e+01 5.634620e-04
-0.76 1.150000e+01 5.634617e-04
-0.76 1.200000e+01 5.634607e-04
-0.76 1.250000e+01 5.634576e-04
-0.76 1.300000e+01 5.634479e-04
-0.76 1.350000e+01 5.634171e-04
-0.76 1.400000e+01 5.433328e-04

-0.75 7.000000e+00 5.302060e-04
-0.75 7.500000e+00 5.110482e-04
-0.75 8.000000e+00 5.110482e-04
-0.75 8.500000e+00 5.110482e-04
-0.75 9.000000e+00 5.110482e-04
-0.75 9.500000e+00 5.110482e-04
-0.75 1.000000e+01 5.110482e-04
-0.75 1.050000e+01 5.110482e-04
-0.75 1.100000e+01 5.110480e-04
-0.75 1.150000e+01 5.110477e-04
-0.75 1.200000e+01 5.110465e-04
-0.75 1.250000e+01 5.110428e-04
-0.75 1.300000e+01 5.110310e-04
-0.75 1.350000e+01 5.109937e-04
-0.75 1.400000e+01 5.300454e-04

-0.74 7.000000e+00 4.612168e-04
-0.74 7.500000e+00 4.634941e-04
-0.74 8.000000e+00 4.634941e-04
-0.74 8.500000e+00 4.634941e-04
-0.74 9.000000e+00 4.634941e-04
-0.74 9.500000e+00 4.634941e-04
-0.74 1.000000e+01 4.634941e-04
-0.74 1.050000e+01 4.634940e-04
-0.74 1.100000e+01 4.634939e-04
-0.74 1.150000e+01 4.634934e-04
-0.74 1.200000e+01 4.634920e-04
-0.74 1.250000e+01 4.634875e-04
-0.74 1.300000e+01 4.634732e-04
-0.74 1.350000e+01 4.634280e-04
-0.74 1.400000e+01 4.610057e-04

-0.73 7.000000e+00 4.356922e-04
-0.73 7.500000e+00 4.203520e-04
-0.73 8.000000e+00 4.203520e-04
-0.73 8.500000e+00 4.203520e-04
-0.73 9.000000e+00 4.203520e-04
-0.73 9.500000e+00 4.203520e-04
-0.73 1.000000e+01 4.203520e-04
-0.73 1.050000e+01 4.203519e-04
-0.73 1.100000e+01 4.203518e-04
-0.73 1.150000e+01 4.203512e-04
-0.73 1.200000e+01 4.203495e-04
-0.73 1.250000e+01 4.203440e-04
-0.73 1.300000e+01 4.203267e-04
-0.73 1.350000e+01 4.202720e-04
-0.73 1.400000e+01 4.354562e-04

-0.72 7.000000e+00 3.913671e-04
-0.72 7.500000e+00 3.812149e-04
-0.72 8.000000e+00 3.812149e-04
-0.72 8.500000e+00 3.812149e-04
-0.72 9.000000e+00 3.812149e-04
-0.72 9.500000e+00 3.812149e-04
-0.72 1.000000e+01 3.812149e-04
-0.72 1.050000e+01 3.812148e-04
-0.72 1.100000e+01 3.812146e-04
-0.72 1.150000e+01 3.812139e-04
-0.72 1.200000e+01 3.812119e-04
-0.72 1.250000e+01 3.812052e-04
-0.72 1.300000e+01 3.811843e-04
-0.72 1.350000e+01 3.811180e-04
-0.72 1.400000e+01 3.910759e-04

-0.71 7.000000e+00 3.520721e-04
-0.71 7.500000e+00 3.457129e-04
-0.71 8.000000e+00 3.457129e-04
-0.71 8.500000e+00 3.457129e-04
-0.71 9.000000e+00 3.457129e-04
-0.71 9.500000e+00 3.457129e-04
-0.71 1.000000e+01 3.457129e-04
-0.71 1.050000e+01 3.457128e-04
-0.71 1.100000e+01 3.457125e-04
-0.71 1.150000e+01 3.457117e-04
-0.71 1.200000e+01 3.457092e-04
-0.71 1.250000e+01 3.457012e-04
-0.71 1.300000e+01 3.456758e-04
-0.71 1.350000e+01 3.455956e-04
-0.71 1.400000e+01 3.517139e-04

-0.70 7.000000e+00 3.244812e-04
-0.70 7.500000e+00 3.135099e-04
-0.70 8.000000e+00 3.135099e-04
-0.70 8.500000e+00 3.135099e-04
-0.70 9.000000e+00 3.135099e-04
-0.70 9.500000e+00 3.135099e-04
-0.70 1.000000e+01 3.135099e-04
-0.70 1.050000e+01 3.135098e-04
-0.70 1.100000e+01 3.135095e-04
-0.70 1.150000e+01 3.135085e-04
-0.70 1.200000e+01 3.135055e-04
-0.70 1.250000e+01 3.134958e-04
-0.70 1.300000e+01 3.134650e-04
-0.70 1.350000e+01 3.133679e-04
-0.70 1.400000e+01 3.240611e-04

-0.69 7.000000e+00 2.817419e-04
-0.69 7.500000e+00 2.843007e-04
-0.69 8.000000e+00 2.843007e-04
-0.69 8.500000e+00 2.843007e-04
-0.69 9.000000e+00 2.843007e-04
-0.69 9.500000e+00 2.843007e-04
-0.69 1.000000e+01 2.843007e-04
-0.69 1.050000e+01 2.843005e-04
-0.69 1.100000e+01 2.843002e-04
-0.69 1.150000e+01 2.842990e-04
-0.69 1.200000e+01 2.842953e-04
-0.69 1.250000e+01 2.842835e-04
-0.69 1.300000e+01 2.842464e-04
-0.69 1.350000e+01 2.841287e-04
-0.69 1.400000e+01 2.811882e-04

-0.68 7.000000e+00 2.665714e-04
-0.68 7.500000e+00 2.578080e-04
-0.68 8.000000e+00 2.578080e-04
-0.68 8.500000e+00 2.578080e-04
-0.68 9.000000e+00 2.578080e-04
-0.68 9.500000e+00 2.578080e-04
-0.68 1.000000e+01 2.578079e-04
-0.68 1.050000e+01 2.578078e-04
-0.68 1.100000e+01 2.578073e-04
-0.68 1.150000e+01 2.578059e-04
-0.68 1.200000e+01 2.578014e-04
-0.68 1.250000e+01 2.577872e-04
-0.68 1.300000e+01 2.577422e-04
-0.68 1.350000e+01 2.575998e-04
-0.68 1.400000e+01 2.659546e-04

-0.67 7.000000e+00 2.390277e-04
-0.67 7.500000e+00 2.337800e-04
-0.67 8.000000e+00 2.337800e-04
-0.67 8.500000e+00 2.337800e-04
-0.67 9.000000e+00 2.337800e-04
-0.67 9.500000e+00 2.337799e-04
-0.67 1.000000e+01 2.337799e-04
-0.67 1.050000e+01 2.337797e-04
-0.67 1.100000e+01 2.337792e-04
-0.67 1.150000e+01 2.337775e-04
-0.67 1.200000e+01 2.337720e-04
-0.67 1.250000e+01 2.337548e-04
-0.67 1.300000e+01 2.337003e-04
-0.67 1.350000e+01 2.335279e-04
-0.67 1.400000e+01 2.382647e-04

-0.66 7.000000e+00 2.027802e-04
-0.66 7.500000e+00 2.119881e-04
-0.66 8.000000e+00 2.119881e-04
-0.66 8.500000e+00 2.119881e-04
-0.66 9.000000e+00 2.119881e-04
-0.66 9.500000e+00 2.119881e-04
-0.66 1.000000e+01 2.119880e-04
-0.66 1.050000e+01 2.119878e-04
-0.66 1.100000e+01 2.119871e-04
-0.66 1.150000e+01 2.119850e-04
-0.66 1.200000e+01 2.119785e-04
-0.66 1.250000e+01 2.119576e-04
-0.66 1.300000e+01 2.118916e-04
-0.66 1.350000e+01 2.116830e-04
-0.66 1.400000e+01 2.017291e-04

-0.65 7.000000e+00 1.984690e-04
-0.65 7.500000e+00 1.922248e-04
-0.65 8.000000e+00 1.922248e-04
-0.65 8.500000e+00 1.922248e-04
-0.65 9.000000e+00 1.922248e-04
-0.65 9.500000e+00 1.922248e-04
-0.65 1.000000e+01 1.922247e-04
-0.65 1.050000e+01 1.922245e-04
-0.65 1.100000e+01 1.922237e-04
-0.65 1.150000e+01 1.922211e-04
-0.65 1.200000e+01 1.922132e-04
-0.65 1.250000e+01 1.921879e-04
-0.65 1.300000e+01 1.921081e-04
-0.65 1.350000e+01 1.918556e-04
-0.65 1.400000e+01 1.973731e-04

-0.64 7.000000e+00 1.813818e-04
-0.64 7.500000e+00 1.743018e-04
-0.64 8.000000e+00 1.743018e-04
-0.64 8.500000e+00 1.743018e-04
-0.64 9.000000e+00 1.743018e-04
-0.64 9.500000e+00 1.743018e-04
-0.64 1.000000e+01 1.743017e-04
-0.64 1.050000e+01 1.743014e-04
-0.64 1.100000e+01 1.743004e-04
-0.64 1.150000e+01 1.742974e-04
-0.64 1.200000e+01 1.742877e-04
-0.64 1.250000e+01 1.742572e-04
-0.64 1.300000e+01 1.741605e-04
-0.64 1.350000e+01 1.738550e-04
-0.64 1.400000e+01 1.800764e-04

-0.63 7.000000e+00 1.630229e-04
-0.63 7.500000e+00 1.580481e-04
-0.63 8.000000e+00 1.580481e-04
-0.63 8.500000e+00 1.580481e-04
-0.63 9.000000e+00 1.580481e-04
-0.63 9.500000e+00 1.580481e-04
-0.63 1.000000e+01 1.580480e-04
-0.63 1.050000e+01 1.580476e-04
-0.63 1.100000e+01 1.580464e-04
-0.63 1.150000e+01 1.580427e-04
-0.63 1.200000e+01 1.580310e-04
-0.63 1.250000e+01 1.579941e-04
-0.63 1.300000e+01 1.578771e-04
-0.63 1.350000e+01 1.575074e-04
-0.63 1.400000e+01 1.614172e-04

-0.62 7.000000e+00 1.459261e-04
-0.62 7.500000e+00 1.433086e-04
-0.62 8.000000e+00 1.433086e-04
-0.62 8.500000e+00 1.433086e-04
-0.62 9.000000e+00 1.433086e-04
-0.62 9.500000e+00 1.433085e-04
-0.62 1.000000e+01 1.433084e-04
-0.62 1.050000e+01 1.433079e-04
-0.62 1.100000e+01 1.433065e-04
-0.62 1.150000e+01 1.433020e-04
-0.62 1.200000e+01 1.432879e-04
-0.62 1.250000e+01 1.432431e-04
-0.62 1.300000e+01 1.431016e-04
-0.62 1.350000e+01 1.426544e-04
-0.62 1.400000e+01 1.439366e-04

-0.61 7.000000e+00 1.301582e-04
-0.61 7.500000e+00 1.299424e-04
-0.61 8.000000e+00 1.299424e-04
-0.61 8.500000e+00 1.299424e-04
-0.61 9.000000e+00 1.299424e-04
-0.61 9.500000e+00 1.299423e-04
-0.61 1.000000e+01 1.299421e-04
-0.61 1.050000e+01 1.299416e-04
-0.61 1.100000e+01 1.299399e-04
-0.61 1.150000e+01 1.299345e-04
-0.61 1.200000e+01 1.299174e-04
-0.61 1.250000e+01 1.298632e-04
-0.61 1.300000e+01 1.296919e-04
-0.61 1.350000e+01 1.291511e-04
-0.61 1.400000e+01 1.276784e-04

-0.60 7.000000e+00 1.213522e-04
-0.60 7.500000e+00 1.178218e-04
-0.60 8.000000e+00 1.178218e-04
-0.60 8.500000e+00 1.178218e-04
-0.60 9.000000e+00 1.178218e-04
-0.60 9.500000e+00 1.178217e-04
-0.60 1.000000e+01 1.178215e-04
-0.60 1.050000e+01 1.178209e-04
-0.60 1.100000e+01 1.178188e-04
-0.60 1.150000e+01 1.178123e-04
-0.60 1.200000e+01 1.177915e-04
-0.60 1.250000e+01 1.177260e-04
-0.60 1.300000e+01 1.175187e-04
-0.60 1.350000e+01 1.168650e-04
-0.60 1.400000e+01 1.185157e-04

-0.59 7.000000e+00 1.050006e-04
-0.59 7.500000e+00 1.068310e-04
-0.59 8.000000e+00 1.068310e-04
-0.59 8.500000e+00 1.068310e-04
-0.59 9.000000e+00 1.068310e-04
-0.59 9.500000e+00 1.068309e-04
-0.59 1.000000e+01 1.068306e-04
-0.59 1.050000e+01 1.068298e-04
-0.59 1.100000e+01 1.068273e-04
-0.59 1.150000e+01 1.068194e-04
-0.59 1.200000e+01 1.067943e-04
-0.59 1.250000e+01 1.067150e-04
-0.59 1.300000e+01 1.064642e-04
-0.59 1.350000e+01 1.056744e-04
-0.59 1.400000e+01 1.012628e-04

-0.58 7.000000e+00 9.966947e-05
-0.58 7.500000e+00 9.686474e-05
-0.58 8.000000e+00 9.686474e-05
-0.58 8.500000e+00 9.686473e-05
-0.58 9.000000e+00 9.686470e-05
-0.58 9.500000e+00 9.686460e-05
-0.58 1.000000e+01 9.686430e-05
-0.58 1.050000e+01 9.686334e-05
-0.58 1.100000e+01 9.686031e-05
-0.58 1.150000e+01 9.685071e-05
-0.58 1.200000e+01 9.682035e-05
-0.58 1.250000e+01 9.672431e-05
-0.58 1.300000e+01 9.642099e-05
-0.58 1.350000e+01 9.546731e-05
-0.58 1.400000e+01 9.554455e-05

-0.57 7.000000e+00 8.906516e-05
-0.57 7.500000e+00 8.782766e-05
-0.57 8.000000e+00 8.782766e-05
-0.57 8.500000e+00 8.782765e-05
-0.57 9.000000e+00 8.782761e-05
-0.57 9.500000e+00 8.782749e-05
-0.57 1.000000e+01 8.782713e-05
-0.57 1.050000e+01 8.782597e-05
-0.57 1.100000e+01 8.782230e-05
-0.57 1.150000e+01 8.781068e-05
-0.57 1.200000e+01 8.777393e-05
-0.57 1.250000e+01 8.765773e-05
-0.57 1.300000e+01 8.729096e-05
-0.57 1.350000e+01 8.614035e-05
-0.57 1.400000e+01 8.397212e-05

-0.56 7.000000e+00 8.185870e-05
-0.56 7.500000e+00 7.963324e-05
-0.56 8.000000e+00 7.963324e-05
-0.56 8.500000e+00 7.963322e-05
-0.56 9.000000e+00 7.963318e-05
-0.56 9.500000e+00 7.963304e-05
-0.56 1.000000e+01 7.963259e-05
-0.56 1.050000e+01 7.963119e-05
-0.56 1.100000e+01 7.962675e-05
-0.56 1.150000e+01 7.961269e-05
-0.56 1.200000e+01 7.956821e-05
-0.56 1.250000e+01 7.942762e-05
-0.56 1.300000e+01 7.898429e-05
-0.56 1.350000e+01 7.759762e-05
-0.56 1.400000e+01 7.590634e-05

-0.55 7.000000e+00 7.554686e-05
-0.55 7.500000e+00 7.220298e-05
-0.55 8.000000e+00 7.220298e-05
-0.55 8.500000e+00 7.220296e-05
-0.55 9.000000e+00 7.220291e-05
-0.55 9.500000e+00 7.220274e-05
-0.55 1.000000e+01 7.220220e-05
-0.55 1.050000e+01 7.220050e-05
-0.55 1.100000e+01 7.219512e-05
-0.55 1.150000e+01 7.217811e-05
-0.55 1.200000e+01 7.212429e-05
-0.55 1.250000e+01 7.195421e-05
-0.55 1.300000e+01 7.141859e-05
-0.55 1.350000e+01 6.974992e-05
-0.55 1.400000e+01 6.865920e-05

-0.54 7.000000e+00 6.700521e-05
-0.54 7.500000e+00 6.546570e-05
-0.54 8.000000e+00 6.546569e-05
-0.54 8.500000e+00 6.546567e-05
-0.54 9.000000e+00 6.546561e-05
-0.54 9.500000e+00 6.546540e-05
-0.54 1.000000e+01 6.546475e-05
-0.54 1.050000e+01 6.546269e-05
-0.54 1.100000e+01 6.545619e-05
-0.54 1.150000e+01 6.543559e-05
-0.54 1.200000e+01 6.537047e-05
-0.54 1.250000e+01 6.516477e-05
-0.54 1.300000e+01 6.451804e-05
-0.54 1.350000e+01 6.251405e-05
-0.54 1.400000e+01 5.848661e-05

-0.53 7.000000e+00 6.092582e-05
-0.53 7.500000e+00 5.935681e-05
-0.53 8.000000e+00 5.935680e-05
-0.53 8.500000e+00 5.935678e-05
-0.53 9.000000e+00 5.935670e-05
-0.53 9.500000e+00 5.935645e-05
-0.53 1.000000e+01 5.935567e-05
-0.53 1.050000e+01 5.935318e-05
-0.53 1.100000e+01 5.934530e-05
-0.53 1.150000e+01 5.932038e-05
-0.53 1.200000e+01 5.924158e-05
-0.53 1.250000e+01 5.899286e-05
-0.53 1.300000e+01 5.821262e-05
-0.53 1.350000e+01 5.581247e-05
-0.53 1.400000e+01 5.091060e-05

-0.52 7.000000e+00 5.435205e-05
-0.52 7.500000e+00 5.381776e-05
-0.52 8.000000e+00 5.381775e-05
-0.52 8.500000e+00 5.381772e-05
-0.52 9.000000e+00 5.381762e-05
-0.52 9.500000e+00 5.381732e-05
-0.52 1.000000e+01 5.381637e-05
-0.52 1.050000e+01 5.381336e-05
-0.52 1.100000e+01 5.380383e-05
-0.52 1.150000e+01 5.377367e-05
-0.52 1.200000e+01 5.367833e-05
-0.52 1.250000e+01 5.337771e-05
-0.52 1.300000e+01 5.243746e-05
-0.52 1.350000e+01 4.957336e-05
-0.52 1.400000e+01 4.232062e-05

-0.51 7.000000e+00 5.003606e-05
-0.51 7.500000e+00 4.879542e-05
-0.51 8.000000e+00 4.879541e-05
-0.51 8.500000e+00 4.879537e-05
-0.51 9.000000e+00 4.879526e-05
-0.51 9.500000e+00 4.879490e-05
-0.51 1.000000e+01 4.879374e-05
-0.51 1.050000e+01 4.879010e-05
-0.51 1.100000e+01 4.877856e-05
-0.51 1.150000e+01 4.874207e-05
-0.51 1.200000e+01 4.862674e-05
-0.51 1.250000e+01 4.826355e-05
-0.51 1.300000e+01 4.713216e-05
-0.51 1.350000e+01 4.373153e-05
-0.51 1.400000e+01 3.643073e-05

-0.50 7.000000e+00 4.610082e-05
-0.50 7.500000e+00 4.424163e-05
-0.50 8.000000e+00 4.424162e-05
-0.50 8.500000e+00 4.424157e-05
-0.50 9.000000e+00 4.424144e-05
-0.50 9.500000e+00 4.424099e-05
-0.50 1.000000e+01 4.423960e-05
-0.50 1.050000e+01 4.423519e-05
-0.50 1.100000e+01 4.422123e-05
-0.50 1.150000e+01 4.417706e-05
-0.50 1.200000e+01 4.403759e-05
-0.50 1.250000e+01 4.359909e-05
-0.50 1.300000e+01 4.224042e-05
-0.50 1.350000e+01 3.823040e-05
-0.50 1.400000e+01 3.089986e-05

-0.49 7.000000e+00 3.910187e-05
-0.49 7.500000e+00 4.011270e-05
-0.49 8.000000e+00 4.011269e-05
-0.49 8.500000e+00 4.011263e-05
-0.49 9.000000e+00 4.011246e-05
-0.49 9.500000e+00 4.011193e-05
-0.49 1.000000e+01 4.011024e-05
-0.49 1.050000e+01 4.010490e-05
-0.49 1.100000e+01 4.008801e-05
-0.49 1.150000e+01 4.003457e-05
-0.49 1.200000e+01 3.986594e-05
-0.49 1.250000e+01 3.933694e-05
-0.49 1.300000e+01 3.770979e-05
-0.49 1.350000e+01 3.302562e-05
-0.49 1.400000e+01 2.091060e-05

-0.48 7.000000e+00 3.723875e-05
-0.48 7.500000e+00 3.636901e-05
-0.48 8.000000e+00 3.636899e-05
-0.48 8.500000e+00 3.636893e-05
-0.48 9.000000e+00 3.636873e-05
-0.48 9.500000e+00 3.636808e-05
-0.48 1.000000e+01 3.636604e-05
-0.48 1.050000e+01 3.635957e-05
-0.48 1.100000e+01 3.633913e-05
-0.48 1.150000e+01 3.627449e-05
-0.48 1.200000e+01 3.607066e-05
-0.48 1.250000e+01 3.543320e-05
-0.48 1.300000e+01 3.349168e-05
-0.48 1.350000e+01 2.809083e-05
-0.48 1.400000e+01 1.831163e-05

-0.47 7.000000e+00 3.448681e-05
-0.47 7.500000e+00 3.297464e-05
-0.47 8.000000e+00 3.297462e-05
-0.47 8.500000e+00 3.297454e-05
-0.47 9.000000e+00 3.297429e-05
-0.47 9.500000e+00 3.297351e-05
-0.47 1.000000e+01 3.297104e-05
-0.47 1.050000e+01 3.296322e-05
-0.47 1.100000e+01 3.293847e-05
-0.47 1.150000e+01 3.286028e-05
-0.47 1.200000e+01 3.261405e-05
-0.47 1.250000e+01 3.184703e-05
-0.47 1.300000e+01 2.954202e-05
-0.47 1.350000e+01 2.342551e-05
-0.47 1.400000e+01 1.462758e-05

-0.46 7.000000e+00 3.058187e-05
-0.46 7.500000e+00 2.989700e-05
-0.46 8.000000e+00 2.989697e-05
-0.46 8.500000e+00 2.989688e-05
-0.46 9.000000e+00 2.989658e-05
-0.46 9.500000e+00 2.989563e-05
-0.46 1.000000e+01 2.989264e-05
-0.46 1.050000e+01 2.988318e-05
-0.46 1.100000e+01 2.985324e-05
-0.46 1.150000e+01 2.975868e-05
-0.46 1.200000e+01 2.946139e-05
-0.46 1.250000e+01 2.854034e-05
-0.46 1.300000e+01 2.582259e-05
-0.46 1.350000e+01 1.906283e-05
-0.46 1.400000e+01 9.928733e-06

-0.45 7.000000e+00 2.812977e-05
-0.45 7.500000e+00 2.710656e-05
-0.45 8.000000e+00 2.710652e-05
-0.45 8.500000e+00 2.710641e-05
-0.45 9.000000e+00 2.710604e-05
-0.45 9.500000e+00 2.710490e-05
-0.45 1.000000e+01 2.710128e-05
-0.45 1.050000e+01 2.708982e-05
-0.45 1.100000e+01 2.705360e-05
-0.45 1.150000e+01 2.693927e-05
-0.45 1.200000e+01 2.658064e-05
-0.45 1.250000e+01 2.547765e-05
-0.45 1.300000e+01 2.230346e-05
-0.45 1.350000e+01 1.507223e-05
-0.45 1.400000e+01 7.423631e-06

-0.44 7.000000e+00 2.474033e-05
-0.44 7.500000e+00 2.457651e-05
-0.44 8.000000e+00 2.457647e-05
-0.44 8.500000e+00 2.457633e-05
-0.44 9.000000e+00 2.457589e-05
-0.44 9.500000e+00 2.457451e-05
-0.44 1.000000e+01 2.457012e-05
-0.44 1.050000e+01 2.455626e-05
-0.44 1.100000e+01 2.451244e-05
-0.44 1.150000e+01 2.437426e-05
-0.44 1.200000e+01 2.394211e-05
-0.44 1.250000e+01 2.262611e-05
-0.44 1.300000e+01 1.896697e-05
-0.44 1.350000e+01 1.154739e-05
-0.44 1.400000e+01 4.637711e-06

-0.43 7.000000e+00 2.275941e-05
-0.43 7.500000e+00 2.228257e-05
-0.43 8.000000e+00 2.228252e-05
-0.43 8.500000e+00 2.228235e-05
-0.43 9.000000e+00 2.228182e-05
-0.43 9.500000e+00 2.228015e-05
-0.43 1.000000e+01 2.227485e-05
-0.43 1.050000e+01 2.225807e-05
-0.43 1.100000e+01 2.220506e-05
-0.43 1.150000e+01 2.203814e-05
-0.43 1.200000e+01 2.151818e-05
-0.43 1.250000e+01 1.995593e-05
-0.43 1.300000e+01 1.581296e-05
-0.43 1.350000e+01 8.574668e-06
-0.43 1.400000e+01 3.381158e-06

-0.42 7.000000e+00 2.023604e-05
-0.42 7.500000e+00 2.020272e-05
-0.42 8.000000e+00 2.020265e-05
-0.42 8.500000e+00 2.020245e-05
-0.42 9.000000e+00 2.020181e-05
-0.42 9.500000e+00 2.019978e-05
-0.42 1.000000e+01 2.019337e-05
-0.42 1.050000e+01 2.017307e-05
-0.42 1.100000e+01 2.010896e-05
-0.42 1.150000e+01 1.990743e-05
-0.42 1.200000e+01 1.928309e-05
-0.42 1.250000e+01 1.744129e-05
-0.42 1.300000e+01 1.286414e-05
-0.42 1.350000e+01 6.193810e-06
-0.42 1.400000e+01 2.149618e-06

-0.41 7.000000e+00 1.869055e-05
-0.41 7.500000e+00 1.831697e-05
-0.41 8.000000e+00 1.831689e-05
-0.41 8.500000e+00 1.831665e-05
-0.41 9.000000e+00 1.831587e-05
-0.41 9.500000e+00 1.831342e-05
-0.41 1.000000e+01 1.830565e-05
-0.41 1.050000e+01 1.828109e-05
-0.41 1.100000e+01 1.820359e-05
-0.41 1.150000e+01 1.796048e-05
-0.41 1.200000e+01 1.721284e-05
-0.41 1.250000e+01 1.506202e-05
-0.41 1.300000e+01 1.016770e-05
-0.41 1.350000e+01 4.378099e-06
-0.41 1.400000e+01 1.577543e-06

-0.40 7.000000e+00 1.716336e-05
-0.40 7.500000e+00 1.660722e-05
-0.40 8.000000e+00 1.660712e-05
-0.40 8.500000e+00 1.660683e-05
-0.40 9.000000e+00 1.660589e-05
-0.40 9.500000e+00 1.660292e-05
-0.40 1.000000e+01 1.659352e-05
-0.40 1.050000e+01 1.656381e-05
-0.40 1.100000e+01 1.647014e-05
-0.40 1.150000e+01 1.617720e-05
-0.40 1.200000e+01 1.528523e-05
-0.40 1.250000e+01 1.280626e-05
-0.40 1.300000e+01 7.787083e-06
-0.40 1.350000e+01 3.047641e-06
-0.40 1.400000e+01 1.129963e-06

-0.39 7.000000e+00 1.455720e-05
-0.39 7.500000e+00 1.505704e-05
-0.39 8.000000e+00 1.505692e-05
-0.39 8.500000e+00 1.505656e-05
-0.39 9.000000e+00 1.505543e-05
-0.39 9.500000e+00 1.505183e-05
-0.39 1.000000e+01 1.504046e-05
-0.39 1.050000e+01 1.500453e-05
-0.39 1.100000e+01 1.489137e-05
-0.39 1.150000e+01 1.453892e-05
-0.39 1.200000e+01 1.348013e-05
-0.39 1.250000e+01 1.067406e-05
-0.39 1.300000e+01 5.780488e-06
-0.39 1.350000e+01 2.100461e-06
-0.39 1.400000e+01 5.914164e-07

-0.38 7.000000e+00 1.390944e-05
-0.38 7.500000e+00 1.365154e-05
-0.38 8.000000e+00 1.365140e-05
-0.38 8.500000e+00 1.365097e-05
-0.38 9.000000e+00 1.364959e-05
-0.38 9.500000e+00 1.364524e-05
-0.38 1.000000e+01 1.363148e-05
-0.38 1.050000e+01 1.358803e-05
-0.38 1.100000e+01 1.345141e-05
-0.38 1.150000e+01 1.302822e-05
-0.38 1.200000e+01 1.178010e-05
-0.38 1.250000e+01 8.680952e-06
-0.38 1.300000e+01 4.174321e-06
-0.38 1.350000e+01 1.438819e-06
-0.38 1.400000e+01 4.943428e-07

-0.37 7.000000e+00 1.273173e-05
-0.37 7.500000e+00 1.237722e-05
-0.37 8.000000e+00 1.237705e-05
-0.37 8.500000e+00 1.237653e-05
-0.37 9.000000e+00 1.237486e-05
-0.37 9.500000e+00 1.236960e-05
-0.37 1.000000e+01 1.235295e-05
-0.37 1.050000e+01 1.230041e-05
-0.37 1.100000e+01 1.213562e-05
-0.37 1.150000e+01 1.162887e-05
-0.37 1.200000e+01 1.017153e-05
-0.37 1.250000e+01 6.859022e-06
-0.37 1.300000e+01 2.950023e-06
-0.37 1.350000e+01 9.820255e-07
-0.37 1.400000e+01 3.488063e-07

-0.36 7.000000e+00 1.142261e-05
-0.36 7.500000e+00 1.122184e-05
-0.36 8.000000e+00 1.122164e-05
-0.36 8.500000e+00 1.122100e-05
-0.36 9.000000e+00 1.121899e-05
-0.36 9.500000e+00 1.121262e-05
-0.36 1.000000e+01 1.119248e-05
-0.36 1.050000e+01 1.112898e-05
-0.36 1.100000e+01 1.093041e-05
-0.36 1.150000e+01 1.032588e-05
-0.36 1.200000e+01 8.646493e-06
-0.36 1.250000e+01 5.251234e-06
-0.36 1.300000e+01 2.053262e-06
-0.36 1.350000e+01 6.688482e-07
-0.36 1.400000e+01 2.273693e-07

-0.35 7.000000e+00 1.047189e-05
-0.35 7.500000e+00 1.017429e-05
-0.35 8.000000e+00 1.017405e-05
-0.35 8.500000e+00 1.017328e-05
-0.35 9.000000e+00 1.017084e-05
-0.35 9.500000e+00 1.016314e-05
-0.35 1.000000e+01 1.013878e-05
-0.35 1.050000e+01 1.006207e-05
-0.35 1.100000e+01 9.823170e-06
-0.35 1.150000e+01 9.105624e-06
-0.35 1.200000e+01 7.205103e-06
-0.35 1.250000e+01 3.896801e-06
-0.35 1.300000e+01 1.415005e-06
-0.35 1.350000e+01 4.550000e-07
-0.35 1.400000e+01 1.613717e-07

-0.34 7.000000e+00 9.133142e-06
-0.34 7.500000e+00 9.224523e-06
-0.34 8.000000e+00 9.224228e-06
-0.34 8.500000e+00 9.223296e-06
-0.34 9.000000e+00 9.220347e-06
-0.34 9.500000e+00 9.211020e-06
-0.34 1.000000e+01 9.181563e-06
-0.34 1.050000e+01 9.088958e-06
-0.34 1.100000e+01 8.802116e-06
-0.34 1.150000e+01 7.956339e-06
-0.34 1.200000e+01 5.857995e-06
-0.34 1.250000e+01 2.813269e-06
-0.34 1.300000e+01 9.692300e-07
-0.34 1.350000e+01 3.093142e-07
-0.34 1.400000e+01 9.405856e-08

-0.33 7.000000e+00 8.500534e-06
-0.33 7.500000e+00 8.363397e-06
-0.33 8.000000e+00 8.363040e-06
-0.33 8.500000e+00 8.361912e-06
-0.33 9.000000e+00 8.358344e-06
-0.33 9.500000e+00 8.347059e-06
-0.33 1.000000e+01 8.311446e-06
-0.33 1.050000e+01 8.199741e-06
-0.33 1.100000e+01 7.856282e-06
-0.33 1.150000e+01 6.868857e-06
-0.33 1.200000e+01 4.626978e-06
-0.33 1.250000e+01 1.987758e-06
-0.33 1.300000e+01 6.615007e-07
-0.33 1.350000e+01 2.101946e-07
-0.33 1.400000e+01 7.085389e-08

-0.32 7.000000e+00 7.532985e-06
-0.32 7.500000e+00 7.582642e-06
-0.32 8.000000e+00 7.582210e-06
-0.32 8.500000e+00 7.580845e-06
-0.32 9.000000e+00 7.576527e-06
-0.32 9.500000e+00 7.562876e-06
-0.32 1.000000e+01 7.519835e-06
-0.32 1.050000e+01 7.385240e-06
-0.32 1.100000e+01 6.975523e-06
-0.32 1.150000e+01 5.837850e-06
-0.32 1.200000e+01 3.541150e-06
-0.32 1.250000e+01 1.383323e-06
-0.32 1.300000e+01 4.505340e-07
-0.32 1.350000e+01 1.428070e-07
-0.32 1.400000e+01 4.397793e-08

-0.31 7.000000e+00 6.980680e-06
-0.31 7.500000e+00 6.874754e-06
-0.31 8.000000e+00 6.874232e-06
-0.31 8.500000e+00 6.872581e-06
-0.31 9.000000e+00 6.867355e-06
-0.31 9.500000e+00 6.850844e-06
-0.31 1.000000e+01 6.798849e-06
-0.31 1.050000e+01 6.636920e-06
-0.31 1.100000e+01 6.150646e-06
-0.31 1.150000e+01 4.863473e-06
-0.31 1.200000e+01 2.626934e-06
-0.31 1.250000e+01 9.532356e-07
-0.31 1.300000e+01 3.064834e-07
-0.31 1.350000e+01 9.701177e-08
-0.31 1.400000e+01 3.256199e-08

-0.30 7.000000e+00 6.389047e-06
-0.30 7.500000e+00 6.232932e-06
-0.30 8.000000e+00 6.232300e-06
-0.30 8.500000e+00 6.230301e-06
-0.30 9.000000e+00 6.223979e-06
-0.30 9.500000e+00 6.204011e-06
-0.30 1.000000e+01 6.141240e-06
-0.30 1.050000e+01 5.946822e-06
-0.30 1.100000e+01 5.373701e-06
-0.30 1.150000e+01 3.952999e-06
-0.30 1.200000e+01 1.895984e-06
-0.30 1.250000e+01 6.529006e-07
-0.30 1.300000e+01 2.083498e-07
-0.30 1.350000e+01 6.589763e-08
-0.30 1.400000e+01 2.295639e-08

-0.29 7.000000e+00 5.418800e-06
-0.29 7.500000e+00 5.651005e-06
-0.29 8.000000e+00 5.650240e-06
-0.29 8.500000e+00 5.647821e-06
-0.29 9.000000e+00 5.640172e-06
-0.29 9.500000e+00 5.616032e-06
-0.29 1.000000e+01 5.540315e-06
-0.29 1.050000e+01 5.307532e-06
-0.29 1.100000e+01 4.638512e-06
-0.29 1.150000e+01 3.121255e-06
-0.29 1.200000e+01 1.339369e-06
-0.29 1.250000e+01 4.455922e-07
-0.29 1.300000e+01 1.415837e-07
-0.29 1.350000e+01 4.476087e-08
-0.29 1.400000e+01 1.198303e-08

-0.28 7.000000e+00 5.194815e-06
-0.28 7.500000e+00 5.123379e-06
-0.28 8.000000e+00 5.122454e-06
-0.28 8.500000e+00 5.119527e-06
-0.28 9.000000e+00 5.110274e-06
-0.28 9.500000e+00 5.081098e-06
-0.28 1.000000e+01 4.989868e-06
-0.28 1.050000e+01 4.712193e-06
-0.28 1.100000e+01 3.941508e-06
-0.28 1.150000e+01 2.387946e-06
-0.28 1.200000e+01 9.319704e-07
-0.28 1.250000e+01 3.034781e-07
-0.28 1.300000e+01 9.619231e-08
-0.28 1.350000e+01 3.040310e-08
-0.28 1.400000e+01 1.014398e-08

-0.27 7.000000e+00 4.699669e-06
-0.27 7.500000e+00 4.644983e-06
-0.27 8.000000e+00 4.643864e-06
-0.27 8.500000e+00 4.640322e-06
-0.27 9.000000e+00 4.629129e-06
-0.27 9.500000e+00 4.593886e-06
-0.27 1.000000e+01 4.484131e-06
-0.27 1.050000e+01 4.154593e-06
-0.27 1.100000e+01 3.282839e-06
-0.27 1.150000e+01 1.770874e-06
-0.27 1.200000e+01 6.421583e-07
-0.27 1.250000e+01 2.064441e-07
-0.27 1.300000e+01 6.534539e-08
-0.27 1.350000e+01 2.065057e-08
-0.27 1.400000e+01 6.831414e-09

-0.26 7.000000e+00 4.265925e-06
-0.26 7.500000e+00 4.211217e-06
-0.26 8.000000e+00 4.209862e-06
-0.26 8.500000e+00 4.205576e-06
-0.26 9.000000e+00 4.192042e-06
-0.26 9.500000e+00 4.149494e-06
-0.26 1.000000e+01 4.017722e-06
-0.26 1.050000e+01 3.629366e-06
-0.26 1.100000e+01 2.667481e-06
-0.26 1.150000e+01 1.277781e-06
-0.26 1.200000e+01 4.398119e-07
-0.26 1.250000e+01 1.403415e-07
-0.26 1.300000e+01 4.438744e-08
-0.26 1.350000e+01 1.402630e-08
-0.26 1.400000e+01 4.661609e-09

-0.25 7.000000e+00 3.897870e-06
-0.25 7.500000e+00 3.817909e-06
-0.25 8.000000e+00 3.816269e-06
-0.25 8.500000e+00 3.811084e-06
-0.25 9.000000e+00 3.794721e-06
-0.25 9.500000e+00 3.743399e-06
-0.25 1.000000e+01 3.585630e-06
-0.25 1.050000e+01 3.132348e-06
-0.25 1.100000e+01 2.105515e-06
-0.25 1.150000e+01 9.024761e-07
-0.25 1.200000e+01 3.001543e-07
-0.25 1.250000e+01 9.536851e-08
-0.25 1.300000e+01 3.015009e-08
-0.25 1.350000e+01 9.526923e-09
-0.25 1.400000e+01 3.265030e-09

-0.24 7.000000e+00 3.371087e-06
-0.24 7.500000e+00 3.461275e-06
-0.24 8.000000e+00 3.459291e-06
-0.24 8.500000e+00 3.453019e-06
-0.24 9.000000e+00 3.433243e-06
-0.24 9.500000e+00 3.371407e-06
-0.24 1.000000e+01 3.183221e-06
-0.24 1.050000e+01 2.661148e-06
-0.24 1.100000e+01 1.610282e-06
-0.24 1.150000e+01 6.278845e-07
-0.24 1.200000e+01 2.044217e-07
-0.24 1.250000e+01 6.479348e-08
-0.24 1.300000e+01 2.047896e-08
-0.24 1.350000e+01 6.470848e-09
-0.24 1.400000e+01 1.840962e-09

-0.23 7.000000e+00 3.174407e-06
-0.23 7.500000e+00 3.137884e-06
-0.23 8.000000e+00 3.135483e-06
-0.23 8.500000e+00 3.127897e-06
-0.23 9.000000e+00 3.104008e-06
-0.23 9.500000e+00 3.029617e-06
-0.23 1.000000e+01 2.806299e-06
-0.23 1.050000e+01 2.215899e-06
-0.23 1.100000e+01 1.193780e-06
-0.23 1.150000e+01 4.325969e-07
-0.23 1.200000e+01 1.390586e-07
-0.23 1.250000e+01 4.401548e-08
-0.23 1.300000e+01 1.390983e-08
-0.23 1.350000e+01 4.395105e-09
-0.23 1.400000e+01 1.452198e-09

-0.22 7.000000e+00 2.803653e-06
-0.22 7.500000e+00 2.844623e-06
-0.22 8.000000e+00 2.841718e-06
-0.22 8.500000e+00 2.832544e-06
-0.22 9.000000e+00 2.803704e-06
-0.22 9.500000e+00 2.714393e-06
-0.22 1.000000e+01 2.451239e-06
-0.22 1.050000e+01 1.800004e-06
-0.22 1.100000e+01 8.611453e-07
-0.22 1.150000e+01 2.962692e-07
-0.22 1.200000e+01 9.453205e-08
-0.22 1.250000e+01 2.989856e-08
-0.22 1.300000e+01 9.447852e-09
-0.22 1.350000e+01 2.985225e-09
-0.22 1.400000e+01 8.896238e-10

-0.21 7.000000e+00 2.606612e-06
-0.21 7.500000e+00 2.578667e-06
-0.21 8.000000e+00 2.575152e-06
-0.21 8.500000e+00 2.564061e-06
-0.21 9.000000e+00 2.529274e-06
-0.21 9.500000e+00 2.422347e-06
-0.21 1.000000e+01 2.115238e-06
-0.21 1.050000e+01 1.420315e-06
-0.21 1.100000e+01 6.080931e-07
-0.21 1.150000e+01 2.021861e-07
-0.21 1.200000e+01 6.423869e-08
-0.21 1.250000e+01 2.030854e-08
-0.21 1.300000e+01 6.417156e-09
-0.21 1.350000e+01 2.027611e-09
-0.21 1.400000e+01 6.673479e-10

-0.20 7.000000e+00 2.417857e-06
-0.20 7.500000e+00 2.337452e-06
-0.20 8.000000e+00 2.333200e-06
-0.20 8.500000e+00 2.319796e-06
-0.20 9.000000e+00 2.277884e-06
-0.20 9.500000e+00 2.150348e-06
-0.20 1.000000e+01 1.796692e-06
-0.20 1.050000e+01 1.085869e-06
-0.20 1.100000e+01 4.230159e-07
-0.20 1.150000e+01 1.376976e-07
-0.20 1.200000e+01 4.364376e-08
-0.20 1.250000e+01 1.379424e-08
-0.20 1.300000e+01 4.358641e-09
-0.20 1.350000e+01 1.377184e-09
-0.20 1.400000e+01 4.961106e-10

-0.19 7.000000e+00 2.140231e-06
-0.19 7.500000e+00 2.118651e-06
-0.19 8.000000e+00 2.113509e-06
-0.19 8.500000e+00 2.097316e-06
-0.19 9.000000e+00 2.046895e-06
-0.19 9.500000e+00 1.895560e-06
-0.19 1.000000e+01 1.495712e-06
-0.19 1.050000e+01 8.047460e-07
-0.19 1.100000e+01 2.914233e-07
-0.19 1.150000e+01 9.366843e-08
-0.19 1.200000e+01 2.964803e-08
-0.19 1.250000e+01 9.369403e-09
-0.19 1.300000e+01 2.960460e-09
-0.19 1.350000e+01 9.354047e-10
-0.19 1.400000e+01 3.066753e-10

-0.18 7.000000e+00 2.016282e-06
-0.18 7.500000e+00 1.920150e-06
-0.18 8.000000e+00 1.913931e-06
-0.18 8.500000e+00 1.894383e-06
-0.18 9.000000e+00 1.833851e-06
-0.18 9.500000e+00 1.655537e-06
-0.18 1.000000e+01 1.214628e-06
-0.18 1.050000e+01 5.803569e-07
-0.18 1.100000e+01 1.995748e-07
-0.18 1.150000e+01 6.367545e-08
-0.18 1.200000e+01 2.013912e-08
-0.18 1.250000e+01 6.363895e-09
-0.18 1.300000e+01 2.010791e-09
-0.18 1.350000e+01 6.353411e-10
-0.18 1.400000e+01 2.423960e-10

-0.17 7.000000e+00 1.733732e-06
-0.17 7.500000e+00 1.740027e-06
-0.17 8.000000e+00 1.732509e-06
-0.17 8.500000e+00 1.708931e-06
-0.17 9.000000e+00 1.636462e-06
-0.17 9.500000e+00 1.428390e-06
-0.17 1.000000e+01 9.580963e-07
-0.17 1.050000e+01 4.097354e-07
-0.17 1.100000e+01 1.361940e-07
-0.17 1.150000e+01 4.327014e-08
-0.17 1.200000e+01 1.367946e-08
-0.17 1.250000e+01 4.322475e-09
-0.17 1.300000e+01 1.365760e-09
-0.17 1.350000e+01 4.315334e-10
-0.17 1.400000e+01 1.336940e-10

-0.16 7.000000e+00 1.591943e-06
-0.16 7.500000e+00 1.576537e-06
-0.16 8.000000e+00 1.567451e-06
-0.16 8.500000e+00 1.539043e-06
-0.16 9.000000e+00 1.452611e-06
-0.16 9.500000e+00 1.213043e-06
-0.16 1.000000e+01 7.322351e-07
-0.16 1.050000e+01 2.849922e-07
-0.16 1.100000e+01 9.275253e-08
-0.16 1.150000e+01 2.939768e-08
-0.16 1.200000e+01 9.291545e-09
-0.16 1.250000e+01 2.935899e-09
-0.16 1.300000e+01 9.276454e-10
-0.16 1.350000e+01 2.931040e-10
-0.16 1.400000e+01 9.553628e-11

-0.15 7.000000e+00 1.449425e-06
-0.15 7.500000e+00 1.428087e-06
-0.15 8.000000e+00 1.417111e-06
-0.15 8.500000e+00 1.382937e-06
-0.15 9.000000e+00 1.280383e-06
-0.15 9.500000e+00 1.009588e-06
-0.15 1.000000e+01 5.424900e-07
-0.15 1.050000e+01 1.963201e-07
-0.15 1.100000e+01 6.309406e-08
-0.15 1.150000e+01 1.997038e-08
-0.15 1.200000e+01 6.311054e-09
-0.15 1.250000e+01 1.994110e-09
-0.15 1.300000e+01 6.300710e-10
-0.15 1.350000e+01 1.990807e-10
-0.15 1.400000e+01 6.604566e-11

-0.14 7.000000e+00 1.306459e-06
-0.14 7.500000e+00 1.293228e-06
-0.14 8.000000e+00 1.279978e-06
-0.14 8.500000e+00 1.238952e-06
-0.14 9.000000e+00 1.118126e-06
-0.14 9.500000e+00 8.196172e-07
-0.14 1.000000e+01 3.911223e-07
-0.14 1.050000e+01 1.344388e-07
-0.14 1.100000e+01 4.289088e-08
-0.14 1.150000e+01 1.356534e-08
-0.14 1.200000e+01 4.286600e-09
-0.14 1.250000e+01 1.354431e-09
-0.14 1.300000e+01 4.279538e-10
-0.14 1.350000e+01 1.352186e-10
-0.14 1.400000e+01 4.390305e-11

-0.13 7.000000e+00 1.228484e-06
-0.13 7.500000e+00 1.170636e-06
-0.13 8.000000e+00 1.154655e-06
-0.13 8.500000e+00 1.105540e-06
-0.13 9.000000e+00 9.645677e-07
-0.13 9.500000e+00 6.462960e-07
-0.13 1.000000e+01 2.760807e-07
-0.13 1.050000e+01 9.174121e-08
-0.13 1.100000e+01 2.914606e-08
-0.13 1.150000e+01 9.214227e-09
-0.13 1.200000e+01 2.911538e-09
-0.13 1.250000e+01 9.199504e-10
-0.13 1.300000e+01 2.906727e-10
-0.13 1.350000e+01 9.184254e-11
-0.13 1.400000e+01 3.447496e-11

-0.12 7.000000e+00 1.040780e-06
-0.12 7.500000e+00 1.059101e-06
-0.12 8.000000e+00 1.039846e-06
-0.12 8.500000e+00 9.812709e-07
-0.12 9.000000e+00 8.189878e-07
-0.12 9.500000e+00 4.937669e-07
-0.12 1.000000e+01 1.920033e-07
-0.12 1.050000e+01 6.247771e-08
-0.12 1.100000e+01 1.980177e-08
-0.12 1.150000e+01 6.258611e-09
-0.12 1.200000e+01 1.977566e-09
-0.12 1.250000e+01 6.248445e-10
-0.12 1.300000e+01 1.974293e-10
-0.12 1.350000e+01 6.238085e-11
-0.12 1.400000e+01 1.799547e-11

-0.11 7.000000e+00 9.702457e-07
-0.11 7.500000e+00 9.575100e-07
-0.11 8.000000e+00 9.343474e-07
-0.11 8.500000e+00 8.648507e-07
-0.11 9.000000e+00 6.814576e-07
-0.11 9.500000e+00 3.656984e-07
-0.11 1.000000e+01 1.322528e-07
-0.11 1.050000e+01 4.249949e-08
-0.11 1.100000e+01 1.345169e-08
-0.11 1.150000e+01 4.251007e-09
-0.11 1.200000e+01 1.343195e-09
-0.11 1.250000e+01 4.244039e-10
-0.11 1.300000e+01 1.340970e-10
-0.11 1.350000e+01 4.237002e-11
-0.11 1.400000e+01 1.367679e-11

-0.10 7.000000e+00 8.886608e-07
-0.10 7.500000e+00 8.648418e-07
-0.10 8.000000e+00 8.370358e-07
-0.10 8.500000e+00 7.551647e-07
-0.10 9.000000e+00 5.530661e-07
-0.10 9.500000e+00 2.635899e-07
-0.10 1.000000e+01 9.056148e-08
-0.10 1.050000e+01 2.889069e-08
-0.10 1.100000e+01 9.137365e-09
-0.10 1.150000e+01 2.887373e-09
-0.10 1.200000e+01 9.123191e-10
-0.10 1.250000e+01 2.882616e-10
-0.10 1.300000e+01 9.108072e-11
-0.10 1.350000e+01 2.877836e-11
-0.10 1.400000e+01 9.709100e-12

-0.09 7.000000e+00 7.945636e-07
-0.09 7.500000e+00 7.801520e-07
-0.09 8.000000e+00 7.468652e-07
-0.09 8.500000e+00 6.513546e-07
-0.09 9.000000e+00 4.359653e-07
-0.09 9.500000e+00 1.860235e-07
-0.09 1.000000e+01 6.179749e-08
-0.09 1.050000e+01 1.963232e-08
-0.09 1.100000e+01 6.206532e-09
-0.09 1.150000e+01 1.961157e-09
-0.09 1.200000e+01 6.196613e-10
-0.09 1.250000e+01 1.957917e-10
-0.09 1.300000e+01 6.186340e-11
-0.09 1.350000e+01 1.954670e-11
-0.09 1.400000e+01 6.285078e-12

-0.08 7.000000e+00 7.451674e-07
-0.08 7.500000e+00 7.025655e-07
-0.08 8.000000e+00 6.628690e-07
-0.08 8.500000e+00 5.529389e-07
-0.08 9.000000e+00 3.329597e-07
-0.08 9.500000e+00 1.293552e-07
-0.08 1.000000e+01 4.208471e-08
-0.08 1.050000e+01 1.333813e-08
-0.08 1.100000e+01 4.215683e-09
-0.08 1.150000e+01 1.332051e-09
-0.08 1.200000e+01 4.208834e-10
-0.08 1.250000e+01 1.329847e-10
-0.08 1.300000e+01 4.201856e-11
-0.08 1.350000e+01 1.327641e-11
-0.08 1.400000e+01 4.903229e-12

-0.07 7.000000e+00 6.326746e-07
-0.07 7.500000e+00 6.312681e-07
-0.07 8.000000e+00 5.841731e-07
-0.07 8.500000e+00 4.599724e-07
-0.07 9.000000e+00 2.465204e-07
-0.07 9.500000e+00 8.909322e-08
-0.07 1.000000e+01 2.862720e-08
-0.07 1.050000e+01 9.060815e-09
-0.07 1.100000e+01 2.863399e-09
-0.07 1.150000e+01 9.047507e-10
-0.07 1.200000e+01 2.858705e-10
-0.07 1.250000e+01 9.032521e-11
-0.07 1.300000e+01 2.853965e-11
-0.07 1.350000e+01 9.017542e-12
-0.07 1.400000e+01 2.616450e-12

-0.06 7.000000e+00 5.861524e-07
-0.06 7.500000e+00 5.655005e-07
-0.06 8.000000e+00 5.100250e-07
-0.06 8.500000e+00 3.731997e-07
-0.06 9.000000e+00 1.776412e-07
-0.06 9.500000e+00 6.100453e-08
-0.06 1.000000e+01 1.946035e-08
-0.06 1.050000e+01 6.154761e-09
-0.06 1.100000e+01 1.944880e-09
-0.06 1.150000e+01 6.145209e-10
-0.06 1.200000e+01 1.941676e-10
-0.06 1.250000e+01 6.135025e-11
-0.06 1.300000e+01 1.938456e-11
-0.06 1.350000e+01 6.124851e-12
-0.06 1.400000e+01 1.957944e-12

-0.05 7.000000e+00 5.294197e-07
-0.05 7.500000e+00 5.045560e-07
-0.05 8.000000e+00 4.398465e-07
-0.05 8.500000e+00 2.940834e-07
-0.05 9.000000e+00 1.253426e-07
-0.05 9.500000e+00 4.162719e-08
-0.05 1.000000e+01 1.322401e-08
-0.05 1.050000e+01 4.180604e-09
-0.05 1.100000e+01 1.320998e-09
-0.05 1.150000e+01 4.173921e-10
-0.05 1.200000e+01 1.318816e-10
-0.05 1.250000e+01 4.167002e-11
-0.05 1.300000e+01 1.316629e-11
-0.05 1.350000e+01 4.160092e-12
-0.05 1.400000e+01 1.335983e-12

-0.04 7.000000e+00 4.756938e-07
-0.04 7.500000e+00 4.477812e-07
-0.04 8.000000e+00 3.733152e-07
-0.04 8.500000e+00 2.245223e-07
-0.04 9.000000e+00 8.714820e-08
-0.04 9.500000e+00 2.834807e-08
-0.04 1.000000e+01 8.984329e-09
-0.04 1.050000e+01 2.839605e-09
-0.04 1.100000e+01 8.972445e-10
-0.04 1.150000e+01 2.834991e-10
-0.04 1.200000e+01 8.957596e-11
-0.04 1.250000e+01 2.830291e-11
-0.04 1.300000e+01 8.942742e-12
-0.04 1.350000e+01 2.825598e-12
-0.04 1.400000e+01 8.997600e-13

-0.03 7.000000e+00 4.448115e-07
-0.03 7.500000e+00 3.945856e-07
-0.03 8.000000e+00 3.104726e-07
-0.03 8.500000e+00 1.661810e-07
-0.03 9.000000e+00 6.001836e-08
-0.03 9.500000e+00 1.928297e-08
-0.03 1.000000e+01 6.103201e-09
-0.03 1.050000e+01 1.928732e-09
-0.03 1.100000e+01 6.094230e-10
-0.03 1.150000e+01 1.925569e-10
-0.03 1.200000e+01 6.084135e-11
-0.03 1.250000e+01 1.922377e-11
-0.03 1.300000e+01 6.074046e-12
-0.03 1.350000e+01 1.919189e-12
-0.03 1.400000e+01 7.050923e-13

-0.02 7.000000e+00 3.685655e-07
-0.02 7.500000e+00 3.444613e-07
-0.02 8.000000e+00 2.518280e-07
-0.02 8.500000e+00 1.197175e-07
-0.02 9.000000e+00 4.109420e-08
-0.02 9.500000e+00 1.310822e-08
-0.02 1.000000e+01 4.145733e-09
-0.02 1.050000e+01 1.310035e-09
-0.02 1.100000e+01 4.139297e-10
-0.02 1.150000e+01 1.307876e-10
-0.02 1.200000e+01 4.132437e-11
-0.02 1.250000e+01 1.305707e-11
-0.02 1.300000e+01 4.125584e-12
-0.02 1.350000e+01 1.303542e-12
-0.02 1.400000e+01 3.640156e-13

-0.01 7.000000e+00 3.410596e-07
-0.01 7.500000e+00 2.970187e-07
-0.01 8.000000e+00 1.983752e-07
-0.01 8.500000e+00 8.445564e-08
-0.01 9.000000e+00 2.804033e-08
-0.01 9.500000e+00 8.907476e-09
-0.01 1.000000e+01 2.815977e-09
-0.01 1.050000e+01 8.897996e-10
-0.01 1.100000e+01 2.811475e-10
-0.01 1.150000e+01 8.883293e-11
-0.01 1.200000e+01 2.806814e-11
-0.01 1.250000e+01 8.868563e-12
-0.01 1.300000e+01 2.802159e-12
-0.01 1.350000e+01 8.853856e-13
-0.01 1.400000e+01 2.802956e-13

0.00 7.000000e+00 3.024847e-07
0.00 7.500000e+00 2.520420e-07
0.00 8.000000e+00 1.513999e-07
0.00 8.500000e+00 5.871277e-08
0.00 9.000000e+00 1.909513e-08
0.00 9.500000e+00 6.051687e-09
0.00 1.000000e+01 1.912705e-09
0.00 1.050000e+01 6.043670e-10
0.00 1.100000e+01 1.909597e-10
0.00 1.150000e+01 6.033668e-11
0.00 1.200000e+01 1.906431e-11
0.00 1.250000e+01 6.023662e-12
0.00 1.300000e+01 1.903269e-12
0.00 1.350000e+01 6.013673e-13
0.00 1.400000e+01 1.900113e-13
