0.00 1.400000e+01 0.000000e+00 1.169375e-18 2.338750e-18 0.000000e+00
-0.10 1.400000e+01 0.000000e+00 3.496288e-15 6.992577e-15 0.000000e+00
-0.21 1.400000e+01 0.000000e+00 9.954907e-12 1.990981e-11 0.000000e+00
-0.31 1.400000e+01 0.000000e+00 2.273859e-09 4.547718e-09 0.000000e+00
-0.41 1.400000e+01 0.000000e+00 2.325528e-08 4.651057e-08 0.000000e+00
-0.52 1.400000e+01 0.000000e+00 1.791661e-07 3.583323e-07 0.000000e+00
-0.62 1.400000e+01 0.000000e+00 1.360706e-06 2.721413e-06 0.000000e+00
-0.72 1.400000e+01 0.000000e+00 1.032664e-05 2.065329e-05 0.000000e+00
-0.83 1.400000e+01 0.000000e+00 7.836785e-05 1.567357e-04 0.000000e+00
-0.93 1.400000e+01 0.000000e+00 5.947240e-04 1.189448e-03 0.000000e+00
-1.03 1.400000e+01 0.000000e+00 4.513276e-03 9.026552e-03 0.000000e+00
-1.14 1.400000e+01 0.000000e+00 3.425039e-02 6.850079e-02 0.000000e+00
-1.24 1.400000e+01 0.000000e+00 2.599156e-01 5.198311e-01 0.000000e+00
-1.34 1.400000e+01 0.000000e+00 1.972339e+00 3.944678e+00 0.000000e+00
-1.45 1.400000e+01 0.000000e+00 1.496535e+01 2.993070e+01 0.000000e+00
-1.55 1.400000e+01 0.000000e+00 1.135224e+02 2.270447e+02 0.000000e+00
-1.66 1.400000e+01 0.000000e+00 8.605912e+02 1.721182e+03 0.000000e+00
-1.76 1.400000e+01 0.000000e+00 6.513427e+03 1.302685e+04 0.000000e+00
-1.86 1.400000e+01 0.000000e+00 4.909665e+04 9.819331e+04 0.000000e+00
-1.97 1.400000e+01 0.000000e+00 3.662985e+05 7.325970e+05 0.000000e+00
-2.07 1.400000e+01 0.000000e+00 2.663123e+06 5.326246e+06 0.000000e+00
-2.17 1.400000e+01 0.000000e+00 1.814445e+07 3.628890e+07 0.000000e+00
-2.28 1.400000e+01 0.000000e+00 1.052568e+08 2.105136e+08 0.000000e+00
-2.38 1.400000e+01 0.000000e+00 4.230710e+08 8.461420e+08 0.000000e+00
-2.48 1.400000e+01 0.000000e+00 9.388654e+08 1.877731e+09 0.000000e+00
-2.59 1.400000e+01 0.000000e+00 1.332505e+09 2.665010e+09 0.000000e+00
-2.69 1.400000e+01 0.000000e+00 1.623883e+09 3.247767e+09 0.000000e+00
-2.79 1.400000e+01 0.000000e+00 1.935293e+09 3.870586e+09 0.000000e+00
-2.90 1.400000e+01 0.000000e+00 2.304933e+09 4.609867e+09 0.000000e+00
-3.00 1.400000e+01 0.000000e+00 2.743861e+09 5.487722e+09 0.000000e+00
0.00 1.166667e+01 0.000000e+00 5.387540e-14 1.077508e-13 0.000000e+00
-0.10 1.166667e+01 0.000000e+00 3.065688e-11 6.131377e-11 0.000000e+00
-0.21 1.166667e+01 0.000000e+00 3.985579e-10 7.971157e-10 0.000000e+00
-0.31 1.166667e+01 0.000000e+00 3.108950e-09 6.217899e-09 0.000000e+00
-0.41 1.166667e+01 0.000000e+00 2.362619e-08 4.725237e-08 0.000000e+00
-0.52 1.166667e+01 0.000000e+00 1.793090e-07 3.586181e-07 0.000000e+00
-0.62 1.166667e+01 0.000000e+00 1.360761e-06 2.721522e-06 0.000000e+00
-0.72 1.166667e+01 0.000000e+00 1.032666e-05 2.065333e-05 0.000000e+00
-0.83 1.166667e+01 0.000000e+00 7.836786e-05 1.567357e-04 0.000000e+00
-0.93 1.166667e+01 0.000000e+00 5.947240e-04 1.189448e-03 0.000000e+00
-1.03 1.166667e+01 0.000000e+00 4.513276e-03 9.026552e-03 0.000000e+00
-1.14 1.166667e+01 0.000000e+00 3.425039e-02 6.850079e-02 0.000000e+00
-1.24 1.166667e+01 0.000000e+00 2.599156e-01 5.198311e-01 0.000000e+00
-1.34 1.166667e+01 0.000000e+00 1.972339e+00 3.944678e+00 0.000000e+00
-1.45 1.166667e+01 0.000000e+00 1.496535e+01 2.993070e+01 0.000000e+00
-1.55 1.166667e+01 0.000000e+00 1.135224e+02 2.270447e+02 0.000000e+00
-1.66 1.166667e+01 0.000000e+00 8.605912e+02 1.721182e+03 0.000000e+00
-1.76 1.166667e+01 0.000000e+00 6.513427e+03 1.302685e+04 0.000000e+00
-1.86 1.166667e+01 0.000000e+00 4.909665e+04 9.819331e+04 0.000000e+00
-1.97 1.166667e+01 0.000000e+00 3.662985e+05 7.325970e+05 0.000000e+00
-2.07 1.166667e+01 0.000000e+00 2.663123e+06 5.326246e+06 0.000000e+00
-2.17 1.166667e+01 0.000000e+00 1.814445e+07 3.628890e+07 0.000000e+00
-2.28 1.166667e+01 0.000000e+00 1.052568e+08 2.105136e+08 0.000000e+00
-2.38 1.166667e+01 0.000000e+00 4.230710e+08 8.461420e+08 0.000000e+00
-2.48 1.166667e+01 0.000000e+00 9.388654e+08 1.877731e+09 0.000000e+00
-2.59 1.166667e+01 0.000000e+00 1.332505e+09 2.665010e+09 0.000000e+00
-2.69 1.166667e+01 0.000000e+00 1.623883e+09 3.247767e+09 0.000000e+00
-2.79 1.166667e+01 0.000000e+00 1.935293e+09 3.870586e+09 0.000000e+00
-2.90 1.166667e+01 0.000000e+00 2.304933e+09 4.609867e+09 0.000000e+00
-3.00 1.166667e+01 0.000000e+00 2.743861e+09 5.487722e+09 0.000000e+00
0.00 9.333333e+00 0.000000e+00 6.757711e-12 1.351542e-11 0.000000e+00
-0.10 9.333333e+00 0.000000e+00 5.391833e-11 1.078367e-10 0.000000e+00
-0.21 9.333333e+00 0.000000e+00 4.102145e-10 8.204289e-10 0.000000e+00
-0.31 9.333333e+00 0.000000e+00 3.113468e-09 6.226936e-09 0.000000e+00
-0.41 9.333333e+00 0.000000e+00 2.362792e-08 4.725583e-08 0.000000e+00
-0.52 9.333333e+00 0.000000e+00 1.793097e-07 3.586194e-07 0.000000e+00
-0.62 9.333333e+00 0.000000e+00 1.360761e-06 2.721523e-06 0.000000e+00
-0.72 9.333333e+00 0.000000e+00 1.032666e-05 2.065333e-05 0.000000e+00
-0.83 9.333333e+00 0.000000e+00 7.836786e-05 1.567357e-04 0.000000e+00
-0.93 9.333333e+00 0.000000e+00 5.947240e-04 1.189448e-03 0.000000e+00
-1.03 9.333333e+00 0.000000e+00 4.513276e-03 9.026552e-03 0.000000e+00
-1.14 9.333333e+00 0.000000e+00 3.425039e-02 6.850079e-02 0.000000e+00
-1.24 9.333333e+00 0.000000e+00 2.599156e-01 5.198311e-01 0.000000e+00
-1.34 9.333333e+00 0.000000e+00 1.972339e+00 3.944678e+00 0.000000e+00
-1.45 9.333333e+00 0.000000e+00 1.496535e+01 2.993070e+01 0.000000e+00
-1.55 9.333333e+00 0.000000e+00 1.135224e+02 2.270447e+02 0.000000e+00
-1.66 9.333333e+00 0.000000e+00 8.605912e+02 1.721182e+03 0.000000e+00
-1.76 9.333333e+00 0.000000e+00 6.513427e+03 1.302685e+04 0.000000e+00
-1.86 9.333333e+00 0.000000e+00 4.909665e+04 9.819331e+04 0.000000e+00
-1.97 9.333333e+00 0.000000e+00 3.662985e+05 7.325970e+05 0.000000e+00
-2.07 9.333333e+00 0.000000e+00 2.663123e+06 5.326246e+06 0.000000e+00
-2.17 9.333333e+00 0.000000e+00 1.814445e+07 3.628890e+07 0.000000e+00
-2.28 9.333333e+00 0.000000e+00 1.052568e+08 2.105136e+08 0.000000e+00
-2.38 9.333333e+00 0.000000e+00 4.230710e+08 8.461420e+08 0.000000e+00
-2.48 9.333333e+00 0.000000e+00 9.388654e+08 1.877731e+09 0.000000e+00
-2.59 9.333333e+00 0.000000e+00 1.332505e+09 2.665010e+09 0.000000e+00
-2.69 9.333333e+00 0.000000e+00 1.623883e+09 3.247767e+09 0.000000e+00
-2.79 9.333333e+00 0.000000e+00 1.935293e+09 3.870586e+09 0.000000e+00
-2.90 9.333333e+00 0.000000e+00 2.304933e+09 4.609867e+09 0.000000e+00
-3.00 9.333333e+00 0.000000e+00 2.743861e+09 5.487722e+09 0.000000e+00
0.00 7.000000e+00 0.000000e+00 7.122078e-12 1.424416e-11 0.000000e+00
-0.10 7.000000e+00 0.000000e+00 5.406118e-11 1.081224e-10 0.000000e+00
-0.21 7.000000e+00 0.000000e+00 4.102691e-10 8.205383e-10 0.000000e+00
-0.31 7.000000e+00 0.000000e+00 3.113489e-09 6.226978e-09 0.000000e+00
-0.41 7.000000e+00 0.000000e+00 2.362792e-08 4.725585e-08 0.000000e+00
-0.52 7.000000e+00 0.000000e+00 1.793097e-07 3.586194e-07 0.000000e+00
-0.62 7.000000e+00 0.000000e+00 1.360761e-06 2.721523e-06 0.000000e+00
-0.72 7.000000e+00 0.000000e+00 1.032666e-05 2.065333e-05 0.000000e+00
-0.83 7.000000e+00 0.000000e+00 7.836786e-05 1.567357e-04 0.000000e+00
-0.93 7.000000e+00 0.000000e+00 5.947240e-04 1.189448e-03 0.000000e+00
-1.03 7.000000e+00 0.000000e+00 4.513276e-03 9.026552e-03 0.000000e+00
-1.14 7.000000e+00 0.000000e+00 3.425039e-02 6.850079e-02 0.000000e+00
-1.24 7.000000e+00 0.000000e+00 2.599156e-01 5.198311e-01 0.000000e+00
-1.34 7.000000e+00 0.000000e+00 1.972339e+00 3.944678e+00 0.000000e+00
-1.45 7.000000e+00 0.000000e+00 1.496535e+01 2.993070e+01 0.000000e+00
-1.55 7.000000e+00 0.000000e+00 1.135224e+02 2.270447e+02 0.000000e+00
-1.66 7.000000e+00 0.000000e+00 8.605912e+02 1.721182e+03 0.000000e+00
-1.76 7.000000e+00 0.000000e+00 6.513427e+03 1.302685e+04 0.000000e+00
-1.86 7.000000e+00 0.000000e+00 4.909665e+04 9.819331e+04 0.000000e+00
-1.97 7.000000e+00 0.000000e+00 3.662985e+05 7.325970e+05 0.000000e+00
-2.07 7.000000e+00 0.000000e+00 2.663123e+06 5.326246e+06 0.000000e+00
-2.17 7.000000e+00 0.000000e+00 1.814445e+07 3.628890e+07 0.000000e+00
-2.28 7.000000e+00 0.000000e+00 1.052568e+08 2.105136e+08 0.000000e+00
-2.38 7.000000e+00 0.000000e+00 4.230710e+08 8.461420e+08 0.000000e+00
-2.48 7.000000e+00 0.000000e+00 9.388654e+08 1.877731e+09 0.000000e+00
-2.59 7.000000e+00 0.000000e+00 1.332505e+09 2.665010e+09 0.000000e+00
-2.69 7.000000e+00 0.000000e+00 1.623883e+09 3.247767e+09 0.000000e+00
-2.79 7.000000e+00 0.000000e+00 1.935293e+09 3.870586e+09 0.000000e+00
-2.90 7.000000e+00 0.000000e+00 2.304933e+09 4.609867e+09 0.000000e+00
-3.00 7.000000e+00 0.000000e+00 2.743861e+09 5.487722e+09 0.000000e+00
