
-0.28983 -0.31654 0.54528
-0.25711 -0.31654 0.56022
-0.22439 -0.31654 0.57515
-0.19166 -0.31654 0.59009
-0.15894 -0.31654 0.60502
-0.12622 -0.31654 0.61996
-0.09350 -0.31654 0.63490
-0.06078 -0.31654 0.64983
-0.02805 -0.31654 0.66477
0.00467 -0.31654 0.67971
0.03739 -0.31654 0.69464
0.07011 -0.31654 0.70958
0.10283 -0.31654 0.72452
0.13556 -0.31654 0.73945
0.16828 -0.31654 0.75439
0.20100 -0.31654 0.76933
0.23372 -0.31654 0.78426
0.26644 -0.31654 0.79920
0.29917 -0.31654 0.81414
0.33189 -0.31654 0.82907
0.36461 -0.31654 0.84401
0.39733 -0.31654 0.85894
0.43005 -0.31654 0.87388
0.46278 -0.31654 0.88882
0.49550 -0.31654 0.90375
0.52822 -0.31654 0.91869
0.56094 -0.31654 0.93363
0.59367 -0.31654 0.94856
0.62639 -0.31654 0.96350
0.65911 -0.31654 0.97844
0.69183 -0.31654 0.99337
0.72455 -0.31654 1.00831
0.75728 -0.31654 1.02325
0.79000 -0.31654 1.03818
0.82272 -0.31654 1.05312
0.85544 -0.31654 1.06806
0.88816 -0.31654 1.08299
0.92089 -0.31654 1.09793
0.95361 -0.31654 1.11286
0.98633 -0.31654 1.12780
1.01905 -0.31654 1.14274
1.05177 -0.31654 1.15767
1.08450 -0.31654 1.17261
1.11722 -0.31654 1.18755
1.14994 -0.31654 1.20248
1.18266 -0.31654 1.21742
1.21538 -0.31654 1.23236
1.24811 -0.31654 1.24729
1.28083 -0.31654 1.26223
1.31355 -0.31654 1.27717

-0.28983 -0.29269 0.54528
-0.25711 -0.29269 0.56022
-0.22439 -0.29269 0.57515
-0.19166 -0.29269 0.59009
-0.15894 -0.29269 0.60502
-0.12622 -0.29269 0.61996
-0.09350 -0.29269 0.63490
-0.06078 -0.29269 0.64983
-0.02805 -0.29269 0.66477
0.00467 -0.29269 0.67971
0.03739 -0.29269 0.69464
0.07011 -0.29269 0.70958
0.10283 -0.29269 0.72452
0.13556 -0.29269 0.73945
0.16828 -0.29269 0.75439
0.20100 -0.29269 0.76933
0.23372 -0.29269 0.78426
0.26644 -0.29269 0.79920
0.29917 -0.29269 0.81414
0.33189 -0.29269 0.82907
0.36461 -0.29269 0.84401
0.39733 -0.29269 0.85894
0.43005 -0.29269 0.87388
0.46278 -0.29269 0.88882
0.49550 -0.29269 0.90375
0.52822 -0.29269 0.91869
0.56094 -0.29269 0.93363
0.59367 -0.29269 0.94856
0.62639 -0.29269 0.96350
0.65911 -0.29269 0.97844
0.69183 -0.29269 0.99337
0.72455 -0.29269 1.00831
0.75728 -0.29269 1.02325
0.79000 -0.29269 1.03818
0.82272 -0.29269 1.05312
0.85544 -0.29269 1.06806
0.88816 -0.29269 1.08299
0.92089 -0.29269 1.09793
0.95361 -0.29269 1.11286
0.98633 -0.29269 1.12780
1.01905 -0.29269 1.14274
1.05177 -0.29269 1.15767
1.08450 -0.29269 1.17261
1.11722 -0.29269 1.18755
1.14994 -0.29269 1.20248
1.18266 -0.29269 1.21742
1.21538 -0.29269 1.23236
1.24811 -0.29269 1.24729
1.28083 -0.29269 1.26223
1.31355 -0.29269 1.27717

-0.28983 -0.26883 0.54528
-0.25711 -0.26883 0.56022
-0.22439 -0.26883 0.57515
-0.19166 -0.26883 0.59009
-0.15894 -0.26883 0.60502
-0.12622 -0.26883 0.61996
-0.09350 -0.26883 0.63490
-0.06078 -0.26883 0.64983
-0.02805 -0.26883 0.66477
0.00467 -0.26883 0.67971
0.03739 -0.26883 0.69464
0.07011 -0.26883 0.70958
0.10283 -0.26883 0.72452
0.13556 -0.26883 0.73945
0.16828 -0.26883 0.75439
0.20100 -0.26883 0.76933
0.23372 -0.26883 0.78426
0.26644 -0.26883 0.79920
0.29917 -0.26883 0.81414
0.33189 -0.26883 0.82907
0.36461 -0.26883 0.84401
0.39733 -0.26883 0.85894
0.43005 -0.26883 0.87388
0.46278 -0.26883 0.88882
0.49550 -0.26883 0.90375
0.52822 -0.26883 0.91869
0.56094 -0.26883 0.93363
0.59367 -0.26883 0.94856
0.62639 -0.26883 0.96350
0.65911 -0.26883 0.97844
0.69183 -0.26883 0.99337
0.72455 -0.26883 1.00831
0.75728 -0.26883 1.02325
0.79000 -0.26883 1.03818
0.82272 -0.26883 1.05312
0.85544 -0.26883 1.06806
0.88816 -0.26883 1.08299
0.92089 -0.26883 1.09793
0.95361 -0.26883 1.11286
0.98633 -0.26883 1.12780
1.01905 -0.26883 1.14274
1.05177 -0.26883 1.15767
1.08450 -0.26883 1.17261
1.11722 -0.26883 1.18755
1.14994 -0.26883 1.20248
1.18266 -0.26883 1.21742
1.21538 -0.26883 1.23236
1.24811 -0.26883 1.24729
1.28083 -0.26883 1.26223
1.31355 -0.26883 1.27717

-0.28983 -0.24497 0.55112
-0.25711 -0.24497 0.56022
-0.22439 -0.24497 0.57515
-0.19166 -0.24497 0.59009
-0.15894 -0.24497 0.60502
-0.12622 -0.24497 0.61996
-0.09350 -0.24497 0.63490
-0.06078 -0.24497 0.64983
-0.02805 -0.24497 0.66477
0.00467 -0.24497 0.67971
0.03739 -0.24497 0.69464
0.07011 -0.24497 0.70958
0.10283 -0.24497 0.72452
0.13556 -0.24497 0.73945
0.16828 -0.24497 0.75439
0.20100 -0.24497 0.76933
0.23372 -0.24497 0.78426
0.26644 -0.24497 0.79920
0.29917 -0.24497 0.81414
0.33189 -0.24497 0.82907
0.36461 -0.24497 0.84401
0.39733 -0.24497 0.85894
0.43005 -0.24497 0.87388
0.46278 -0.24497 0.88882
0.49550 -0.24497 0.90375
0.52822 -0.24497 0.91869
0.56094 -0.24497 0.93363
0.59367 -0.24497 0.94856
0.62639 -0.24497 0.96350
0.65911 -0.24497 0.97844
0.69183 -0.24497 0.99337
0.72455 -0.24497 1.00831
0.75728 -0.24497 1.02325
0.79000 -0.24497 1.03818
0.82272 -0.24497 1.05312
0.85544 -0.24497 1.06806
0.88816 -0.24497 1.08299
0.92089 -0.24497 1.09793
0.95361 -0.24497 1.11286
0.98633 -0.24497 1.12780
1.01905 -0.24497 1.14274
1.05177 -0.24497 1.15767
1.08450 -0.24497 1.17261
1.11722 -0.24497 1.18755
1.14994 -0.24497 1.20248
1.18266 -0.24497 1.21742
1.21538 -0.24497 1.23236
1.24811 -0.24497 1.24729
1.28083 -0.24497 1.26223
1.31355 -0.24497 1.27717

-0.28983 -0.22111 0.56428
-0.25711 -0.22111 0.56428
-0.22439 -0.22111 0.57515
-0.19166 -0.22111 0.59009
-0.15894 -0.22111 0.60502
-0.12622 -0.22111 0.61996
-0.09350 -0.22111 0.63490
-0.06078 -0.22111 0.64983
-0.02805 -0.22111 0.66477
0.00467 -0.22111 0.67971
0.03739 -0.22111 0.69464
0.07011 -0.22111 0.70958
0.10283 -0.22111 0.72452
0.13556 -0.22111 0.73945
0.16828 -0.22111 0.75439
0.20100 -0.22111 0.76933
0.23372 -0.22111 0.78426
0.26644 -0.22111 0.79920
0.29917 -0.22111 0.81414
0.33189 -0.22111 0.82907
0.36461 -0.22111 0.84401
0.39733 -0.22111 0.85894
0.43005 -0.22111 0.87388
0.46278 -0.22111 0.88882
0.49550 -0.22111 0.90375
0.52822 -0.22111 0.91869
0.56094 -0.22111 0.93363
0.59367 -0.22111 0.94856
0.62639 -0.22111 0.96350
0.65911 -0.22111 0.97844
0.69183 -0.22111 0.99337
0.72455 -0.22111 1.00831
0.75728 -0.22111 1.02325
0.79000 -0.22111 1.03818
0.82272 -0.22111 1.05312
0.85544 -0.22111 1.06806
0.88816 -0.22111 1.08299
0.92089 -0.22111 1.09793
0.95361 -0.22111 1.11286
0.98633 -0.22111 1.12780
1.01905 -0.22111 1.14274
1.05177 -0.22111 1.15767
1.08450 -0.22111 1.17261
1.11722 -0.22111 1.18755
1.14994 -0.22111 1.20248
1.18266 -0.22111 1.21742
1.21538 -0.22111 1.23236
1.24811 -0.22111 1.24729
1.28083 -0.22111 1.26223
1.31355 -0.22111 1.27717

-0.28983 -0.19726 0.57743
-0.25711 -0.19726 0.57743
-0.22439 -0.19726 0.57743
-0.19166 -0.19726 0.59009
-0.15894 -0.19726 0.60502
-0.12622 -0.19726 0.61996
-0.09350 -0.19726 0.63490
-0.06078 -0.19726 0.64983
-0.02805 -0.19726 0.66477
0.00467 -0.19726 0.67971
0.03739 -0.19726 0.69464
0.07011 -0.19726 0.70958
0.10283 -0.19726 0.72452
0.13556 -0.19726 0.73945
0.16828 -0.19726 0.75439
0.20100 -0.19726 0.76933
0.23372 -0.19726 0.78426
0.26644 -0.19726 0.79920
0.29917 -0.19726 0.81414
0.33189 -0.19726 0.82907
0.36461 -0.19726 0.84401
0.39733 -0.19726 0.85894
0.43005 -0.19726 0.87388
0.46278 -0.19726 0.88882
0.49550 -0.19726 0.90375
0.52822 -0.19726 0.91869
0.56094 -0.19726 0.93363
0.59367 -0.19726 0.94856
0.62639 -0.19726 0.96350
0.65911 -0.19726 0.97844
0.69183 -0.19726 0.99337
0.72455 -0.19726 1.00831
0.75728 -0.19726 1.02325
0.79000 -0.19726 1.03818
0.82272 -0.19726 1.05312
0.85544 -0.19726 1.06806
0.88816 -0.19726 1.08299
0.92089 -0.19726 1.09793
0.95361 -0.19726 1.11286
0.98633 -0.19726 1.12780
1.01905 -0.19726 1.14274
1.05177 -0.19726 1.15767
1.08450 -0.19726 1.17261
1.11722 -0.19726 1.18755
1.14994 -0.19726 1.20248
1.18266 -0.19726 1.21742
1.21538 -0.19726 1.23236
1.24811 -0.19726 1.24729
1.28083 -0.19726 1.26223
1.31355 -0.19726 1.27717

-0.28983 -0.17340 0.59059
-0.25711 -0.17340 0.59059
-0.22439 -0.17340 0.59059
-0.19166 -0.17340 0.59059
-0.15894 -0.17340 0.60502
-0.12622 -0.17340 0.61996
-0.09350 -0.17340 0.63490
-0.06078 -0.17340 0.64983
-0.02805 -0.17340 0.66477
0.00467 -0.17340 0.67971
0.03739 -0.17340 0.69464
0.07011 -0.17340 0.70958
0.10283 -0.17340 0.72452
0.13556 -0.17340 0.73945
0.16828 -0.17340 0.75439
0.20100 -0.17340 0.76933
0.23372 -0.17340 0.78426
0.26644 -0.17340 0.79920
0.29917 -0.17340 0.81414
0.33189 -0.17340 0.82907
0.36461 -0.17340 0.84401
0.39733 -0.17340 0.85894
0.43005 -0.17340 0.87388
0.46278 -0.17340 0.88882
0.49550 -0.17340 0.90375
0.52822 -0.17340 0.91869
0.56094 -0.17340 0.93363
0.59367 -0.17340 0.94856
0.62639 -0.17340 0.96350
0.65911 -0.17340 0.97844
0.69183 -0.17340 0.99337
0.72455 -0.17340 1.00831
0.75728 -0.17340 1.02325
0.79000 -0.17340 1.03818
0.82272 -0.17340 1.05312
0.85544 -0.17340 1.06806
0.88816 -0.17340 1.08299
0.92089 -0.17340 1.09793
0.95361 -0.17340 1.11286
0.98633 -0.17340 1.12780
1.01905 -0.17340 1.14274
1.05177 -0.17340 1.15767
1.08450 -0.17340 1.17261
1.11722 -0.17340 1.18755
1.14994 -0.17340 1.20248
1.18266 -0.17340 1.21742
1.21538 -0.17340 1.23236
1.24811 -0.17340 1.24729
1.28083 -0.17340 1.26223
1.31355 -0.17340 1.27717

-0.28983 -0.14954 0.60375
-0.25711 -0.14954 0.60375
-0.22439 -0.14954 0.60375
-0.19166 -0.14954 0.60375
-0.15894 -0.14954 0.60502
-0.12622 -0.14954 0.61996
-0.09350 -0.14954 0.63490
-0.06078 -0.14954 0.64983
-0.02805 -0.14954 0.66477
0.00467 -0.14954 0.67971
0.03739 -0.14954 0.69464
0.07011 -0.14954 0.70958
0.10283 -0.14954 0.72452
0.13556 -0.14954 0.73945
0.16828 -0.14954 0.75439
0.20100 -0.14954 0.76933
0.23372 -0.14954 0.78426
0.26644 -0.14954 0.79920
0.29917 -0.14954 0.81414
0.33189 -0.14954 0.82907
0.36461 -0.14954 0.84401
0.39733 -0.14954 0.85894
0.43005 -0.14954 0.87388
0.46278 -0.14954 0.88882
0.49550 -0.14954 0.90375
0.52822 -0.14954 0.91869
0.56094 -0.14954 0.93363
0.59367 -0.14954 0.94856
0.62639 -0.14954 0.96350
0.65911 -0.14954 0.97844
0.69183 -0.14954 0.99337
0.72455 -0.14954 1.00831
0.75728 -0.14954 1.02325
0.79000 -0.14954 1.03818
0.82272 -0.14954 1.05312
0.85544 -0.14954 1.06806
0.88816 -0.14954 1.08299
0.92089 -0.14954 1.09793
0.95361 -0.14954 1.11286
0.98633 -0.14954 1.12780
1.01905 -0.14954 1.14274
1.05177 -0.14954 1.15767
1.08450 -0.14954 1.17261
1.11722 -0.14954 1.18755
1.14994 -0.14954 1.20248
1.18266 -0.14954 1.21742
1.21538 -0.14954 1.23236
1.24811 -0.14954 1.24729
1.28083 -0.14954 1.26223
1.31355 -0.14954 1.27717

-0.28983 -0.12568 0.61691
-0.25711 -0.12568 0.61691
-0.22439 -0.12568 0.61691
-0.19166 -0.12568 0.61691
-0.15894 -0.12568 0.61691
-0.12622 -0.12568 0.61996
-0.09350 -0.12568 0.63490
-0.06078 -0.12568 0.64983
-0.02805 -0.12568 0.66477
0.00467 -0.12568 0.67971
0.03739 -0.12568 0.69464
0.07011 -0.12568 0.70958
0.10283 -0.12568 0.72452
0.13556 -0.12568 0.73945
0.16828 -0.12568 0.75439
0.20100 -0.12568 0.76933
0.23372 -0.12568 0.78426
0.26644 -0.12568 0.79920
0.29917 -0.12568 0.81414
0.33189 -0.12568 0.82907
0.36461 -0.12568 0.84401
0.39733 -0.12568 0.85894
0.43005 -0.12568 0.87388
0.46278 -0.12568 0.88882
0.49550 -0.12568 0.90375
0.52822 -0.12568 0.91869
0.56094 -0.12568 0.93363
0.59367 -0.12568 0.94856
0.62639 -0.12568 0.96350
0.65911 -0.12568 0.97844
0.69183 -0.12568 0.99337
0.72455 -0.12568 1.00831
0.75728 -0.12568 1.02325
0.79000 -0.12568 1.03818
0.82272 -0.12568 1.05312
0.85544 -0.12568 1.06806
0.88816 -0.12568 1.08299
0.92089 -0.12568 1.09793
0.95361 -0.12568 1.11286
0.98633 -0.12568 1.12780
1.01905 -0.12568 1.14274
1.05177 -0.12568 1.15767
1.08450 -0.12568 1.17261
1.11722 -0.12568 1.18755
1.14994 -0.12568 1.20248
1.18266 -0.12568 1.21742
1.21538 -0.12568 1.23236
1.24811 -0.12568 1.24729
1.28083 -0.12568 1.26223
1.31355 -0.12568 1.27717

-0.28983 -0.10183 0.63006
-0.25711 -0.10183 0.63006
-0.22439 -0.10183 0.63006
-0.19166 -0.10183 0.63006
-0.15894 -0.10183 0.63006
-0.12622 -0.10183 0.63006
-0.09350 -0.10183 0.63490
-0.06078 -0.10183 0.64983
-0.02805 -0.10183 0.66477
0.00467 -0.10183 0.67971
0.03739 -0.10183 0.69464
0.07011 -0.10183 0.70958
0.10283 -0.10183 0.72452
0.13556 -0.10183 0.73945
0.16828 -0.10183 0.75439
0.20100 -0.10183 0.76933
0.23372 -0.10183 0.78426
0.26644 -0.10183 0.79920
0.29917 -0.10183 0.81414
0.33189 -0.10183 0.82907
0.36461 -0.10183 0.84401
0.39733 -0.10183 0.85894
0.43005 -0.10183 0.87388
0.46278 -0.10183 0.88882
0.49550 -0.10183 0.90375
0.52822 -0.10183 0.91869
0.56094 -0.10183 0.93363
0.59367 -0.10183 0.94856
0.62639 -0.10183 0.96350
0.65911 -0.10183 0.97844
0.69183 -0.10183 0.99337
0.72455 -0.10183 1.00831
0.75728 -0.10183 1.02325
0.79000 -0.10183 1.03818
0.82272 -0.10183 1.05312
0.85544 -0.10183 1.06806
0.88816 -0.10183 1.08299
0.92089 -0.10183 1.09793
0.95361 -0.10183 1.11286
0.98633 -0.10183 1.12780
1.01905 -0.10183 1.14274
1.05177 -0.10183 1.15767
1.08450 -0.10183 1.17261
1.11722 -0.10183 1.18755
1.14994 -0.10183 1.20248
1.18266 -0.10183 1.21742
1.21538 -0.10183 1.23236
1.24811 -0.10183 1.24729
1.28083 -0.10183 1.26223
1.31355 -0.10183 1.27717

-0.28983 -0.07797 0.64322
-0.25711 -0.07797 0.64322
-0.22439 -0.07797 0.64322
-0.19166 -0.07797 0.64322
-0.15894 -0.07797 0.64322
-0.12622 -0.07797 0.64322
-0.09350 -0.07797 0.64322
-0.06078 -0.07797 0.64983
-0.02805 -0.07797 0.66477
0.00467 -0.07797 0.67971
0.03739 -0.07797 0.69464
0.07011 -0.07797 0.70958
0.10283 -0.07797 0.72452
0.13556 -0.07797 0.73945
0.16828 -0.07797 0.75439
0.20100 -0.07797 0.76933
0.23372 -0.07797 0.78426
0.26644 -0.07797 0.79920
0.29917 -0.07797 0.81414
0.33189 -0.07797 0.82907
0.36461 -0.07797 0.84401
0.39733 -0.07797 0.85894
0.43005 -0.07797 0.87388
0.46278 -0.07797 0.88882
0.49550 -0.07797 0.90375
0.52822 -0.07797 0.91869
0.56094 -0.07797 0.93363
0.59367 -0.07797 0.94856
0.62639 -0.07797 0.96350
0.65911 -0.07797 0.97844
0.69183 -0.07797 0.99337
0.72455 -0.07797 1.00831
0.75728 -0.07797 1.02325
0.79000 -0.07797 1.03818
0.82272 -0.07797 1.05312
0.85544 -0.07797 1.06806
0.88816 -0.07797 1.08299
0.92089 -0.07797 1.09793
0.95361 -0.07797 1.11286
0.98633 -0.07797 1.12780
1.01905 -0.07797 1.14274
1.05177 -0.07797 1.15767
1.08450 -0.07797 1.17261
1.11722 -0.07797 1.18755
1.14994 -0.07797 1.20248
1.18266 -0.07797 1.21742
1.21538 -0.07797 1.23236
1.24811 -0.07797 1.24729
1.28083 -0.07797 1.26223
1.31355 -0.07797 1.27717

-0.28983 -0.05411 0.65638
-0.25711 -0.05411 0.65638
-0.22439 -0.05411 0.65638
-0.19166 -0.05411 0.65638
-0.15894 -0.05411 0.65638
-0.12622 -0.05411 0.65638
-0.09350 -0.05411 0.65638
-0.06078 -0.05411 0.65638
-0.02805 -0.05411 0.66477
0.00467 -0.05411 0.67971
0.03739 -0.05411 0.69464
0.07011 -0.05411 0.70958
0.10283 -0.05411 0.72452
0.13556 -0.05411 0.73945
0.16828 -0.05411 0.75439
0.20100 -0.05411 0.76933
0.23372 -0.05411 0.78426
0.26644 -0.05411 0.79920
0.29917 -0.05411 0.81414
0.33189 -0.05411 0.82907
0.36461 -0.05411 0.84401
0.39733 -0.05411 0.85894
0.43005 -0.05411 0.87388
0.46278 -0.05411 0.88882
0.49550 -0.05411 0.90375
0.52822 -0.05411 0.91869
0.56094 -0.05411 0.93363
0.59367 -0.05411 0.94856
0.62639 -0.05411 0.96350
0.65911 -0.05411 0.97844
0.69183 -0.05411 0.99337
0.72455 -0.05411 1.00831
0.75728 -0.05411 1.02325
0.79000 -0.05411 1.03818
0.82272 -0.05411 1.05312
0.85544 -0.05411 1.06806
0.88816 -0.05411 1.08299
0.92089 -0.05411 1.09793
0.95361 -0.05411 1.11286
0.98633 -0.05411 1.12780
1.01905 -0.05411 1.14274
1.05177 -0.05411 1.15767
1.08450 -0.05411 1.17261
1.11722 -0.05411 1.18755
1.14994 -0.05411 1.20248
1.18266 -0.05411 1.21742
1.21538 -0.05411 1.23236
1.24811 -0.05411 1.24729
1.28083 -0.05411 1.26223
1.31355 -0.05411 1.27717

-0.28983 -0.03025 0.66954
-0.25711 -0.03025 0.66954
-0.22439 -0.03025 0.66954
-0.19166 -0.03025 0.66954
-0.15894 -0.03025 0.66954
-0.12622 -0.03025 0.66954
-0.09350 -0.03025 0.66954
-0.06078 -0.03025 0.66954
-0.02805 -0.03025 0.66954
0.00467 -0.03025 0.67971
0.03739 -0.03025 0.69464
0.07011 -0.03025 0.70958
0.10283 -0.03025 0.72452
0.13556 -0.03025 0.73945
0.16828 -0.03025 0.75439
0.20100 -0.03025 0.76933
0.23372 -0.03025 0.78426
0.26644 -0.03025 0.79920
0.29917 -0.03025 0.81414
0.33189 -0.03025 0.82907
0.36461 -0.03025 0.84401
0.39733 -0.03025 0.85894
0.43005 -0.03025 0.87388
0.46278 -0.03025 0.88882
0.49550 -0.03025 0.90375
0.52822 -0.03025 0.91869
0.56094 -0.03025 0.93363
0.59367 -0.03025 0.94856
0.62639 -0.03025 0.96350
0.65911 -0.03025 0.97844
0.69183 -0.03025 0.99337
0.72455 -0.03025 1.00831
0.75728 -0.03025 1.02325
0.79000 -0.03025 1.03818
0.82272 -0.03025 1.05312
0.85544 -0.03025 1.06806
0.88816 -0.03025 1.08299
0.92089 -0.03025 1.09793
0.95361 -0.03025 1.11286
0.98633 -0.03025 1.12780
1.01905 -0.03025 1.14274
1.05177 -0.03025 1.15767
1.08450 -0.03025 1.17261
1.11722 -0.03025 1.18755
1.14994 -0.03025 1.20248
1.18266 -0.03025 1.21742
1.21538 -0.03025 1.23236
1.24811 -0.03025 1.24729
1.28083 -0.03025 1.26223
1.31355 -0.03025 1.27717

-0.28983 -0.00640 0.68269
-0.25711 -0.00640 0.68269
-0.22439 -0.00640 0.68269
-0.19166 -0.00640 0.68269
-0.15894 -0.00640 0.68269
-0.12622 -0.00640 0.68269
-0.09350 -0.00640 0.68269
-0.06078 -0.00640 0.68269
-0.02805 -0.00640 0.68269
0.00467 -0.00640 0.68269
0.03739 -0.00640 0.69464
0.07011 -0.00640 0.70958
0.10283 -0.00640 0.72452
0.13556 -0.00640 0.73945
0.16828 -0.00640 0.75439
0.20100 -0.00640 0.76933
0.23372 -0.00640 0.78426
0.26644 -0.00640 0.79920
0.29917 -0.00640 0.81414
0.33189 -0.00640 0.82907
0.36461 -0.00640 0.84401
0.39733 -0.00640 0.85894
0.43005 -0.00640 0.87388
0.46278 -0.00640 0.88882
0.49550 -0.00640 0.90375
0.52822 -0.00640 0.91869
0.56094 -0.00640 0.93363
0.59367 -0.00640 0.94856
0.62639 -0.00640 0.96350
0.65911 -0.00640 0.97844
0.69183 -0.00640 0.99337
0.72455 -0.00640 1.00831
0.75728 -0.00640 1.02325
0.79000 -0.00640 1.03818
0.82272 -0.00640 1.05312
0.85544 -0.00640 1.06806
0.88816 -0.00640 1.08299
0.92089 -0.00640 1.09793
0.95361 -0.00640 1.11286
0.98633 -0.00640 1.12780
1.01905 -0.00640 1.14274
1.05177 -0.00640 1.15767
1.08450 -0.00640 1.17261
1.11722 -0.00640 1.18755
1.14994 -0.00640 1.20248
1.18266 -0.00640 1.21742
1.21538 -0.00640 1.23236
1.24811 -0.00640 1.24729
1.28083 -0.00640 1.26223
1.31355 -0.00640 1.27717

-0.28983 0.01746 0.69585
-0.25711 0.01746 0.69585
-0.22439 0.01746 0.69585
-0.19166 0.01746 0.69585
-0.15894 0.01746 0.69585
-0.12622 0.01746 0.69585
-0.09350 0.01746 0.69585
-0.06078 0.01746 0.69585
-0.02805 0.01746 0.69585
0.00467 0.01746 0.69585
0.03739 0.01746 0.69585
0.07011 0.01746 0.70958
0.10283 0.01746 0.72452
0.13556 0.01746 0.73945
0.16828 0.01746 0.75439
0.20100 0.01746 0.76933
0.23372 0.01746 0.78426
0.26644 0.01746 0.79920
0.29917 0.01746 0.81414
0.33189 0.01746 0.82907
0.36461 0.01746 0.84401
0.39733 0.01746 0.85894
0.43005 0.01746 0.87388
0.46278 0.01746 0.88882
0.49550 0.01746 0.90375
0.52822 0.01746 0.91869
0.56094 0.01746 0.93363
0.59367 0.01746 0.94856
0.62639 0.01746 0.96350
0.65911 0.01746 0.97844
0.69183 0.01746 0.99337
0.72455 0.01746 1.00831
0.75728 0.01746 1.02325
0.79000 0.01746 1.03818
0.82272 0.01746 1.05312
0.85544 0.01746 1.06806
0.88816 0.01746 1.08299
0.92089 0.01746 1.09793
0.95361 0.01746 1.11286
0.98633 0.01746 1.12780
1.01905 0.01746 1.14274
1.05177 0.01746 1.15767
1.08450 0.01746 1.17261
1.11722 0.01746 1.18755
1.14994 0.01746 1.20248
1.18266 0.01746 1.21742
1.21538 0.01746 1.23236
1.24811 0.01746 1.24729
1.28083 0.01746 1.26223
1.31355 0.01746 1.27717

-0.28983 0.04132 0.70901
-0.25711 0.04132 0.70901
-0.22439 0.04132 0.70901
-0.19166 0.04132 0.70901
-0.15894 0.04132 0.70901
-0.12622 0.04132 0.70901
-0.09350 0.04132 0.70901
-0.06078 0.04132 0.70901
-0.02805 0.04132 0.70901
0.00467 0.04132 0.70901
0.03739 0.04132 0.70901
0.07011 0.04132 0.70958
0.10283 0.04132 0.72452
0.13556 0.04132 0.73945
0.16828 0.04132 0.75439
0.20100 0.04132 0.76933
0.23372 0.04132 0.78426
0.26644 0.04132 0.79920
0.29917 0.04132 0.81414
0.33189 0.04132 0.82907
0.36461 0.04132 0.84401
0.39733 0.04132 0.85894
0.43005 0.04132 0.87388
0.46278 0.04132 0.88882
0.49550 0.04132 0.90375
0.52822 0.04132 0.91869
0.56094 0.04132 0.93363
0.59367 0.04132 0.94856
0.62639 0.04132 0.96350
0.65911 0.04132 0.97844
0.69183 0.04132 0.99337
0.72455 0.04132 1.00831
0.75728 0.04132 1.02325
0.79000 0.04132 1.03818
0.82272 0.04132 1.05312
0.85544 0.04132 1.06806
0.88816 0.04132 1.08299
0.92089 0.04132 1.09793
0.95361 0.04132 1.11286
0.98633 0.04132 1.12780
1.01905 0.04132 1.14274
1.05177 0.04132 1.15767
1.08450 0.04132 1.17261
1.11722 0.04132 1.18755
1.14994 0.04132 1.20248
1.18266 0.04132 1.21742
1.21538 0.04132 1.23236
1.24811 0.04132 1.24729
1.28083 0.04132 1.26223
1.31355 0.04132 1.27717

-0.28983 0.06518 0.72216
-0.25711 0.06518 0.72216
-0.22439 0.06518 0.72216
-0.19166 0.06518 0.72216
-0.15894 0.06518 0.72216
-0.12622 0.06518 0.72216
-0.09350 0.06518 0.72216
-0.06078 0.06518 0.72216
-0.02805 0.06518 0.72216
0.00467 0.06518 0.72216
0.03739 0.06518 0.72216
0.07011 0.06518 0.72216
0.10283 0.06518 0.72452
0.13556 0.06518 0.73945
0.16828 0.06518 0.75439
0.20100 0.06518 0.76933
0.23372 0.06518 0.78426
0.26644 0.06518 0.79920
0.29917 0.06518 0.81414
0.33189 0.06518 0.82907
0.36461 0.06518 0.84401
0.39733 0.06518 0.85894
0.43005 0.06518 0.87388
0.46278 0.06518 0.88882
0.49550 0.06518 0.90375
0.52822 0.06518 0.91869
0.56094 0.06518 0.93363
0.59367 0.06518 0.94856
0.62639 0.06518 0.96350
0.65911 0.06518 0.97844
0.69183 0.06518 0.99337
0.72455 0.06518 1.00831
0.75728 0.06518 1.02325
0.79000 0.06518 1.03818
0.82272 0.06518 1.05312
0.85544 0.06518 1.06806
0.88816 0.06518 1.08299
0.92089 0.06518 1.09793
0.95361 0.06518 1.11286
0.98633 0.06518 1.12780
1.01905 0.06518 1.14274
1.05177 0.06518 1.15767
1.08450 0.06518 1.17261
1.11722 0.06518 1.18755
1.14994 0.06518 1.20248
1.18266 0.06518 1.21742
1.21538 0.06518 1.23236
1.24811 0.06518 1.24729
1.28083 0.06518 1.26223
1.31355 0.06518 1.27717

-0.28983 0.08903 0.73532
-0.25711 0.08903 0.73532
-0.22439 0.08903 0.73532
-0.19166 0.08903 0.73532
-0.15894 0.08903 0.73532
-0.12622 0.08903 0.73532
-0.09350 0.08903 0.73532
-0.06078 0.08903 0.73532
-0.02805 0.08903 0.73532
0.00467 0.08903 0.73532
0.03739 0.08903 0.73532
0.07011 0.08903 0.73532
0.10283 0.08903 0.73532
0.13556 0.08903 0.73945
0.16828 0.08903 0.75439
0.20100 0.08903 0.76933
0.23372 0.08903 0.78426
0.26644 0.08903 0.79920
0.29917 0.08903 0.81414
0.33189 0.08903 0.82907
0.36461 0.08903 0.84401
0.39733 0.08903 0.85894
0.43005 0.08903 0.87388
0.46278 0.08903 0.88882
0.49550 0.08903 0.90375
0.52822 0.08903 0.91869
0.56094 0.08903 0.93363
0.59367 0.08903 0.94856
0.62639 0.08903 0.96350
0.65911 0.08903 0.97844
0.69183 0.08903 0.99337
0.72455 0.08903 1.00831
0.75728 0.08903 1.02325
0.79000 0.08903 1.03818
0.82272 0.08903 1.05312
0.85544 0.08903 1.06806
0.88816 0.08903 1.08299
0.92089 0.08903 1.09793
0.95361 0.08903 1.11286
0.98633 0.08903 1.12780
1.01905 0.08903 1.14274
1.05177 0.08903 1.15767
1.08450 0.08903 1.17261
1.11722 0.08903 1.18755
1.14994 0.08903 1.20248
1.18266 0.08903 1.21742
1.21538 0.08903 1.23236
1.24811 0.08903 1.24729
1.28083 0.08903 1.26223
1.31355 0.08903 1.27717

-0.28983 0.11289 0.74848
-0.25711 0.11289 0.74848
-0.22439 0.11289 0.74848
-0.19166 0.11289 0.74848
-0.15894 0.11289 0.74848
-0.12622 0.11289 0.74848
-0.09350 0.11289 0.74848
-0.06078 0.11289 0.74848
-0.02805 0.11289 0.74848
0.00467 0.11289 0.74848
0.03739 0.11289 0.74848
0.07011 0.11289 0.74848
0.10283 0.11289 0.74848
0.13556 0.11289 0.74848
0.16828 0.11289 0.75439
0.20100 0.11289 0.76933
0.23372 0.11289 0.78426
0.26644 0.11289 0.79920
0.29917 0.11289 0.81414
0.33189 0.11289 0.82907
0.36461 0.11289 0.84401
0.39733 0.11289 0.85894
0.43005 0.11289 0.87388
0.46278 0.11289 0.88882
0.49550 0.11289 0.90375
0.52822 0.11289 0.91869
0.56094 0.11289 0.93363
0.59367 0.11289 0.94856
0.62639 0.11289 0.96350
0.65911 0.11289 0.97844
0.69183 0.11289 0.99337
0.72455 0.11289 1.00831
0.75728 0.11289 1.02325
0.79000 0.11289 1.03818
0.82272 0.11289 1.05312
0.85544 0.11289 1.06806
0.88816 0.11289 1.08299
0.92089 0.11289 1.09793
0.95361 0.11289 1.11286
0.98633 0.11289 1.12780
1.01905 0.11289 1.14274
1.05177 0.11289 1.15767
1.08450 0.11289 1.17261
1.11722 0.11289 1.18755
1.14994 0.11289 1.20248
1.18266 0.11289 1.21742
1.21538 0.11289 1.23236
1.24811 0.11289 1.24729
1.28083 0.11289 1.26223
1.31355 0.11289 1.27717

-0.28983 0.13675 0.76164
-0.25711 0.13675 0.76164
-0.22439 0.13675 0.76164
-0.19166 0.13675 0.76164
-0.15894 0.13675 0.76164
-0.12622 0.13675 0.76164
-0.09350 0.13675 0.76164
-0.06078 0.13675 0.76164
-0.02805 0.13675 0.76164
0.00467 0.13675 0.76164
0.03739 0.13675 0.76164
0.07011 0.13675 0.76164
0.10283 0.13675 0.76164
0.13556 0.13675 0.76164
0.16828 0.13675 0.76164
0.20100 0.13675 0.76933
0.23372 0.13675 0.78426
0.26644 0.13675 0.79920
0.29917 0.13675 0.81414
0.33189 0.13675 0.82907
0.36461 0.13675 0.84401
0.39733 0.13675 0.85894
0.43005 0.13675 0.87388
0.46278 0.13675 0.88882
0.49550 0.13675 0.90375
0.52822 0.13675 0.91869
0.56094 0.13675 0.93363
0.59367 0.13675 0.94856
0.62639 0.13675 0.96350
0.65911 0.13675 0.97844
0.69183 0.13675 0.99337
0.72455 0.13675 1.00831
0.75728 0.13675 1.02325
0.79000 0.13675 1.03818
0.82272 0.13675 1.05312
0.85544 0.13675 1.06806
0.88816 0.13675 1.08299
0.92089 0.13675 1.09793
0.95361 0.13675 1.11286
0.98633 0.13675 1.12780
1.01905 0.13675 1.14274
1.05177 0.13675 1.15767
1.08450 0.13675 1.17261
1.11722 0.13675 1.18755
1.14994 0.13675 1.20248
1.18266 0.13675 1.21742
1.21538 0.13675 1.23236
1.24811 0.13675 1.24729
1.28083 0.13675 1.26223
1.31355 0.13675 1.27717

-0.28983 0.16061 0.77479
-0.25711 0.16061 0.77479
-0.22439 0.16061 0.77479
-0.19166 0.16061 0.77479
-0.15894 0.16061 0.77479
-0.12622 0.16061 0.77479
-0.09350 0.16061 0.77479
-0.06078 0.16061 0.77479
-0.02805 0.16061 0.77479
0.00467 0.16061 0.77479
0.03739 0.16061 0.77479
0.07011 0.16061 0.77479
0.10283 0.16061 0.77479
0.13556 0.16061 0.77479
0.16828 0.16061 0.77479
0.20100 0.16061 0.77479
0.23372 0.16061 0.78426
0.26644 0.16061 0.79920
0.29917 0.16061 0.81414
0.33189 0.16061 0.82907
0.36461 0.16061 0.84401
0.39733 0.16061 0.85894
0.43005 0.16061 0.87388
0.46278 0.16061 0.88882
0.49550 0.16061 0.90375
0.52822 0.16061 0.91869
0.56094 0.16061 0.93363
0.59367 0.16061 0.94856
0.62639 0.16061 0.96350
0.65911 0.16061 0.97844
0.69183 0.16061 0.99337
0.72455 0.16061 1.00831
0.75728 0.16061 1.02325
0.79000 0.16061 1.03818
0.82272 0.16061 1.05312
0.85544 0.16061 1.06806
0.88816 0.16061 1.08299
0.92089 0.16061 1.09793
0.95361 0.16061 1.11286
0.98633 0.16061 1.12780
1.01905 0.16061 1.14274
1.05177 0.16061 1.15767
1.08450 0.16061 1.17261
1.11722 0.16061 1.18755
1.14994 0.16061 1.20248
1.18266 0.16061 1.21742
1.21538 0.16061 1.23236
1.24811 0.16061 1.24729
1.28083 0.16061 1.26223
1.31355 0.16061 1.27717

-0.28983 0.18447 0.78795
-0.25711 0.18447 0.78795
-0.22439 0.18447 0.78795
-0.19166 0.18447 0.78795
-0.15894 0.18447 0.78795
-0.12622 0.18447 0.78795
-0.09350 0.18447 0.78795
-0.06078 0.18447 0.78795
-0.02805 0.18447 0.78795
0.00467 0.18447 0.78795
0.03739 0.18447 0.78795
0.07011 0.18447 0.78795
0.10283 0.18447 0.78795
0.13556 0.18447 0.78795
0.16828 0.18447 0.78795
0.20100 0.18447 0.78795
0.23372 0.18447 0.78795
0.26644 0.18447 0.79920
0.29917 0.18447 0.81414
0.33189 0.18447 0.82907
0.36461 0.18447 0.84401
0.39733 0.18447 0.85894
0.43005 0.18447 0.87388
0.46278 0.18447 0.88882
0.49550 0.18447 0.90375
0.52822 0.18447 0.91869
0.56094 0.18447 0.93363
0.59367 0.18447 0.94856
0.62639 0.18447 0.96350
0.65911 0.18447 0.97844
0.69183 0.18447 0.99337
0.72455 0.18447 1.00831
0.75728 0.18447 1.02325
0.79000 0.18447 1.03818
0.82272 0.18447 1.05312
0.85544 0.18447 1.06806
0.88816 0.18447 1.08299
0.92089 0.18447 1.09793
0.95361 0.18447 1.11286
0.98633 0.18447 1.12780
1.01905 0.18447 1.14274
1.05177 0.18447 1.15767
1.08450 0.18447 1.17261
1.11722 0.18447 1.18755
1.14994 0.18447 1.20248
1.18266 0.18447 1.21742
1.21538 0.18447 1.23236
1.24811 0.18447 1.24729
1.28083 0.18447 1.26223
1.31355 0.18447 1.27717

-0.28983 0.20832 0.80111
-0.25711 0.20832 0.80111
-0.22439 0.20832 0.80111
-0.19166 0.20832 0.80111
-0.15894 0.20832 0.80111
-0.12622 0.20832 0.80111
-0.09350 0.20832 0.80111
-0.06078 0.20832 0.80111
-0.02805 0.20832 0.80111
0.00467 0.20832 0.80111
0.03739 0.20832 0.80111
0.07011 0.20832 0.80111
0.10283 0.20832 0.80111
0.13556 0.20832 0.80111
0.16828 0.20832 0.80111
0.20100 0.20832 0.80111
0.23372 0.20832 0.80111
0.26644 0.20832 0.80111
0.29917 0.20832 0.81414
0.33189 0.20832 0.82907
0.36461 0.20832 0.84401
0.39733 0.20832 0.85894
0.43005 0.20832 0.87388
0.46278 0.20832 0.88882
0.49550 0.20832 0.90375
0.52822 0.20832 0.91869
0.56094 0.20832 0.93363
0.59367 0.20832 0.94856
0.62639 0.20832 0.96350
0.65911 0.20832 0.97844
0.69183 0.20832 0.99337
0.72455 0.20832 1.00831
0.75728 0.20832 1.02325
0.79000 0.20832 1.03818
0.82272 0.20832 1.05312
0.85544 0.20832 1.06806
0.88816 0.20832 1.08299
0.92089 0.20832 1.09793
0.95361 0.20832 1.11286
0.98633 0.20832 1.12780
1.01905 0.20832 1.14274
1.05177 0.20832 1.15767
1.08450 0.20832 1.17261
1.11722 0.20832 1.18755
1.14994 0.20832 1.20248
1.18266 0.20832 1.21742
1.21538 0.20832 1.23236
1.24811 0.20832 1.24729
1.28083 0.20832 1.26223
1.31355 0.20832 1.27717

-0.28983 0.23218 0.81427
-0.25711 0.23218 0.81427
-0.22439 0.23218 0.81427
-0.19166 0.23218 0.81427
-0.15894 0.23218 0.81427
-0.12622 0.23218 0.81427
-0.09350 0.23218 0.81427
-0.06078 0.23218 0.81427
-0.02805 0.23218 0.81427
0.00467 0.23218 0.81427
0.03739 0.23218 0.81427
0.07011 0.23218 0.81427
0.10283 0.23218 0.81427
0.13556 0.23218 0.81427
0.16828 0.23218 0.81427
0.20100 0.23218 0.81427
0.23372 0.23218 0.81427
0.26644 0.23218 0.81427
0.29917 0.23218 0.81427
0.33189 0.23218 0.82907
0.36461 0.23218 0.84401
0.39733 0.23218 0.85894
0.43005 0.23218 0.87388
0.46278 0.23218 0.88882
0.49550 0.23218 0.90375
0.52822 0.23218 0.91869
0.56094 0.23218 0.93363
0.59367 0.23218 0.94856
0.62639 0.23218 0.96350
0.65911 0.23218 0.97844
0.69183 0.23218 0.99337
0.72455 0.23218 1.00831
0.75728 0.23218 1.02325
0.79000 0.23218 1.03818
0.82272 0.23218 1.05312
0.85544 0.23218 1.06806
0.88816 0.23218 1.08299
0.92089 0.23218 1.09793
0.95361 0.23218 1.11286
0.98633 0.23218 1.12780
1.01905 0.23218 1.14274
1.05177 0.23218 1.15767
1.08450 0.23218 1.17261
1.11722 0.23218 1.18755
1.14994 0.23218 1.20248
1.18266 0.23218 1.21742
1.21538 0.23218 1.23236
1.24811 0.23218 1.24729
1.28083 0.23218 1.26223
1.31355 0.23218 1.27717

-0.28983 0.25604 0.82742
-0.25711 0.25604 0.82742
-0.22439 0.25604 0.82742
-0.19166 0.25604 0.82742
-0.15894 0.25604 0.82742
-0.12622 0.25604 0.82742
-0.09350 0.25604 0.82742
-0.06078 0.25604 0.82742
-0.02805 0.25604 0.82742
0.00467 0.25604 0.82742
0.03739 0.25604 0.82742
0.07011 0.25604 0.82742
0.10283 0.25604 0.82742
0.13556 0.25604 0.82742
0.16828 0.25604 0.82742
0.20100 0.25604 0.82742
0.23372 0.25604 0.82742
0.26644 0.25604 0.82742
0.29917 0.25604 0.82742
0.33189 0.25604 0.82907
0.36461 0.25604 0.84401
0.39733 0.25604 0.85894
0.43005 0.25604 0.87388
0.46278 0.25604 0.88882
0.49550 0.25604 0.90375
0.52822 0.25604 0.91869
0.56094 0.25604 0.93363
0.59367 0.25604 0.94856
0.62639 0.25604 0.96350
0.65911 0.25604 0.97844
0.69183 0.25604 0.99337
0.72455 0.25604 1.00831
0.75728 0.25604 1.02325
0.79000 0.25604 1.03818
0.82272 0.25604 1.05312
0.85544 0.25604 1.06806
0.88816 0.25604 1.08299
0.92089 0.25604 1.09793
0.95361 0.25604 1.11286
0.98633 0.25604 1.12780
1.01905 0.25604 1.14274
1.05177 0.25604 1.15767
1.08450 0.25604 1.17261
1.11722 0.25604 1.18755
1.14994 0.25604 1.20248
1.18266 0.25604 1.21742
1.21538 0.25604 1.23236
1.24811 0.25604 1.24729
1.28083 0.25604 1.26223
1.31355 0.25604 1.27717

-0.28983 0.27990 0.84058
-0.25711 0.27990 0.84058
-0.22439 0.27990 0.84058
-0.19166 0.27990 0.84058
-0.15894 0.27990 0.84058
-0.12622 0.27990 0.84058
-0.09350 0.27990 0.84058
-0.06078 0.27990 0.84058
-0.02805 0.27990 0.84058
0.00467 0.27990 0.84058
0.03739 0.27990 0.84058
0.07011 0.27990 0.84058
0.10283 0.27990 0.84058
0.13556 0.27990 0.84058
0.16828 0.27990 0.84058
0.20100 0.27990 0.84058
0.23372 0.27990 0.84058
0.26644 0.27990 0.84058
0.29917 0.27990 0.84058
0.33189 0.27990 0.84058
0.36461 0.27990 0.84401
0.39733 0.27990 0.85894
0.43005 0.27990 0.87388
0.46278 0.27990 0.88882
0.49550 0.27990 0.90375
0.52822 0.27990 0.91869
0.56094 0.27990 0.93363
0.59367 0.27990 0.94856
0.62639 0.27990 0.96350
0.65911 0.27990 0.97844
0.69183 0.27990 0.99337
0.72455 0.27990 1.00831
0.75728 0.27990 1.02325
0.79000 0.27990 1.03818
0.82272 0.27990 1.05312
0.85544 0.27990 1.06806
0.88816 0.27990 1.08299
0.92089 0.27990 1.09793
0.95361 0.27990 1.11286
0.98633 0.27990 1.12780
1.01905 0.27990 1.14274
1.05177 0.27990 1.15767
1.08450 0.27990 1.17261
1.11722 0.27990 1.18755
1.14994 0.27990 1.20248
1.18266 0.27990 1.21742
1.21538 0.27990 1.23236
1.24811 0.27990 1.24729
1.28083 0.27990 1.26223
1.31355 0.27990 1.27717

-0.28983 0.30375 0.85374
-0.25711 0.30375 0.85374
-0.22439 0.30375 0.85374
-0.19166 0.30375 0.85374
-0.15894 0.30375 0.85374
-0.12622 0.30375 0.85374
-0.09350 0.30375 0.85374
-0.06078 0.30375 0.85374
-0.02805 0.30375 0.85374
0.00467 0.30375 0.85374
0.03739 0.30375 0.85374
0.07011 0.30375 0.85374
0.10283 0.30375 0.85374
0.13556 0.30375 0.85374
0.16828 0.30375 0.85374
0.20100 0.30375 0.85374
0.23372 0.30375 0.85374
0.26644 0.30375 0.85374
0.29917 0.30375 0.85374
0.33189 0.30375 0.85374
0.36461 0.30375 0.85374
0.39733 0.30375 0.85894
0.43005 0.30375 0.87388
0.46278 0.30375 0.88882
0.49550 0.30375 0.90375
0.52822 0.30375 0.91869
0.56094 0.30375 0.93363
0.59367 0.30375 0.94856
0.62639 0.30375 0.96350
0.65911 0.30375 0.97844
0.69183 0.30375 0.99337
0.72455 0.30375 1.00831
0.75728 0.30375 1.02325
0.79000 0.30375 1.03818
0.82272 0.30375 1.05312
0.85544 0.30375 1.06806
0.88816 0.30375 1.08299
0.92089 0.30375 1.09793
0.95361 0.30375 1.11286
0.98633 0.30375 1.12780
1.01905 0.30375 1.14274
1.05177 0.30375 1.15767
1.08450 0.30375 1.17261
1.11722 0.30375 1.18755
1.14994 0.30375 1.20248
1.18266 0.30375 1.21742
1.21538 0.30375 1.23236
1.24811 0.30375 1.24729
1.28083 0.30375 1.26223
1.31355 0.30375 1.27717

-0.28983 0.32761 0.86689
-0.25711 0.32761 0.86689
-0.22439 0.32761 0.86689
-0.19166 0.32761 0.86689
-0.15894 0.32761 0.86689
-0.12622 0.32761 0.86689
-0.09350 0.32761 0.86689
-0.06078 0.32761 0.86689
-0.02805 0.32761 0.86689
0.00467 0.32761 0.86689
0.03739 0.32761 0.86689
0.07011 0.32761 0.86689
0.10283 0.32761 0.86689
0.13556 0.32761 0.86689
0.16828 0.32761 0.86689
0.20100 0.32761 0.86689
0.23372 0.32761 0.86689
0.26644 0.32761 0.86689
0.29917 0.32761 0.86689
0.33189 0.32761 0.86689
0.36461 0.32761 0.86689
0.39733 0.32761 0.86689
0.43005 0.32761 0.87388
0.46278 0.32761 0.88882
0.49550 0.32761 0.90375
0.52822 0.32761 0.91869
0.56094 0.32761 0.93363
0.59367 0.32761 0.94856
0.62639 0.32761 0.96350
0.65911 0.32761 0.97844
0.69183 0.32761 0.99337
0.72455 0.32761 1.00831
0.75728 0.32761 1.02325
0.79000 0.32761 1.03818
0.82272 0.32761 1.05312
0.85544 0.32761 1.06806
0.88816 0.32761 1.08299
0.92089 0.32761 1.09793
0.95361 0.32761 1.11286
0.98633 0.32761 1.12780
1.01905 0.32761 1.14274
1.05177 0.32761 1.15767
1.08450 0.32761 1.17261
1.11722 0.32761 1.18755
1.14994 0.32761 1.20248
1.18266 0.32761 1.21742
1.21538 0.32761 1.23236
1.24811 0.32761 1.24729
1.28083 0.32761 1.26223
1.31355 0.32761 1.27717

-0.28983 0.35147 0.88005
-0.25711 0.35147 0.88005
-0.22439 0.35147 0.88005
-0.19166 0.35147 0.88005
-0.15894 0.35147 0.88005
-0.12622 0.35147 0.88005
-0.09350 0.35147 0.88005
-0.06078 0.35147 0.88005
-0.02805 0.35147 0.88005
0.00467 0.35147 0.88005
0.03739 0.35147 0.88005
0.07011 0.35147 0.88005
0.10283 0.35147 0.88005
0.13556 0.35147 0.88005
0.16828 0.35147 0.88005
0.20100 0.35147 0.88005
0.23372 0.35147 0.88005
0.26644 0.35147 0.88005
0.29917 0.35147 0.88005
0.33189 0.35147 0.88005
0.36461 0.35147 0.88005
0.39733 0.35147 0.88005
0.43005 0.35147 0.88005
0.46278 0.35147 0.88882
0.49550 0.35147 0.90375
0.52822 0.35147 0.91869
0.56094 0.35147 0.93363
0.59367 0.35147 0.94856
0.62639 0.35147 0.96350
0.65911 0.35147 0.97844
0.69183 0.35147 0.99337
0.72455 0.35147 1.00831
0.75728 0.35147 1.02325
0.79000 0.35147 1.03818
0.82272 0.35147 1.05312
0.85544 0.35147 1.06806
0.88816 0.35147 1.08299
0.92089 0.35147 1.09793
0.95361 0.35147 1.11286
0.98633 0.35147 1.12780
1.01905 0.35147 1.14274
1.05177 0.35147 1.15767
1.08450 0.35147 1.17261
1.11722 0.35147 1.18755
1.14994 0.35147 1.20248
1.18266 0.35147 1.21742
1.21538 0.35147 1.23236
1.24811 0.35147 1.24729
1.28083 0.35147 1.26223
1.31355 0.35147 1.27717

-0.28983 0.37533 0.89321
-0.25711 0.37533 0.89321
-0.22439 0.37533 0.89321
-0.19166 0.37533 0.89321
-0.15894 0.37533 0.89321
-0.12622 0.37533 0.89321
-0.09350 0.37533 0.89321
-0.06078 0.37533 0.89321
-0.02805 0.37533 0.89321
0.00467 0.37533 0.89321
0.03739 0.37533 0.89321
0.07011 0.37533 0.89321
0.10283 0.37533 0.89321
0.13556 0.37533 0.89321
0.16828 0.37533 0.89321
0.20100 0.37533 0.89321
0.23372 0.37533 0.89321
0.26644 0.37533 0.89321
0.29917 0.37533 0.89321
0.33189 0.37533 0.89321
0.36461 0.37533 0.89321
0.39733 0.37533 0.89321
0.43005 0.37533 0.89321
0.46278 0.37533 0.89321
0.49550 0.37533 0.90375
0.52822 0.37533 0.91869
0.56094 0.37533 0.93363
0.59367 0.37533 0.94856
0.62639 0.37533 0.96350
0.65911 0.37533 0.97844
0.69183 0.37533 0.99337
0.72455 0.37533 1.00831
0.75728 0.37533 1.02325
0.79000 0.37533 1.03818
0.82272 0.37533 1.05312
0.85544 0.37533 1.06806
0.88816 0.37533 1.08299
0.92089 0.37533 1.09793
0.95361 0.37533 1.11286
0.98633 0.37533 1.12780
1.01905 0.37533 1.14274
1.05177 0.37533 1.15767
1.08450 0.37533 1.17261
1.11722 0.37533 1.18755
1.14994 0.37533 1.20248
1.18266 0.37533 1.21742
1.21538 0.37533 1.23236
1.24811 0.37533 1.24729
1.28083 0.37533 1.26223
1.31355 0.37533 1.27717

-0.28983 0.39918 0.90637
-0.25711 0.39918 0.90637
-0.22439 0.39918 0.90637
-0.19166 0.39918 0.90637
-0.15894 0.39918 0.90637
-0.12622 0.39918 0.90637
-0.09350 0.39918 0.90637
-0.06078 0.39918 0.90637
-0.02805 0.39918 0.90637
0.00467 0.39918 0.90637
0.03739 0.39918 0.90637
0.07011 0.39918 0.90637
0.10283 0.39918 0.90637
0.13556 0.39918 0.90637
0.16828 0.39918 0.90637
0.20100 0.39918 0.90637
0.23372 0.39918 0.90637
0.26644 0.39918 0.90637
0.29917 0.39918 0.90637
0.33189 0.39918 0.90637
0.36461 0.39918 0.90637
0.39733 0.39918 0.90637
0.43005 0.39918 0.90637
0.46278 0.39918 0.90637
0.49550 0.39918 0.90637
0.52822 0.39918 0.91869
0.56094 0.39918 0.93363
0.59367 0.39918 0.94856
0.62639 0.39918 0.96350
0.65911 0.39918 0.97844
0.69183 0.39918 0.99337
0.72455 0.39918 1.00831
0.75728 0.39918 1.02325
0.79000 0.39918 1.03818
0.82272 0.39918 1.05312
0.85544 0.39918 1.06806
0.88816 0.39918 1.08299
0.92089 0.39918 1.09793
0.95361 0.39918 1.11286
0.98633 0.39918 1.12780
1.01905 0.39918 1.14274
1.05177 0.39918 1.15767
1.08450 0.39918 1.17261
1.11722 0.39918 1.18755
1.14994 0.39918 1.20248
1.18266 0.39918 1.21742
1.21538 0.39918 1.23236
1.24811 0.39918 1.24729
1.28083 0.39918 1.26223
1.31355 0.39918 1.27717

-0.28983 0.42304 0.91952
-0.25711 0.42304 0.91952
-0.22439 0.42304 0.91952
-0.19166 0.42304 0.91952
-0.15894 0.42304 0.91952
-0.12622 0.42304 0.91952
-0.09350 0.42304 0.91952
-0.06078 0.42304 0.91952
-0.02805 0.42304 0.91952
0.00467 0.42304 0.91952
0.03739 0.42304 0.91952
0.07011 0.42304 0.91952
0.10283 0.42304 0.91952
0.13556 0.42304 0.91952
0.16828 0.42304 0.91952
0.20100 0.42304 0.91952
0.23372 0.42304 0.91952
0.26644 0.42304 0.91952
0.29917 0.42304 0.91952
0.33189 0.42304 0.91952
0.36461 0.42304 0.91952
0.39733 0.42304 0.91952
0.43005 0.42304 0.91952
0.46278 0.42304 0.91952
0.49550 0.42304 0.91952
0.52822 0.42304 0.91952
0.56094 0.42304 0.93363
0.59367 0.42304 0.94856
0.62639 0.42304 0.96350
0.65911 0.42304 0.97844
0.69183 0.42304 0.99337
0.72455 0.42304 1.00831
0.75728 0.42304 1.02325
0.79000 0.42304 1.03818
0.82272 0.42304 1.05312
0.85544 0.42304 1.06806
0.88816 0.42304 1.08299
0.92089 0.42304 1.09793
0.95361 0.42304 1.11286
0.98633 0.42304 1.12780
1.01905 0.42304 1.14274
1.05177 0.42304 1.15767
1.08450 0.42304 1.17261
1.11722 0.42304 1.18755
1.14994 0.42304 1.20248
1.18266 0.42304 1.21742
1.21538 0.42304 1.23236
1.24811 0.42304 1.24729
1.28083 0.42304 1.26223
1.31355 0.42304 1.27717

-0.28983 0.44690 0.93268
-0.25711 0.44690 0.93268
-0.22439 0.44690 0.93268
-0.19166 0.44690 0.93268
-0.15894 0.44690 0.93268
-0.12622 0.44690 0.93268
-0.09350 0.44690 0.93268
-0.06078 0.44690 0.93268
-0.02805 0.44690 0.93268
0.00467 0.44690 0.93268
0.03739 0.44690 0.93268
0.07011 0.44690 0.93268
0.10283 0.44690 0.93268
0.13556 0.44690 0.93268
0.16828 0.44690 0.93268
0.20100 0.44690 0.93268
0.23372 0.44690 0.93268
0.26644 0.44690 0.93268
0.29917 0.44690 0.93268
0.33189 0.44690 0.93268
0.36461 0.44690 0.93268
0.39733 0.44690 0.93268
0.43005 0.44690 0.93268
0.46278 0.44690 0.93268
0.49550 0.44690 0.93268
0.52822 0.44690 0.93268
0.56094 0.44690 0.93363
0.59367 0.44690 0.94856
0.62639 0.44690 0.96350
0.65911 0.44690 0.97844
0.69183 0.44690 0.99337
0.72455 0.44690 1.00831
0.75728 0.44690 1.02325
0.79000 0.44690 1.03818
0.82272 0.44690 1.05312
0.85544 0.44690 1.06806
0.88816 0.44690 1.08299
0.92089 0.44690 1.09793
0.95361 0.44690 1.11286
0.98633 0.44690 1.12780
1.01905 0.44690 1.14274
1.05177 0.44690 1.15767
1.08450 0.44690 1.17261
1.11722 0.44690 1.18755
1.14994 0.44690 1.20248
1.18266 0.44690 1.21742
1.21538 0.44690 1.23236
1.24811 0.44690 1.24729
1.28083 0.44690 1.26223
1.31355 0.44690 1.27717

-0.28983 0.47076 0.94584
-0.25711 0.47076 0.94584
-0.22439 0.47076 0.94584
-0.19166 0.47076 0.94584
-0.15894 0.47076 0.94584
-0.12622 0.47076 0.94584
-0.09350 0.47076 0.94584
-0.06078 0.47076 0.94584
-0.02805 0.47076 0.94584
0.00467 0.47076 0.94584
0.03739 0.47076 0.94584
0.07011 0.47076 0.94584
0.10283 0.47076 0.94584
0.13556 0.47076 0.94584
0.16828 0.47076 0.94584
0.20100 0.47076 0.94584
0.23372 0.47076 0.94584
0.26644 0.47076 0.94584
0.29917 0.47076 0.94584
0.33189 0.47076 0.94584
0.36461 0.47076 0.94584
0.39733 0.47076 0.94584
0.43005 0.47076 0.94584
0.46278 0.47076 0.94584
0.49550 0.47076 0.94584
0.52822 0.47076 0.94584
0.56094 0.47076 0.93363
0.59367 0.47076 0.94856
0.62639 0.47076 0.96350
0.65911 0.47076 0.97844
0.69183 0.47076 0.99337
0.72455 0.47076 1.00831
0.75728 0.47076 1.02325
0.79000 0.47076 1.03818
0.82272 0.47076 1.05312
0.85544 0.47076 1.06806
0.88816 0.47076 1.08299
0.92089 0.47076 1.09793
0.95361 0.47076 1.11286
0.98633 0.47076 1.12780
1.01905 0.47076 1.14274
1.05177 0.47076 1.15767
1.08450 0.47076 1.17261
1.11722 0.47076 1.18755
1.14994 0.47076 1.20248
1.18266 0.47076 1.21742
1.21538 0.47076 1.23236
1.24811 0.47076 1.24729
1.28083 0.47076 1.26223
1.31355 0.47076 1.27717

-0.28983 0.49461 0.95900
-0.25711 0.49461 0.95900
-0.22439 0.49461 0.95900
-0.19166 0.49461 0.95900
-0.15894 0.49461 0.95900
-0.12622 0.49461 0.95900
-0.09350 0.49461 0.95900
-0.06078 0.49461 0.95900
-0.02805 0.49461 0.95900
0.00467 0.49461 0.95900
0.03739 0.49461 0.95900
0.07011 0.49461 0.95900
0.10283 0.49461 0.95900
0.13556 0.49461 0.95900
0.16828 0.49461 0.95900
0.20100 0.49461 0.95900
0.23372 0.49461 0.95900
0.26644 0.49461 0.95900
0.29917 0.49461 0.95900
0.33189 0.49461 0.95900
0.36461 0.49461 0.95900
0.39733 0.49461 0.95900
0.43005 0.49461 0.95900
0.46278 0.49461 0.95900
0.49550 0.49461 0.95900
0.52822 0.49461 0.94648
0.56094 0.49461 0.93363
0.59367 0.49461 0.94856
0.62639 0.49461 0.96350
0.65911 0.49461 0.97844
0.69183 0.49461 0.99337
0.72455 0.49461 1.00831
0.75728 0.49461 1.02325
0.79000 0.49461 1.03818
0.82272 0.49461 1.05312
0.85544 0.49461 1.06806
0.88816 0.49461 1.08299
0.92089 0.49461 1.09793
0.95361 0.49461 1.11286
0.98633 0.49461 1.12780
1.01905 0.49461 1.14274
1.05177 0.49461 1.15767
1.08450 0.49461 1.17261
1.11722 0.49461 1.18755
1.14994 0.49461 1.20248
1.18266 0.49461 1.21742
1.21538 0.49461 1.23236
1.24811 0.49461 1.24729
1.28083 0.49461 1.26223
1.31355 0.49461 1.27717

-0.28983 0.51847 0.97215
-0.25711 0.51847 0.97215
-0.22439 0.51847 0.97215
-0.19166 0.51847 0.97215
-0.15894 0.51847 0.97215
-0.12622 0.51847 0.97215
-0.09350 0.51847 0.97215
-0.06078 0.51847 0.97215
-0.02805 0.51847 0.97215
0.00467 0.51847 0.97215
0.03739 0.51847 0.97215
0.07011 0.51847 0.97215
0.10283 0.51847 0.97215
0.13556 0.51847 0.97215
0.16828 0.51847 0.97215
0.20100 0.51847 0.97215
0.23372 0.51847 0.97215
0.26644 0.51847 0.97215
0.29917 0.51847 0.97215
0.33189 0.51847 0.97215
0.36461 0.51847 0.97215
0.39733 0.51847 0.97215
0.43005 0.51847 0.97215
0.46278 0.51847 0.97215
0.49550 0.51847 0.97017
0.52822 0.51847 0.94648
0.56094 0.51847 0.93363
0.59367 0.51847 0.94856
0.62639 0.51847 0.96350
0.65911 0.51847 0.97844
0.69183 0.51847 0.99337
0.72455 0.51847 1.00831
0.75728 0.51847 1.02325
0.79000 0.51847 1.03818
0.82272 0.51847 1.05312
0.85544 0.51847 1.06806
0.88816 0.51847 1.08299
0.92089 0.51847 1.09793
0.95361 0.51847 1.11286
0.98633 0.51847 1.12780
1.01905 0.51847 1.14274
1.05177 0.51847 1.15767
1.08450 0.51847 1.17261
1.11722 0.51847 1.18755
1.14994 0.51847 1.20248
1.18266 0.51847 1.21742
1.21538 0.51847 1.23236
1.24811 0.51847 1.24729
1.28083 0.51847 1.26223
1.31355 0.51847 1.27717

-0.28983 0.54233 0.98531
-0.25711 0.54233 0.98531
-0.22439 0.54233 0.98531
-0.19166 0.54233 0.98531
-0.15894 0.54233 0.98531
-0.12622 0.54233 0.98531
-0.09350 0.54233 0.98531
-0.06078 0.54233 0.98531
-0.02805 0.54233 0.98531
0.00467 0.54233 0.98531
0.03739 0.54233 0.98531
0.07011 0.54233 0.98531
0.10283 0.54233 0.98531
0.13556 0.54233 0.98531
0.16828 0.54233 0.98531
0.20100 0.54233 0.98531
0.23372 0.54233 0.98531
0.26644 0.54233 0.98531
0.29917 0.54233 0.98531
0.33189 0.54233 0.98531
0.36461 0.54233 0.98531
0.39733 0.54233 0.98531
0.43005 0.54233 0.98531
0.46278 0.54233 0.98531
0.49550 0.54233 0.97017
0.52822 0.54233 0.94648
0.56094 0.54233 0.93363
0.59367 0.54233 0.94856
0.62639 0.54233 0.96350
0.65911 0.54233 0.97844
0.69183 0.54233 0.99337
0.72455 0.54233 1.00831
0.75728 0.54233 1.02325
0.79000 0.54233 1.03818
0.82272 0.54233 1.05312
0.85544 0.54233 1.06806
0.88816 0.54233 1.08299
0.92089 0.54233 1.09793
0.95361 0.54233 1.11286
0.98633 0.54233 1.12780
1.01905 0.54233 1.14274
1.05177 0.54233 1.15767
1.08450 0.54233 1.17261
1.11722 0.54233 1.18755
1.14994 0.54233 1.20248
1.18266 0.54233 1.21742
1.21538 0.54233 1.23236
1.24811 0.54233 1.24729
1.28083 0.54233 1.26223
1.31355 0.54233 1.27717

-0.28983 0.56619 0.99847
-0.25711 0.56619 0.99847
-0.22439 0.56619 0.99847
-0.19166 0.56619 0.99847
-0.15894 0.56619 0.99847
-0.12622 0.56619 0.99847
-0.09350 0.56619 0.99847
-0.06078 0.56619 0.99847
-0.02805 0.56619 0.99847
0.00467 0.56619 0.99847
0.03739 0.56619 0.99847
0.07011 0.56619 0.99847
0.10283 0.56619 0.99847
0.13556 0.56619 0.99847
0.16828 0.56619 0.99847
0.20100 0.56619 0.99847
0.23372 0.56619 0.99847
0.26644 0.56619 0.99847
0.29917 0.56619 0.99847
0.33189 0.56619 0.99847
0.36461 0.56619 0.99847
0.39733 0.56619 0.99847
0.43005 0.56619 0.99847
0.46278 0.56619 0.99386
0.49550 0.56619 0.97017
0.52822 0.56619 0.94648
0.56094 0.56619 0.93363
0.59367 0.56619 0.94856
0.62639 0.56619 0.96350
0.65911 0.56619 0.97844
0.69183 0.56619 0.99337
0.72455 0.56619 1.00831
0.75728 0.56619 1.02325
0.79000 0.56619 1.03818
0.82272 0.56619 1.05312
0.85544 0.56619 1.06806
0.88816 0.56619 1.08299
0.92089 0.56619 1.09793
0.95361 0.56619 1.11286
0.98633 0.56619 1.12780
1.01905 0.56619 1.14274
1.05177 0.56619 1.15767
1.08450 0.56619 1.17261
1.11722 0.56619 1.18755
1.14994 0.56619 1.20248
1.18266 0.56619 1.21742
1.21538 0.56619 1.23236
1.24811 0.56619 1.24729
1.28083 0.56619 1.26223
1.31355 0.56619 1.27717

-0.28983 0.59005 1.01163
-0.25711 0.59005 1.01163
-0.22439 0.59005 1.01163
-0.19166 0.59005 1.01163
-0.15894 0.59005 1.01163
-0.12622 0.59005 1.01163
-0.09350 0.59005 1.01163
-0.06078 0.59005 1.01163
-0.02805 0.59005 1.01163
0.00467 0.59005 1.01163
0.03739 0.59005 1.01163
0.07011 0.59005 1.01163
0.10283 0.59005 1.01163
0.13556 0.59005 1.01163
0.16828 0.59005 1.01163
0.20100 0.59005 1.01163
0.23372 0.59005 1.01163
0.26644 0.59005 1.01163
0.29917 0.59005 1.01163
0.33189 0.59005 1.01163
0.36461 0.59005 1.01163
0.39733 0.59005 1.01163
0.43005 0.59005 1.01163
0.46278 0.59005 0.99386
0.49550 0.59005 0.97017
0.52822 0.59005 0.94648
0.56094 0.59005 0.93363
0.59367 0.59005 0.94856
0.62639 0.59005 0.96350
0.65911 0.59005 0.97844
0.69183 0.59005 0.99337
0.72455 0.59005 1.00831
0.75728 0.59005 1.02325
0.79000 0.59005 1.03818
0.82272 0.59005 1.05312
0.85544 0.59005 1.06806
0.88816 0.59005 1.08299
0.92089 0.59005 1.09793
0.95361 0.59005 1.11286
0.98633 0.59005 1.12780
1.01905 0.59005 1.14274
1.05177 0.59005 1.15767
1.08450 0.59005 1.17261
1.11722 0.59005 1.18755
1.14994 0.59005 1.20248
1.18266 0.59005 1.21742
1.21538 0.59005 1.23236
1.24811 0.59005 1.24729
1.28083 0.59005 1.26223
1.31355 0.59005 1.27717

-0.28983 0.61390 1.02478
-0.25711 0.61390 1.02478
-0.22439 0.61390 1.02478
-0.19166 0.61390 1.02478
-0.15894 0.61390 1.02478
-0.12622 0.61390 1.02478
-0.09350 0.61390 1.02478
-0.06078 0.61390 1.02478
-0.02805 0.61390 1.02478
0.00467 0.61390 1.02478
0.03739 0.61390 1.02478
0.07011 0.61390 1.02478
0.10283 0.61390 1.02478
0.13556 0.61390 1.02478
0.16828 0.61390 1.02478
0.20100 0.61390 1.02478
0.23372 0.61390 1.02478
0.26644 0.61390 1.02478
0.29917 0.61390 1.02478
0.33189 0.61390 1.02478
0.36461 0.61390 1.02478
0.39733 0.61390 1.02478
0.43005 0.61390 1.01755
0.46278 0.61390 0.99386
0.49550 0.61390 0.97017
0.52822 0.61390 0.94648
0.56094 0.61390 0.93363
0.59367 0.61390 0.94856
0.62639 0.61390 0.96350
0.65911 0.61390 0.97844
0.69183 0.61390 0.99337
0.72455 0.61390 1.00831
0.75728 0.61390 1.02325
0.79000 0.61390 1.03818
0.82272 0.61390 1.05312
0.85544 0.61390 1.06806
0.88816 0.61390 1.08299
0.92089 0.61390 1.09793
0.95361 0.61390 1.11286
0.98633 0.61390 1.12780
1.01905 0.61390 1.14274
1.05177 0.61390 1.15767
1.08450 0.61390 1.17261
1.11722 0.61390 1.18755
1.14994 0.61390 1.20248
1.18266 0.61390 1.21742
1.21538 0.61390 1.23236
1.24811 0.61390 1.24729
1.28083 0.61390 1.26223
1.31355 0.61390 1.27717

-0.28983 0.63776 1.03794
-0.25711 0.63776 1.03794
-0.22439 0.63776 1.03794
-0.19166 0.63776 1.03794
-0.15894 0.63776 1.03794
-0.12622 0.63776 1.03794
-0.09350 0.63776 1.03794
-0.06078 0.63776 1.03794
-0.02805 0.63776 1.03794
0.00467 0.63776 1.03794
0.03739 0.63776 1.03794
0.07011 0.63776 1.03794
0.10283 0.63776 1.03794
0.13556 0.63776 1.03794
0.16828 0.63776 1.03794
0.20100 0.63776 1.03794
0.23372 0.63776 1.03794
0.26644 0.63776 1.03794
0.29917 0.63776 1.03794
0.33189 0.63776 1.03794
0.36461 0.63776 1.03794
0.39733 0.63776 1.03794
0.43005 0.63776 1.01755
0.46278 0.63776 0.99386
0.49550 0.63776 0.97017
0.52822 0.63776 0.94648
0.56094 0.63776 0.93363
0.59367 0.63776 0.94856
0.62639 0.63776 0.96350
0.65911 0.63776 0.97844
0.69183 0.63776 0.99337
0.72455 0.63776 1.00831
0.75728 0.63776 1.02325
0.79000 0.63776 1.03818
0.82272 0.63776 1.05312
0.85544 0.63776 1.06806
0.88816 0.63776 1.08299
0.92089 0.63776 1.09793
0.95361 0.63776 1.11286
0.98633 0.63776 1.12780
1.01905 0.63776 1.14274
1.05177 0.63776 1.15767
1.08450 0.63776 1.17261
1.11722 0.63776 1.18755
1.14994 0.63776 1.20248
1.18266 0.63776 1.21742
1.21538 0.63776 1.23236
1.24811 0.63776 1.24729
1.28083 0.63776 1.26223
1.31355 0.63776 1.27717

-0.28983 0.66162 1.05110
-0.25711 0.66162 1.05110
-0.22439 0.66162 1.05110
-0.19166 0.66162 1.05110
-0.15894 0.66162 1.05110
-0.12622 0.66162 1.05110
-0.09350 0.66162 1.05110
-0.06078 0.66162 1.05110
-0.02805 0.66162 1.05110
0.00467 0.66162 1.05110
0.03739 0.66162 1.05110
0.07011 0.66162 1.05110
0.10283 0.66162 1.05110
0.13556 0.66162 1.05110
0.16828 0.66162 1.05110
0.20100 0.66162 1.05110
0.23372 0.66162 1.05110
0.26644 0.66162 1.05110
0.29917 0.66162 1.05110
0.33189 0.66162 1.05110
0.36461 0.66162 1.05110
0.39733 0.66162 1.04124
0.43005 0.66162 1.01755
0.46278 0.66162 0.99386
0.49550 0.66162 0.97017
0.52822 0.66162 0.94648
0.56094 0.66162 0.93363
0.59367 0.66162 0.94856
0.62639 0.66162 0.96350
0.65911 0.66162 0.97844
0.69183 0.66162 0.99337
0.72455 0.66162 1.00831
0.75728 0.66162 1.02325
0.79000 0.66162 1.03818
0.82272 0.66162 1.05312
0.85544 0.66162 1.06806
0.88816 0.66162 1.08299
0.92089 0.66162 1.09793
0.95361 0.66162 1.11286
0.98633 0.66162 1.12780
1.01905 0.66162 1.14274
1.05177 0.66162 1.15767
1.08450 0.66162 1.17261
1.11722 0.66162 1.18755
1.14994 0.66162 1.20248
1.18266 0.66162 1.21742
1.21538 0.66162 1.23236
1.24811 0.66162 1.24729
1.28083 0.66162 1.26223
1.31355 0.66162 1.27717

-0.28983 0.68548 1.06425
-0.25711 0.68548 1.06425
-0.22439 0.68548 1.06425
-0.19166 0.68548 1.06425
-0.15894 0.68548 1.06425
-0.12622 0.68548 1.06425
-0.09350 0.68548 1.06425
-0.06078 0.68548 1.06425
-0.02805 0.68548 1.06425
0.00467 0.68548 1.06425
0.03739 0.68548 1.06425
0.07011 0.68548 1.06425
0.10283 0.68548 1.06425
0.13556 0.68548 1.06425
0.16828 0.68548 1.06425
0.20100 0.68548 1.06425
0.23372 0.68548 1.06425
0.26644 0.68548 1.06425
0.29917 0.68548 1.06425
0.33189 0.68548 1.06425
0.36461 0.68548 1.06425
0.39733 0.68548 1.04124
0.43005 0.68548 1.01755
0.46278 0.68548 0.99386
0.49550 0.68548 0.97017
0.52822 0.68548 0.94648
0.56094 0.68548 0.93363
0.59367 0.68548 0.94856
0.62639 0.68548 0.96350
0.65911 0.68548 0.97844
0.69183 0.68548 0.99337
0.72455 0.68548 1.00831
0.75728 0.68548 1.02325
0.79000 0.68548 1.03818
0.82272 0.68548 1.05312
0.85544 0.68548 1.06806
0.88816 0.68548 1.08299
0.92089 0.68548 1.09793
0.95361 0.68548 1.11286
0.98633 0.68548 1.12780
1.01905 0.68548 1.14274
1.05177 0.68548 1.15767
1.08450 0.68548 1.17261
1.11722 0.68548 1.18755
1.14994 0.68548 1.20248
1.18266 0.68548 1.21742
1.21538 0.68548 1.23236
1.24811 0.68548 1.24729
1.28083 0.68548 1.26223
1.31355 0.68548 1.27717

-0.28983 0.70933 1.07741
-0.25711 0.70933 1.07741
-0.22439 0.70933 1.07741
-0.19166 0.70933 1.07741
-0.15894 0.70933 1.07741
-0.12622 0.70933 1.07741
-0.09350 0.70933 1.07741
-0.06078 0.70933 1.07741
-0.02805 0.70933 1.07741
0.00467 0.70933 1.07741
0.03739 0.70933 1.07741
0.07011 0.70933 1.07741
0.10283 0.70933 1.07741
0.13556 0.70933 1.07741
0.16828 0.70933 1.07741
0.20100 0.70933 1.07741
0.23372 0.70933 1.07741
0.26644 0.70933 1.07741
0.29917 0.70933 1.07741
0.33189 0.70933 1.07741
0.36461 0.70933 1.06493
0.39733 0.70933 1.04124
0.43005 0.70933 1.01755
0.46278 0.70933 0.99386
0.49550 0.70933 0.97017
0.52822 0.70933 0.94648
0.56094 0.70933 0.93363
0.59367 0.70933 0.94856
0.62639 0.70933 0.96350
0.65911 0.70933 0.97844
0.69183 0.70933 0.99337
0.72455 0.70933 1.00831
0.75728 0.70933 1.02325
0.79000 0.70933 1.03818
0.82272 0.70933 1.05312
0.85544 0.70933 1.06806
0.88816 0.70933 1.08299
0.92089 0.70933 1.09793
0.95361 0.70933 1.11286
0.98633 0.70933 1.12780
1.01905 0.70933 1.14274
1.05177 0.70933 1.15767
1.08450 0.70933 1.17261
1.11722 0.70933 1.18755
1.14994 0.70933 1.20248
1.18266 0.70933 1.21742
1.21538 0.70933 1.23236
1.24811 0.70933 1.24729
1.28083 0.70933 1.26223
1.31355 0.70933 1.27717

-0.28983 0.73319 1.09057
-0.25711 0.73319 1.09057
-0.22439 0.73319 1.09057
-0.19166 0.73319 1.09057
-0.15894 0.73319 1.09057
-0.12622 0.73319 1.09057
-0.09350 0.73319 1.09057
-0.06078 0.73319 1.09057
-0.02805 0.73319 1.09057
0.00467 0.73319 1.09057
0.03739 0.73319 1.09057
0.07011 0.73319 1.09057
0.10283 0.73319 1.09057
0.13556 0.73319 1.09057
0.16828 0.73319 1.09057
0.20100 0.73319 1.09057
0.23372 0.73319 1.09057
0.26644 0.73319 1.09057
0.29917 0.73319 1.09057
0.33189 0.73319 1.08862
0.36461 0.73319 1.06493
0.39733 0.73319 1.04124
0.43005 0.73319 1.01755
0.46278 0.73319 0.99386
0.49550 0.73319 0.97017
0.52822 0.73319 0.94648
0.56094 0.73319 0.93363
0.59367 0.73319 0.94856
0.62639 0.73319 0.96350
0.65911 0.73319 0.97844
0.69183 0.73319 0.99337
0.72455 0.73319 1.00831
0.75728 0.73319 1.02325
0.79000 0.73319 1.03818
0.82272 0.73319 1.05312
0.85544 0.73319 1.06806
0.88816 0.73319 1.08299
0.92089 0.73319 1.09793
0.95361 0.73319 1.11286
0.98633 0.73319 1.12780
1.01905 0.73319 1.14274
1.05177 0.73319 1.15767
1.08450 0.73319 1.17261
1.11722 0.73319 1.18755
1.14994 0.73319 1.20248
1.18266 0.73319 1.21742
1.21538 0.73319 1.23236
1.24811 0.73319 1.24729
1.28083 0.73319 1.26223
1.31355 0.73319 1.27717

-0.28983 0.75705 1.10373
-0.25711 0.75705 1.10373
-0.22439 0.75705 1.10373
-0.19166 0.75705 1.10373
-0.15894 0.75705 1.10373
-0.12622 0.75705 1.10373
-0.09350 0.75705 1.10373
-0.06078 0.75705 1.10373
-0.02805 0.75705 1.10373
0.00467 0.75705 1.10373
0.03739 0.75705 1.10373
0.07011 0.75705 1.10373
0.10283 0.75705 1.10373
0.13556 0.75705 1.10373
0.16828 0.75705 1.10373
0.20100 0.75705 1.10373
0.23372 0.75705 1.10373
0.26644 0.75705 1.10373
0.29917 0.75705 1.10373
0.33189 0.75705 1.08862
0.36461 0.75705 1.06493
0.39733 0.75705 1.04124
0.43005 0.75705 1.01755
0.46278 0.75705 0.99386
0.49550 0.75705 0.97017
0.52822 0.75705 0.94648
0.56094 0.75705 0.93363
0.59367 0.75705 0.94856
0.62639 0.75705 0.96350
0.65911 0.75705 0.97844
0.69183 0.75705 0.99337
0.72455 0.75705 1.00831
0.75728 0.75705 1.02325
0.79000 0.75705 1.03818
0.82272 0.75705 1.05312
0.85544 0.75705 1.06806
0.88816 0.75705 1.08299
0.92089 0.75705 1.09793
0.95361 0.75705 1.11286
0.98633 0.75705 1.12780
1.01905 0.75705 1.14274
1.05177 0.75705 1.15767
1.08450 0.75705 1.17261
1.11722 0.75705 1.18755
1.14994 0.75705 1.20248
1.18266 0.75705 1.21742
1.21538 0.75705 1.23236
1.24811 0.75705 1.24729
1.28083 0.75705 1.26223
1.31355 0.75705 1.27717

-0.28983 0.78091 1.11688
-0.25711 0.78091 1.11688
-0.22439 0.78091 1.11688
-0.19166 0.78091 1.11688
-0.15894 0.78091 1.11688
-0.12622 0.78091 1.11688
-0.09350 0.78091 1.11688
-0.06078 0.78091 1.11688
-0.02805 0.78091 1.11688
0.00467 0.78091 1.11688
0.03739 0.78091 1.11688
0.07011 0.78091 1.11688
0.10283 0.78091 1.11688
0.13556 0.78091 1.11688
0.16828 0.78091 1.11688
0.20100 0.78091 1.11688
0.23372 0.78091 1.11688
0.26644 0.78091 1.11688
0.29917 0.78091 1.11231
0.33189 0.78091 1.08862
0.36461 0.78091 1.06493
0.39733 0.78091 1.04124
0.43005 0.78091 1.01755
0.46278 0.78091 0.99386
0.49550 0.78091 0.97017
0.52822 0.78091 0.94648
0.56094 0.78091 0.93363
0.59367 0.78091 0.94856
0.62639 0.78091 0.96350
0.65911 0.78091 0.97844
0.69183 0.78091 0.99337
0.72455 0.78091 1.00831
0.75728 0.78091 1.02325
0.79000 0.78091 1.03818
0.82272 0.78091 1.05312
0.85544 0.78091 1.06806
0.88816 0.78091 1.08299
0.92089 0.78091 1.09793
0.95361 0.78091 1.11286
0.98633 0.78091 1.12780
1.01905 0.78091 1.14274
1.05177 0.78091 1.15767
1.08450 0.78091 1.17261
1.11722 0.78091 1.18755
1.14994 0.78091 1.20248
1.18266 0.78091 1.21742
1.21538 0.78091 1.23236
1.24811 0.78091 1.24729
1.28083 0.78091 1.26223
1.31355 0.78091 1.27717

-0.28983 0.80476 1.13004
-0.25711 0.80476 1.13004
-0.22439 0.80476 1.13004
-0.19166 0.80476 1.13004
-0.15894 0.80476 1.13004
-0.12622 0.80476 1.13004
-0.09350 0.80476 1.13004
-0.06078 0.80476 1.13004
-0.02805 0.80476 1.13004
0.00467 0.80476 1.13004
0.03739 0.80476 1.13004
0.07011 0.80476 1.13004
0.10283 0.80476 1.13004
0.13556 0.80476 1.13004
0.16828 0.80476 1.13004
0.20100 0.80476 1.13004
0.23372 0.80476 1.13004
0.26644 0.80476 1.13004
0.29917 0.80476 1.11231
0.33189 0.80476 1.08862
0.36461 0.80476 1.06493
0.39733 0.80476 1.04124
0.43005 0.80476 1.01755
0.46278 0.80476 0.99386
0.49550 0.80476 0.97017
0.52822 0.80476 0.94648
0.56094 0.80476 0.93363
0.59367 0.80476 0.94856
0.62639 0.80476 0.96350
0.65911 0.80476 0.97844
0.69183 0.80476 0.99337
0.72455 0.80476 1.00831
0.75728 0.80476 1.02325
0.79000 0.80476 1.03818
0.82272 0.80476 1.05312
0.85544 0.80476 1.06806
0.88816 0.80476 1.08299
0.92089 0.80476 1.09793
0.95361 0.80476 1.11286
0.98633 0.80476 1.12780
1.01905 0.80476 1.14274
1.05177 0.80476 1.15767
1.08450 0.80476 1.17261
1.11722 0.80476 1.18755
1.14994 0.80476 1.20248
1.18266 0.80476 1.21742
1.21538 0.80476 1.23236
1.24811 0.80476 1.24729
1.28083 0.80476 1.26223
1.31355 0.80476 1.27717

-0.28983 0.82862 1.14320
-0.25711 0.82862 1.14320
-0.22439 0.82862 1.14320
-0.19166 0.82862 1.14320
-0.15894 0.82862 1.14320
-0.12622 0.82862 1.14320
-0.09350 0.82862 1.14320
-0.06078 0.82862 1.14320
-0.02805 0.82862 1.14320
0.00467 0.82862 1.14320
0.03739 0.82862 1.14320
0.07011 0.82862 1.14320
0.10283 0.82862 1.14320
0.13556 0.82862 1.14320
0.16828 0.82862 1.14320
0.20100 0.82862 1.14320
0.23372 0.82862 1.14320
0.26644 0.82862 1.13600
0.29917 0.82862 1.11231
0.33189 0.82862 1.08862
0.36461 0.82862 1.06493
0.39733 0.82862 1.04124
0.43005 0.82862 1.01755
0.46278 0.82862 0.99386
0.49550 0.82862 0.97017
0.52822 0.82862 0.94648
0.56094 0.82862 0.93363
0.59367 0.82862 0.94856
0.62639 0.82862 0.96350
0.65911 0.82862 0.97844
0.69183 0.82862 0.99337
0.72455 0.82862 1.00831
0.75728 0.82862 1.02325
0.79000 0.82862 1.03818
0.82272 0.82862 1.05312
0.85544 0.82862 1.06806
0.88816 0.82862 1.08299
0.92089 0.82862 1.09793
0.95361 0.82862 1.11286
0.98633 0.82862 1.12780
1.01905 0.82862 1.14274
1.05177 0.82862 1.15767
1.08450 0.82862 1.17261
1.11722 0.82862 1.18755
1.14994 0.82862 1.20248
1.18266 0.82862 1.21742
1.21538 0.82862 1.23236
1.24811 0.82862 1.24729
1.28083 0.82862 1.26223
1.31355 0.82862 1.27717

-0.28983 0.85248 1.15636
-0.25711 0.85248 1.15636
-0.22439 0.85248 1.15636
-0.19166 0.85248 1.15636
-0.15894 0.85248 1.15636
-0.12622 0.85248 1.15636
-0.09350 0.85248 1.15636
-0.06078 0.85248 1.15636
-0.02805 0.85248 1.15636
0.00467 0.85248 1.15636
0.03739 0.85248 1.15636
0.07011 0.85248 1.15636
0.10283 0.85248 1.15636
0.13556 0.85248 1.15636
0.16828 0.85248 1.15636
0.20100 0.85248 1.15636
0.23372 0.85248 1.15636
0.26644 0.85248 1.13600
0.29917 0.85248 1.11231
0.33189 0.85248 1.08862
0.36461 0.85248 1.06493
0.39733 0.85248 1.04124
0.43005 0.85248 1.01755
0.46278 0.85248 0.99386
0.49550 0.85248 0.97017
0.52822 0.85248 0.94648
0.56094 0.85248 0.93363
0.59367 0.85248 0.94856
0.62639 0.85248 0.96350
0.65911 0.85248 0.97844
0.69183 0.85248 0.99337
0.72455 0.85248 1.00831
0.75728 0.85248 1.02325
0.79000 0.85248 1.03818
0.82272 0.85248 1.05312
0.85544 0.85248 1.06806
0.88816 0.85248 1.08299
0.92089 0.85248 1.09793
0.95361 0.85248 1.11286
0.98633 0.85248 1.12780
1.01905 0.85248 1.14274
1.05177 0.85248 1.15767
1.08450 0.85248 1.17261
1.11722 0.85248 1.18755
1.14994 0.85248 1.20248
1.18266 0.85248 1.21742
1.21538 0.85248 1.23236
1.24811 0.85248 1.24729
1.28083 0.85248 1.26223
1.31355 0.85248 1.27717
