
-0.90115 -0.31655 0.52418
-0.85377 -0.31655 0.53958
-0.80639 -0.31655 0.55497
-0.75902 -0.31655 0.57037
-0.71164 -0.31655 0.58577
-0.66427 -0.31655 0.60116
-0.61689 -0.31655 0.61656
-0.56951 -0.31655 0.63195
-0.52214 -0.31655 0.64735
-0.47476 -0.31655 0.66274
-0.42739 -0.31655 0.67814
-0.38001 -0.31655 0.69354
-0.33263 -0.31655 0.70893
-0.28526 -0.31655 0.72433
-0.23788 -0.31655 0.73972
-0.19051 -0.31655 0.75512
-0.14313 -0.31655 0.77051
-0.09575 -0.31655 0.78591
-0.04838 -0.31655 0.80131
-0.00100 -0.31655 0.81670
0.04637 -0.31655 0.83210
0.09375 -0.31655 0.84749
0.14113 -0.31655 0.86289
0.18850 -0.31655 0.87828
0.23588 -0.31655 0.89368
0.28325 -0.31655 0.90908
0.33063 -0.31655 0.92447
0.37800 -0.31655 0.93987
0.42538 -0.31655 0.95526
0.47276 -0.31655 0.97066
0.52013 -0.31655 0.98606
0.56751 -0.31655 1.00145
0.61488 -0.31655 1.01685
0.66226 -0.31655 1.03224
0.70964 -0.31655 1.04764
0.75701 -0.31655 1.06303
0.80439 -0.31655 1.07843
0.85176 -0.31655 1.09383
0.89914 -0.31655 1.10922
0.94652 -0.31655 1.12462
0.99389 -0.31655 1.14001
1.04127 -0.31655 1.15541
1.08864 -0.31655 1.17080
1.13602 -0.31655 1.18620
1.18340 -0.31655 1.20160
1.23077 -0.31655 1.21699
1.27815 -0.31655 1.23239
1.32552 -0.31655 1.24778
1.37290 -0.31655 1.26318
1.42028 -0.31655 1.27857

-0.90115 -0.29269 0.52481
-0.85377 -0.29269 0.53958
-0.80639 -0.29269 0.55497
-0.75902 -0.29269 0.57037
-0.71164 -0.29269 0.58577
-0.66427 -0.29269 0.60116
-0.61689 -0.29269 0.61656
-0.56951 -0.29269 0.63195
-0.52214 -0.29269 0.64735
-0.47476 -0.29269 0.66274
-0.42739 -0.29269 0.67814
-0.38001 -0.29269 0.69354
-0.33263 -0.29269 0.70893
-0.28526 -0.29269 0.72433
-0.23788 -0.29269 0.73972
-0.19051 -0.29269 0.75512
-0.14313 -0.29269 0.77051
-0.09575 -0.29269 0.78591
-0.04838 -0.29269 0.80131
-0.00100 -0.29269 0.81670
0.04637 -0.29269 0.83210
0.09375 -0.29269 0.84749
0.14113 -0.29269 0.86289
0.18850 -0.29269 0.87828
0.23588 -0.29269 0.89368
0.28325 -0.29269 0.90908
0.33063 -0.29269 0.92447
0.37800 -0.29269 0.93987
0.42538 -0.29269 0.95526
0.47276 -0.29269 0.97066
0.52013 -0.29269 0.98606
0.56751 -0.29269 1.00145
0.61488 -0.29269 1.01685
0.66226 -0.29269 1.03224
0.70964 -0.29269 1.04764
0.75701 -0.29269 1.06303
0.80439 -0.29269 1.07843
0.85176 -0.29269 1.09383
0.89914 -0.29269 1.10922
0.94652 -0.29269 1.12462
0.99389 -0.29269 1.14001
1.04127 -0.29269 1.15541
1.08864 -0.29269 1.17080
1.13602 -0.29269 1.18620
1.18340 -0.29269 1.20160
1.23077 -0.29269 1.21699
1.27815 -0.29269 1.23239
1.32552 -0.29269 1.24778
1.37290 -0.29269 1.26318
1.42028 -0.29269 1.27857

-0.90115 -0.26884 0.53796
-0.85377 -0.26884 0.53958
-0.80639 -0.26884 0.55497
-0.75902 -0.26884 0.57037
-0.71164 -0.26884 0.58577
-0.66427 -0.26884 0.60116
-0.61689 -0.26884 0.61656
-0.56951 -0.26884 0.63195
-0.52214 -0.26884 0.64735
-0.47476 -0.26884 0.66274
-0.42739 -0.26884 0.67814
-0.38001 -0.26884 0.69354
-0.33263 -0.26884 0.70893
-0.28526 -0.26884 0.72433
-0.23788 -0.26884 0.73972
-0.19051 -0.26884 0.75512
-0.14313 -0.26884 0.77051
-0.09575 -0.26884 0.78591
-0.04838 -0.26884 0.80131
-0.00100 -0.26884 0.81670
0.04637 -0.26884 0.83210
0.09375 -0.26884 0.84749
0.14113 -0.26884 0.86289
0.18850 -0.26884 0.87828
0.23588 -0.26884 0.89368
0.28325 -0.26884 0.90908
0.33063 -0.26884 0.92447
0.37800 -0.26884 0.93987
0.42538 -0.26884 0.95526
0.47276 -0.26884 0.97066
0.52013 -0.26884 0.98606
0.56751 -0.26884 1.00145
0.61488 -0.26884 1.01685
0.66226 -0.26884 1.03224
0.70964 -0.26884 1.04764
0.75701 -0.26884 1.06303
0.80439 -0.26884 1.07843
0.85176 -0.26884 1.09383
0.89914 -0.26884 1.10922
0.94652 -0.26884 1.12462
0.99389 -0.26884 1.14001
1.04127 -0.26884 1.15541
1.08864 -0.26884 1.17080
1.13602 -0.26884 1.18620
1.18340 -0.26884 1.20160
1.23077 -0.26884 1.21699
1.27815 -0.26884 1.23239
1.32552 -0.26884 1.24778
1.37290 -0.26884 1.26318
1.42028 -0.26884 1.27857

-0.90115 -0.24498 0.55112
-0.85377 -0.24498 0.55112
-0.80639 -0.24498 0.55497
-0.75902 -0.24498 0.57037
-0.71164 -0.24498 0.58577
-0.66427 -0.24498 0.60116
-0.61689 -0.24498 0.61656
-0.56951 -0.24498 0.63195
-0.52214 -0.24498 0.64735
-0.47476 -0.24498 0.66274
-0.42739 -0.24498 0.67814
-0.38001 -0.24498 0.69354
-0.33263 -0.24498 0.70893
-0.28526 -0.24498 0.72433
-0.23788 -0.24498 0.73972
-0.19051 -0.24498 0.75512
-0.14313 -0.24498 0.77051
-0.09575 -0.24498 0.78591
-0.04838 -0.24498 0.80131
-0.00100 -0.24498 0.81670
0.04637 -0.24498 0.83210
0.09375 -0.24498 0.84749
0.14113 -0.24498 0.86289
0.18850 -0.24498 0.87828
0.23588 -0.24498 0.89368
0.28325 -0.24498 0.90908
0.33063 -0.24498 0.92447
0.37800 -0.24498 0.93987
0.42538 -0.24498 0.95526
0.47276 -0.24498 0.97066
0.52013 -0.24498 0.98606
0.56751 -0.24498 1.00145
0.61488 -0.24498 1.01685
0.66226 -0.24498 1.03224
0.70964 -0.24498 1.04764
0.75701 -0.24498 1.06303
0.80439 -0.24498 1.07843
0.85176 -0.24498 1.09383
0.89914 -0.24498 1.10922
0.94652 -0.24498 1.12462
0.99389 -0.24498 1.14001
1.04127 -0.24498 1.15541
1.08864 -0.24498 1.17080
1.13602 -0.24498 1.18620
1.18340 -0.24498 1.20160
1.23077 -0.24498 1.21699
1.27815 -0.24498 1.23239
1.32552 -0.24498 1.24778
1.37290 -0.24498 1.26318
1.42028 -0.24498 1.27857

-0.90115 -0.22112 0.56428
-0.85377 -0.22112 0.56428
-0.80639 -0.22112 0.56428
-0.75902 -0.22112 0.57037
-0.71164 -0.22112 0.58577
-0.66427 -0.22112 0.60116
-0.61689 -0.22112 0.61656
-0.56951 -0.22112 0.63195
-0.52214 -0.22112 0.64735
-0.47476 -0.22112 0.66274
-0.42739 -0.22112 0.67814
-0.38001 -0.22112 0.69354
-0.33263 -0.22112 0.70893
-0.28526 -0.22112 0.72433
-0.23788 -0.22112 0.73972
-0.19051 -0.22112 0.75512
-0.14313 -0.22112 0.77051
-0.09575 -0.22112 0.78591
-0.04838 -0.22112 0.80131
-0.00100 -0.22112 0.81670
0.04637 -0.22112 0.83210
0.09375 -0.22112 0.84749
0.14113 -0.22112 0.86289
0.18850 -0.22112 0.87828
0.23588 -0.22112 0.89368
0.28325 -0.22112 0.90908
0.33063 -0.22112 0.92447
0.37800 -0.22112 0.93987
0.42538 -0.22112 0.95526
0.47276 -0.22112 0.97066
0.52013 -0.22112 0.98606
0.56751 -0.22112 1.00145
0.61488 -0.22112 1.01685
0.66226 -0.22112 1.03224
0.70964 -0.22112 1.04764
0.75701 -0.22112 1.06303
0.80439 -0.22112 1.07843
0.85176 -0.22112 1.09383
0.89914 -0.22112 1.10922
0.94652 -0.22112 1.12462
0.99389 -0.22112 1.14001
1.04127 -0.22112 1.15541
1.08864 -0.22112 1.17080
1.13602 -0.22112 1.18620
1.18340 -0.22112 1.20160
1.23077 -0.22112 1.21699
1.27815 -0.22112 1.23239
1.32552 -0.22112 1.24778
1.37290 -0.22112 1.26318
1.42028 -0.22112 1.27857

-0.90115 -0.19726 0.57744
-0.85377 -0.19726 0.57744
-0.80639 -0.19726 0.57744
-0.75902 -0.19726 0.57744
-0.71164 -0.19726 0.58577
-0.66427 -0.19726 0.60116
-0.61689 -0.19726 0.61656
-0.56951 -0.19726 0.63195
-0.52214 -0.19726 0.64735
-0.47476 -0.19726 0.66274
-0.42739 -0.19726 0.67814
-0.38001 -0.19726 0.69354
-0.33263 -0.19726 0.70893
-0.28526 -0.19726 0.72433
-0.23788 -0.19726 0.73972
-0.19051 -0.19726 0.75512
-0.14313 -0.19726 0.77051
-0.09575 -0.19726 0.78591
-0.04838 -0.19726 0.80131
-0.00100 -0.19726 0.81670
0.04637 -0.19726 0.83210
0.09375 -0.19726 0.84749
0.14113 -0.19726 0.86289
0.18850 -0.19726 0.87828
0.23588 -0.19726 0.89368
0.28325 -0.19726 0.90908
0.33063 -0.19726 0.92447
0.37800 -0.19726 0.93987
0.42538 -0.19726 0.95526
0.47276 -0.19726 0.97066
0.52013 -0.19726 0.98606
0.56751 -0.19726 1.00145
0.61488 -0.19726 1.01685
0.66226 -0.19726 1.03224
0.70964 -0.19726 1.04764
0.75701 -0.19726 1.06303
0.80439 -0.19726 1.07843
0.85176 -0.19726 1.09383
0.89914 -0.19726 1.10922
0.94652 -0.19726 1.12462
0.99389 -0.19726 1.14001
1.04127 -0.19726 1.15541
1.08864 -0.19726 1.17080
1.13602 -0.19726 1.18620
1.18340 -0.19726 1.20160
1.23077 -0.19726 1.21699
1.27815 -0.19726 1.23239
1.32552 -0.19726 1.24778
1.37290 -0.19726 1.26318
1.42028 -0.19726 1.27857

-0.90115 -0.17340 0.59059
-0.85377 -0.17340 0.59059
-0.80639 -0.17340 0.59059
-0.75902 -0.17340 0.59059
-0.71164 -0.17340 0.59059
-0.66427 -0.17340 0.60116
-0.61689 -0.17340 0.61656
-0.56951 -0.17340 0.63195
-0.52214 -0.17340 0.64735
-0.47476 -0.17340 0.66274
-0.42739 -0.17340 0.67814
-0.38001 -0.17340 0.69354
-0.33263 -0.17340 0.70893
-0.28526 -0.17340 0.72433
-0.23788 -0.17340 0.73972
-0.19051 -0.17340 0.75512
-0.14313 -0.17340 0.77051
-0.09575 -0.17340 0.78591
-0.04838 -0.17340 0.80131
-0.00100 -0.17340 0.81670
0.04637 -0.17340 0.83210
0.09375 -0.17340 0.84749
0.14113 -0.17340 0.86289
0.18850 -0.17340 0.87828
0.23588 -0.17340 0.89368
0.28325 -0.17340 0.90908
0.33063 -0.17340 0.92447
0.37800 -0.17340 0.93987
0.42538 -0.17340 0.95526
0.47276 -0.17340 0.97066
0.52013 -0.17340 0.98606
0.56751 -0.17340 1.00145
0.61488 -0.17340 1.01685
0.66226 -0.17340 1.03224
0.70964 -0.17340 1.04764
0.75701 -0.17340 1.06303
0.80439 -0.17340 1.07843
0.85176 -0.17340 1.09383
0.89914 -0.17340 1.10922
0.94652 -0.17340 1.12462
0.99389 -0.17340 1.14001
1.04127 -0.17340 1.15541
1.08864 -0.17340 1.17080
1.13602 -0.17340 1.18620
1.18340 -0.17340 1.20160
1.23077 -0.17340 1.21699
1.27815 -0.17340 1.23239
1.32552 -0.17340 1.24778
1.37290 -0.17340 1.26318
1.42028 -0.17340 1.27857

-0.90115 -0.14955 0.60375
-0.85377 -0.14955 0.60375
-0.80639 -0.14955 0.60375
-0.75902 -0.14955 0.60375
-0.71164 -0.14955 0.60375
-0.66427 -0.14955 0.60375
-0.61689 -0.14955 0.61656
-0.56951 -0.14955 0.63195
-0.52214 -0.14955 0.64735
-0.47476 -0.14955 0.66274
-0.42739 -0.14955 0.67814
-0.38001 -0.14955 0.69354
-0.33263 -0.14955 0.70893
-0.28526 -0.14955 0.72433
-0.23788 -0.14955 0.73972
-0.19051 -0.14955 0.75512
-0.14313 -0.14955 0.77051
-0.09575 -0.14955 0.78591
-0.04838 -0.14955 0.80131
-0.00100 -0.14955 0.81670
0.04637 -0.14955 0.83210
0.09375 -0.14955 0.84749
0.14113 -0.14955 0.86289
0.18850 -0.14955 0.87828
0.23588 -0.14955 0.89368
0.28325 -0.14955 0.90908
0.33063 -0.14955 0.92447
0.37800 -0.14955 0.93987
0.42538 -0.14955 0.95526
0.47276 -0.14955 0.97066
0.52013 -0.14955 0.98606
0.56751 -0.14955 1.00145
0.61488 -0.14955 1.01685
0.66226 -0.14955 1.03224
0.70964 -0.14955 1.04764
0.75701 -0.14955 1.06303
0.80439 -0.14955 1.07843
0.85176 -0.14955 1.09383
0.89914 -0.14955 1.10922
0.94652 -0.14955 1.12462
0.99389 -0.14955 1.14001
1.04127 -0.14955 1.15541
1.08864 -0.14955 1.17080
1.13602 -0.14955 1.18620
1.18340 -0.14955 1.20160
1.23077 -0.14955 1.21699
1.27815 -0.14955 1.23239
1.32552 -0.14955 1.24778
1.37290 -0.14955 1.26318
1.42028 -0.14955 1.27857

-0.90115 -0.12569 0.61691
-0.85377 -0.12569 0.61691
-0.80639 -0.12569 0.61691
-0.75902 -0.12569 0.61691
-0.71164 -0.12569 0.61691
-0.66427 -0.12569 0.61691
-0.61689 -0.12569 0.61691
-0.56951 -0.12569 0.63195
-0.52214 -0.12569 0.64735
-0.47476 -0.12569 0.66274
-0.42739 -0.12569 0.67814
-0.38001 -0.12569 0.69354
-0.33263 -0.12569 0.70893
-0.28526 -0.12569 0.72433
-0.23788 -0.12569 0.73972
-0.19051 -0.12569 0.75512
-0.14313 -0.12569 0.77051
-0.09575 -0.12569 0.78591
-0.04838 -0.12569 0.80131
-0.00100 -0.12569 0.81670
0.04637 -0.12569 0.83210
0.09375 -0.12569 0.84749
0.14113 -0.12569 0.86289
0.18850 -0.12569 0.87828
0.23588 -0.12569 0.89368
0.28325 -0.12569 0.90908
0.33063 -0.12569 0.92447
0.37800 -0.12569 0.93987
0.42538 -0.12569 0.95526
0.47276 -0.12569 0.97066
0.52013 -0.12569 0.98606
0.56751 -0.12569 1.00145
0.61488 -0.12569 1.01685
0.66226 -0.12569 1.03224
0.70964 -0.12569 1.04764
0.75701 -0.12569 1.06303
0.80439 -0.12569 1.07843
0.85176 -0.12569 1.09383
0.89914 -0.12569 1.10922
0.94652 -0.12569 1.12462
0.99389 -0.12569 1.14001
1.04127 -0.12569 1.15541
1.08864 -0.12569 1.17080
1.13602 -0.12569 1.18620
1.18340 -0.12569 1.20160
1.23077 -0.12569 1.21699
1.27815 -0.12569 1.23239
1.32552 -0.12569 1.24778
1.37290 -0.12569 1.26318
1.42028 -0.12569 1.27857

-0.90115 -0.10183 0.63006
-0.85377 -0.10183 0.63006
-0.80639 -0.10183 0.63006
-0.75902 -0.10183 0.63006
-0.71164 -0.10183 0.63006
-0.66427 -0.10183 0.63006
-0.61689 -0.10183 0.63006
-0.56951 -0.10183 0.63195
-0.52214 -0.10183 0.64735
-0.47476 -0.10183 0.66274
-0.42739 -0.10183 0.67814
-0.38001 -0.10183 0.69354
-0.33263 -0.10183 0.70893
-0.28526 -0.10183 0.72433
-0.23788 -0.10183 0.73972
-0.19051 -0.10183 0.75512
-0.14313 -0.10183 0.77051
-0.09575 -0.10183 0.78591
-0.04838 -0.10183 0.80131
-0.00100 -0.10183 0.81670
0.04637 -0.10183 0.83210
0.09375 -0.10183 0.84749
0.14113 -0.10183 0.86289
0.18850 -0.10183 0.87828
0.23588 -0.10183 0.89368
0.28325 -0.10183 0.90908
0.33063 -0.10183 0.92447
0.37800 -0.10183 0.93987
0.42538 -0.10183 0.95526
0.47276 -0.10183 0.97066
0.52013 -0.10183 0.98606
0.56751 -0.10183 1.00145
0.61488 -0.10183 1.01685
0.66226 -0.10183 1.03224
0.70964 -0.10183 1.04764
0.75701 -0.10183 1.06303
0.80439 -0.10183 1.07843
0.85176 -0.10183 1.09383
0.89914 -0.10183 1.10922
0.94652 -0.10183 1.12462
0.99389 -0.10183 1.14001
1.04127 -0.10183 1.15541
1.08864 -0.10183 1.17080
1.13602 -0.10183 1.18620
1.18340 -0.10183 1.20160
1.23077 -0.10183 1.21699
1.27815 -0.10183 1.23239
1.32552 -0.10183 1.24778
1.37290 -0.10183 1.26318
1.42028 -0.10183 1.27857

-0.90115 -0.07797 0.64322
-0.85377 -0.07797 0.64322
-0.80639 -0.07797 0.64322
-0.75902 -0.07797 0.64322
-0.71164 -0.07797 0.64322
-0.66427 -0.07797 0.64322
-0.61689 -0.07797 0.64322
-0.56951 -0.07797 0.64322
-0.52214 -0.07797 0.64735
-0.47476 -0.07797 0.66274
-0.42739 -0.07797 0.67814
-0.38001 -0.07797 0.69354
-0.33263 -0.07797 0.70893
-0.28526 -0.07797 0.72433
-0.23788 -0.07797 0.73972
-0.19051 -0.07797 0.75512
-0.14313 -0.07797 0.77051
-0.09575 -0.07797 0.78591
-0.04838 -0.07797 0.80131
-0.00100 -0.07797 0.81670
0.04637 -0.07797 0.83210
0.09375 -0.07797 0.84749
0.14113 -0.07797 0.86289
0.18850 -0.07797 0.87828
0.23588 -0.07797 0.89368
0.28325 -0.07797 0.90908
0.33063 -0.07797 0.92447
0.37800 -0.07797 0.93987
0.42538 -0.07797 0.95526
0.47276 -0.07797 0.97066
0.52013 -0.07797 0.98606
0.56751 -0.07797 1.00145
0.61488 -0.07797 1.01685
0.66226 -0.07797 1.03224
0.70964 -0.07797 1.04764
0.75701 -0.07797 1.06303
0.80439 -0.07797 1.07843
0.85176 -0.07797 1.09383
0.89914 -0.07797 1.10922
0.94652 -0.07797 1.12462
0.99389 -0.07797 1.14001
1.04127 -0.07797 1.15541
1.08864 -0.07797 1.17080
1.13602 -0.07797 1.18620
1.18340 -0.07797 1.20160
1.23077 -0.07797 1.21699
1.27815 -0.07797 1.23239
1.32552 -0.07797 1.24778
1.37290 -0.07797 1.26318
1.42028 -0.07797 1.27857

-0.90115 -0.05412 0.65638
-0.85377 -0.05412 0.65638
-0.80639 -0.05412 0.65638
-0.75902 -0.05412 0.65638
-0.71164 -0.05412 0.65638
-0.66427 -0.05412 0.65638
-0.61689 -0.05412 0.65638
-0.56951 -0.05412 0.65638
-0.52214 -0.05412 0.65638
-0.47476 -0.05412 0.66274
-0.42739 -0.05412 0.67814
-0.38001 -0.05412 0.69354
-0.33263 -0.05412 0.70893
-0.28526 -0.05412 0.72433
-0.23788 -0.05412 0.73972
-0.19051 -0.05412 0.75512
-0.14313 -0.05412 0.77051
-0.09575 -0.05412 0.78591
-0.04838 -0.05412 0.80131
-0.00100 -0.05412 0.81670
0.04637 -0.05412 0.83210
0.09375 -0.05412 0.84749
0.14113 -0.05412 0.86289
0.18850 -0.05412 0.87828
0.23588 -0.05412 0.89368
0.28325 -0.05412 0.90908
0.33063 -0.05412 0.92447
0.37800 -0.05412 0.93987
0.42538 -0.05412 0.95526
0.47276 -0.05412 0.97066
0.52013 -0.05412 0.98606
0.56751 -0.05412 1.00145
0.61488 -0.05412 1.01685
0.66226 -0.05412 1.03224
0.70964 -0.05412 1.04764
0.75701 -0.05412 1.06303
0.80439 -0.05412 1.07843
0.85176 -0.05412 1.09383
0.89914 -0.05412 1.10922
0.94652 -0.05412 1.12462
0.99389 -0.05412 1.14001
1.04127 -0.05412 1.15541
1.08864 -0.05412 1.17080
1.13602 -0.05412 1.18620
1.18340 -0.05412 1.20160
1.23077 -0.05412 1.21699
1.27815 -0.05412 1.23239
1.32552 -0.05412 1.24778
1.37290 -0.05412 1.26318
1.42028 -0.05412 1.27857

-0.90115 -0.03026 0.66954
-0.85377 -0.03026 0.66954
-0.80639 -0.03026 0.66954
-0.75902 -0.03026 0.66954
-0.71164 -0.03026 0.66954
-0.66427 -0.03026 0.66954
-0.61689 -0.03026 0.66954
-0.56951 -0.03026 0.66954
-0.52214 -0.03026 0.66954
-0.47476 -0.03026 0.66954
-0.42739 -0.03026 0.67814
-0.38001 -0.03026 0.69354
-0.33263 -0.03026 0.70893
-0.28526 -0.03026 0.72433
-0.23788 -0.03026 0.73972
-0.19051 -0.03026 0.75512
-0.14313 -0.03026 0.77051
-0.09575 -0.03026 0.78591
-0.04838 -0.03026 0.80131
-0.00100 -0.03026 0.81670
0.04637 -0.03026 0.83210
0.09375 -0.03026 0.84749
0.14113 -0.03026 0.86289
0.18850 -0.03026 0.87828
0.23588 -0.03026 0.89368
0.28325 -0.03026 0.90908
0.33063 -0.03026 0.92447
0.37800 -0.03026 0.93987
0.42538 -0.03026 0.95526
0.47276 -0.03026 0.97066
0.52013 -0.03026 0.98606
0.56751 -0.03026 1.00145
0.61488 -0.03026 1.01685
0.66226 -0.03026 1.03224
0.70964 -0.03026 1.04764
0.75701 -0.03026 1.06303
0.80439 -0.03026 1.07843
0.85176 -0.03026 1.09383
0.89914 -0.03026 1.10922
0.94652 -0.03026 1.12462
0.99389 -0.03026 1.14001
1.04127 -0.03026 1.15541
1.08864 -0.03026 1.17080
1.13602 -0.03026 1.18620
1.18340 -0.03026 1.20160
1.23077 -0.03026 1.21699
1.27815 -0.03026 1.23239
1.32552 -0.03026 1.24778
1.37290 -0.03026 1.26318
1.42028 -0.03026 1.27857

-0.90115 -0.00640 0.68269
-0.85377 -0.00640 0.68269
-0.80639 -0.00640 0.68269
-0.75902 -0.00640 0.68269
-0.71164 -0.00640 0.68269
-0.66427 -0.00640 0.68269
-0.61689 -0.00640 0.68269
-0.56951 -0.00640 0.68269
-0.52214 -0.00640 0.68269
-0.47476 -0.00640 0.68269
-0.42739 -0.00640 0.68269
-0.38001 -0.00640 0.69354
-0.33263 -0.00640 0.70893
-0.28526 -0.00640 0.72433
-0.23788 -0.00640 0.73972
-0.19051 -0.00640 0.75512
-0.14313 -0.00640 0.77051
-0.09575 -0.00640 0.78591
-0.04838 -0.00640 0.80131
-0.00100 -0.00640 0.81670
0.04637 -0.00640 0.83210
0.09375 -0.00640 0.84749
0.14113 -0.00640 0.86289
0.18850 -0.00640 0.87828
0.23588 -0.00640 0.89368
0.28325 -0.00640 0.90908
0.33063 -0.00640 0.92447
0.37800 -0.00640 0.93987
0.42538 -0.00640 0.95526
0.47276 -0.00640 0.97066
0.52013 -0.00640 0.98606
0.56751 -0.00640 1.00145
0.61488 -0.00640 1.01685
0.66226 -0.00640 1.03224
0.70964 -0.00640 1.04764
0.75701 -0.00640 1.06303
0.80439 -0.00640 1.07843
0.85176 -0.00640 1.09383
0.89914 -0.00640 1.10922
0.94652 -0.00640 1.12462
0.99389 -0.00640 1.14001
1.04127 -0.00640 1.15541
1.08864 -0.00640 1.17080
1.13602 -0.00640 1.18620
1.18340 -0.00640 1.20160
1.23077 -0.00640 1.21699
1.27815 -0.00640 1.23239
1.32552 -0.00640 1.24778
1.37290 -0.00640 1.26318
1.42028 -0.00640 1.27857

-0.90115 0.01746 0.69585
-0.85377 0.01746 0.69585
-0.80639 0.01746 0.69585
-0.75902 0.01746 0.69585
-0.71164 0.01746 0.69585
-0.66427 0.01746 0.69585
-0.61689 0.01746 0.69585
-0.56951 0.01746 0.69585
-0.52214 0.01746 0.69585
-0.47476 0.01746 0.69585
-0.42739 0.01746 0.69585
-0.38001 0.01746 0.69585
-0.33263 0.01746 0.70893
-0.28526 0.01746 0.72433
-0.23788 0.01746 0.73972
-0.19051 0.01746 0.75512
-0.14313 0.01746 0.77051
-0.09575 0.01746 0.78591
-0.04838 0.01746 0.80131
-0.00100 0.01746 0.81670
0.04637 0.01746 0.83210
0.09375 0.01746 0.84749
0.14113 0.01746 0.86289
0.18850 0.01746 0.87828
0.23588 0.01746 0.89368
0.28325 0.01746 0.90908
0.33063 0.01746 0.92447
0.37800 0.01746 0.93987
0.42538 0.01746 0.95526
0.47276 0.01746 0.97066
0.52013 0.01746 0.98606
0.56751 0.01746 1.00145
0.61488 0.01746 1.01685
0.66226 0.01746 1.03224
0.70964 0.01746 1.04764
0.75701 0.01746 1.06303
0.80439 0.01746 1.07843
0.85176 0.01746 1.09383
0.89914 0.01746 1.10922
0.94652 0.01746 1.12462
0.99389 0.01746 1.14001
1.04127 0.01746 1.15541
1.08864 0.01746 1.17080
1.13602 0.01746 1.18620
1.18340 0.01746 1.20160
1.23077 0.01746 1.21699
1.27815 0.01746 1.23239
1.32552 0.01746 1.24778
1.37290 0.01746 1.26318
1.42028 0.01746 1.27857

-0.90115 0.04132 0.70901
-0.85377 0.04132 0.70901
-0.80639 0.04132 0.70901
-0.75902 0.04132 0.70901
-0.71164 0.04132 0.70901
-0.66427 0.04132 0.70901
-0.61689 0.04132 0.70901
-0.56951 0.04132 0.70901
-0.52214 0.04132 0.70901
-0.47476 0.04132 0.70901
-0.42739 0.04132 0.70901
-0.38001 0.04132 0.70901
-0.33263 0.04132 0.70901
-0.28526 0.04132 0.72433
-0.23788 0.04132 0.73972
-0.19051 0.04132 0.75512
-0.14313 0.04132 0.77051
-0.09575 0.04132 0.78591
-0.04838 0.04132 0.80131
-0.00100 0.04132 0.81670
0.04637 0.04132 0.83210
0.09375 0.04132 0.84749
0.14113 0.04132 0.86289
0.18850 0.04132 0.87828
0.23588 0.04132 0.89368
0.28325 0.04132 0.90908
0.33063 0.04132 0.92447
0.37800 0.04132 0.93987
0.42538 0.04132 0.95526
0.47276 0.04132 0.97066
0.52013 0.04132 0.98606
0.56751 0.04132 1.00145
0.61488 0.04132 1.01685
0.66226 0.04132 1.03224
0.70964 0.04132 1.04764
0.75701 0.04132 1.06303
0.80439 0.04132 1.07843
0.85176 0.04132 1.09383
0.89914 0.04132 1.10922
0.94652 0.04132 1.12462
0.99389 0.04132 1.14001
1.04127 0.04132 1.15541
1.08864 0.04132 1.17080
1.13602 0.04132 1.18620
1.18340 0.04132 1.20160
1.23077 0.04132 1.21699
1.27815 0.04132 1.23239
1.32552 0.04132 1.24778
1.37290 0.04132 1.26318
1.42028 0.04132 1.27857

-0.90115 0.06517 0.72217
-0.85377 0.06517 0.72217
-0.80639 0.06517 0.72217
-0.75902 0.06517 0.72217
-0.71164 0.06517 0.72217
-0.66427 0.06517 0.72217
-0.61689 0.06517 0.72217
-0.56951 0.06517 0.72217
-0.52214 0.06517 0.72217
-0.47476 0.06517 0.72217
-0.42739 0.06517 0.72217
-0.38001 0.06517 0.72217
-0.33263 0.06517 0.72217
-0.28526 0.06517 0.72433
-0.23788 0.06517 0.73972
-0.19051 0.06517 0.75512
-0.14313 0.06517 0.77051
-0.09575 0.06517 0.78591
-0.04838 0.06517 0.80131
-0.00100 0.06517 0.81670
0.04637 0.06517 0.83210
0.09375 0.06517 0.84749
0.14113 0.06517 0.86289
0.18850 0.06517 0.87828
0.23588 0.06517 0.89368
0.28325 0.06517 0.90908
0.33063 0.06517 0.92447
0.37800 0.06517 0.93987
0.42538 0.06517 0.95526
0.47276 0.06517 0.97066
0.52013 0.06517 0.98606
0.56751 0.06517 1.00145
0.61488 0.06517 1.01685
0.66226 0.06517 1.03224
0.70964 0.06517 1.04764
0.75701 0.06517 1.06303
0.80439 0.06517 1.07843
0.85176 0.06517 1.09383
0.89914 0.06517 1.10922
0.94652 0.06517 1.12462
0.99389 0.06517 1.14001
1.04127 0.06517 1.15541
1.08864 0.06517 1.17080
1.13602 0.06517 1.18620
1.18340 0.06517 1.20160
1.23077 0.06517 1.21699
1.27815 0.06517 1.23239
1.32552 0.06517 1.24778
1.37290 0.06517 1.26318
1.42028 0.06517 1.27857

-0.90115 0.08903 0.73532
-0.85377 0.08903 0.73532
-0.80639 0.08903 0.73532
-0.75902 0.08903 0.73532
-0.71164 0.08903 0.73532
-0.66427 0.08903 0.73532
-0.61689 0.08903 0.73532
-0.56951 0.08903 0.73532
-0.52214 0.08903 0.73532
-0.47476 0.08903 0.73532
-0.42739 0.08903 0.73532
-0.38001 0.08903 0.73532
-0.33263 0.08903 0.73532
-0.28526 0.08903 0.73532
-0.23788 0.08903 0.73972
-0.19051 0.08903 0.75512
-0.14313 0.08903 0.77051
-0.09575 0.08903 0.78591
-0.04838 0.08903 0.80131
-0.00100 0.08903 0.81670
0.04637 0.08903 0.83210
0.09375 0.08903 0.84749
0.14113 0.08903 0.86289
0.18850 0.08903 0.87828
0.23588 0.08903 0.89368
0.28325 0.08903 0.90908
0.33063 0.08903 0.92447
0.37800 0.08903 0.93987
0.42538 0.08903 0.95526
0.47276 0.08903 0.97066
0.52013 0.08903 0.98606
0.56751 0.08903 1.00145
0.61488 0.08903 1.01685
0.66226 0.08903 1.03224
0.70964 0.08903 1.04764
0.75701 0.08903 1.06303
0.80439 0.08903 1.07843
0.85176 0.08903 1.09383
0.89914 0.08903 1.10922
0.94652 0.08903 1.12462
0.99389 0.08903 1.14001
1.04127 0.08903 1.15541
1.08864 0.08903 1.17080
1.13602 0.08903 1.18620
1.18340 0.08903 1.20160
1.23077 0.08903 1.21699
1.27815 0.08903 1.23239
1.32552 0.08903 1.24778
1.37290 0.08903 1.26318
1.42028 0.08903 1.27857

-0.90115 0.11289 0.74848
-0.85377 0.11289 0.74848
-0.80639 0.11289 0.74848
-0.75902 0.11289 0.74848
-0.71164 0.11289 0.74848
-0.66427 0.11289 0.74848
-0.61689 0.11289 0.74848
-0.56951 0.11289 0.74848
-0.52214 0.11289 0.74848
-0.47476 0.11289 0.74848
-0.42739 0.11289 0.74848
-0.38001 0.11289 0.74848
-0.33263 0.11289 0.74848
-0.28526 0.11289 0.74848
-0.23788 0.11289 0.74848
-0.19051 0.11289 0.75512
-0.14313 0.11289 0.77051
-0.09575 0.11289 0.78591
-0.04838 0.11289 0.80131
-0.00100 0.11289 0.81670
0.04637 0.11289 0.83210
0.09375 0.11289 0.84749
0.14113 0.11289 0.86289
0.18850 0.11289 0.87828
0.23588 0.11289 0.89368
0.28325 0.11289 0.90908
0.33063 0.11289 0.92447
0.37800 0.11289 0.93987
0.42538 0.11289 0.95526
0.47276 0.11289 0.97066
0.52013 0.11289 0.98606
0.56751 0.11289 1.00145
0.61488 0.11289 1.01685
0.66226 0.11289 1.03224
0.70964 0.11289 1.04764
0.75701 0.11289 1.06303
0.80439 0.11289 1.07843
0.85176 0.11289 1.09383
0.89914 0.11289 1.10922
0.94652 0.11289 1.12462
0.99389 0.11289 1.14001
1.04127 0.11289 1.15541
1.08864 0.11289 1.17080
1.13602 0.11289 1.18620
1.18340 0.11289 1.20160
1.23077 0.11289 1.21699
1.27815 0.11289 1.23239
1.32552 0.11289 1.24778
1.37290 0.11289 1.26318
1.42028 0.11289 1.27857

-0.90115 0.13675 0.76164
-0.85377 0.13675 0.76164
-0.80639 0.13675 0.76164
-0.75902 0.13675 0.76164
-0.71164 0.13675 0.76164
-0.66427 0.13675 0.76164
-0.61689 0.13675 0.76164
-0.56951 0.13675 0.76164
-0.52214 0.13675 0.76164
-0.47476 0.13675 0.76164
-0.42739 0.13675 0.76164
-0.38001 0.13675 0.76164
-0.33263 0.13675 0.76164
-0.28526 0.13675 0.76164
-0.23788 0.13675 0.76164
-0.19051 0.13675 0.76164
-0.14313 0.13675 0.77051
-0.09575 0.13675 0.78591
-0.04838 0.13675 0.80131
-0.00100 0.13675 0.81670
0.04637 0.13675 0.83210
0.09375 0.13675 0.84749
0.14113 0.13675 0.86289
0.18850 0.13675 0.87828
0.23588 0.13675 0.89368
0.28325 0.13675 0.90908
0.33063 0.13675 0.92447
0.37800 0.13675 0.93987
0.42538 0.13675 0.95526
0.47276 0.13675 0.97066
0.52013 0.13675 0.98606
0.56751 0.13675 1.00145
0.61488 0.13675 1.01685
0.66226 0.13675 1.03224
0.70964 0.13675 1.04764
0.75701 0.13675 1.06303
0.80439 0.13675 1.07843
0.85176 0.13675 1.09383
0.89914 0.13675 1.10922
0.94652 0.13675 1.12462
0.99389 0.13675 1.14001
1.04127 0.13675 1.15541
1.08864 0.13675 1.17080
1.13602 0.13675 1.18620
1.18340 0.13675 1.20160
1.23077 0.13675 1.21699
1.27815 0.13675 1.23239
1.32552 0.13675 1.24778
1.37290 0.13675 1.26318
1.42028 0.13675 1.27857

-0.90115 0.16060 0.77479
-0.85377 0.16060 0.77479
-0.80639 0.16060 0.77479
-0.75902 0.16060 0.77479
-0.71164 0.16060 0.77479
-0.66427 0.16060 0.77479
-0.61689 0.16060 0.77479
-0.56951 0.16060 0.77479
-0.52214 0.16060 0.77479
-0.47476 0.16060 0.77479
-0.42739 0.16060 0.77479
-0.38001 0.16060 0.77479
-0.33263 0.16060 0.77479
-0.28526 0.16060 0.77479
-0.23788 0.16060 0.77479
-0.19051 0.16060 0.77479
-0.14313 0.16060 0.77479
-0.09575 0.16060 0.78591
-0.04838 0.16060 0.80131
-0.00100 0.16060 0.81670
0.04637 0.16060 0.83210
0.09375 0.16060 0.84749
0.14113 0.16060 0.86289
0.18850 0.16060 0.87828
0.23588 0.16060 0.89368
0.28325 0.16060 0.90908
0.33063 0.16060 0.92447
0.37800 0.16060 0.93987
0.42538 0.16060 0.95526
0.47276 0.16060 0.97066
0.52013 0.16060 0.98606
0.56751 0.16060 1.00145
0.61488 0.16060 1.01685
0.66226 0.16060 1.03224
0.70964 0.16060 1.04764
0.75701 0.16060 1.06303
0.80439 0.16060 1.07843
0.85176 0.16060 1.09383
0.89914 0.16060 1.10922
0.94652 0.16060 1.12462
0.99389 0.16060 1.14001
1.04127 0.16060 1.15541
1.08864 0.16060 1.17080
1.13602 0.16060 1.18620
1.18340 0.16060 1.20160
1.23077 0.16060 1.21699
1.27815 0.16060 1.23239
1.32552 0.16060 1.24778
1.37290 0.16060 1.26318
1.42028 0.16060 1.27857

-0.90115 0.18446 0.78795
-0.85377 0.18446 0.78795
-0.80639 0.18446 0.78795
-0.75902 0.18446 0.78795
-0.71164 0.18446 0.78795
-0.66427 0.18446 0.78795
-0.61689 0.18446 0.78795
-0.56951 0.18446 0.78795
-0.52214 0.18446 0.78795
-0.47476 0.18446 0.78795
-0.42739 0.18446 0.78795
-0.38001 0.18446 0.78795
-0.33263 0.18446 0.78795
-0.28526 0.18446 0.78795
-0.23788 0.18446 0.78795
-0.19051 0.18446 0.78795
-0.14313 0.18446 0.78795
-0.09575 0.18446 0.78795
-0.04838 0.18446 0.80131
-0.00100 0.18446 0.81670
0.04637 0.18446 0.83210
0.09375 0.18446 0.84749
0.14113 0.18446 0.86289
0.18850 0.18446 0.87828
0.23588 0.18446 0.89368
0.28325 0.18446 0.90908
0.33063 0.18446 0.92447
0.37800 0.18446 0.93987
0.42538 0.18446 0.95526
0.47276 0.18446 0.97066
0.52013 0.18446 0.98606
0.56751 0.18446 1.00145
0.61488 0.18446 1.01685
0.66226 0.18446 1.03224
0.70964 0.18446 1.04764
0.75701 0.18446 1.06303
0.80439 0.18446 1.07843
0.85176 0.18446 1.09383
0.89914 0.18446 1.10922
0.94652 0.18446 1.12462
0.99389 0.18446 1.14001
1.04127 0.18446 1.15541
1.08864 0.18446 1.17080
1.13602 0.18446 1.18620
1.18340 0.18446 1.20160
1.23077 0.18446 1.21699
1.27815 0.18446 1.23239
1.32552 0.18446 1.24778
1.37290 0.18446 1.26318
1.42028 0.18446 1.27857

-0.90115 0.20832 0.80111
-0.85377 0.20832 0.80111
-0.80639 0.20832 0.80111
-0.75902 0.20832 0.80111
-0.71164 0.20832 0.80111
-0.66427 0.20832 0.80111
-0.61689 0.20832 0.80111
-0.56951 0.20832 0.80111
-0.52214 0.20832 0.80111
-0.47476 0.20832 0.80111
-0.42739 0.20832 0.80111
-0.38001 0.20832 0.80111
-0.33263 0.20832 0.80111
-0.28526 0.20832 0.80111
-0.23788 0.20832 0.80111
-0.19051 0.20832 0.80111
-0.14313 0.20832 0.80111
-0.09575 0.20832 0.80111
-0.04838 0.20832 0.80131
-0.00100 0.20832 0.81670
0.04637 0.20832 0.83210
0.09375 0.20832 0.84749
0.14113 0.20832 0.86289
0.18850 0.20832 0.87828
0.23588 0.20832 0.89368
0.28325 0.20832 0.90908
0.33063 0.20832 0.92447
0.37800 0.20832 0.93987
0.42538 0.20832 0.95526
0.47276 0.20832 0.97066
0.52013 0.20832 0.98606
0.56751 0.20832 1.00145
0.61488 0.20832 1.01685
0.66226 0.20832 1.03224
0.70964 0.20832 1.04764
0.75701 0.20832 1.06303
0.80439 0.20832 1.07843
0.85176 0.20832 1.09383
0.89914 0.20832 1.10922
0.94652 0.20832 1.12462
0.99389 0.20832 1.14001
1.04127 0.20832 1.15541
1.08864 0.20832 1.17080
1.13602 0.20832 1.18620
1.18340 0.20832 1.20160
1.23077 0.20832 1.21699
1.27815 0.20832 1.23239
1.32552 0.20832 1.24778
1.37290 0.20832 1.26318
1.42028 0.20832 1.27857

-0.90115 0.23218 0.81427
-0.85377 0.23218 0.81427
-0.80639 0.23218 0.81427
-0.75902 0.23218 0.81427
-0.71164 0.23218 0.81427
-0.66427 0.23218 0.81427
-0.61689 0.23218 0.81427
-0.56951 0.23218 0.81427
-0.52214 0.23218 0.81427
-0.47476 0.23218 0.81427
-0.42739 0.23218 0.81427
-0.38001 0.23218 0.81427
-0.33263 0.23218 0.81427
-0.28526 0.23218 0.81427
-0.23788 0.23218 0.81427
-0.19051 0.23218 0.81427
-0.14313 0.23218 0.81427
-0.09575 0.23218 0.81427
-0.04838 0.23218 0.81427
-0.00100 0.23218 0.81670
0.04637 0.23218 0.83210
0.09375 0.23218 0.84749
0.14113 0.23218 0.86289
0.18850 0.23218 0.87828
0.23588 0.23218 0.89368
0.28325 0.23218 0.90908
0.33063 0.23218 0.92447
0.37800 0.23218 0.93987
0.42538 0.23218 0.95526
0.47276 0.23218 0.97066
0.52013 0.23218 0.98606
0.56751 0.23218 1.00145
0.61488 0.23218 1.01685
0.66226 0.23218 1.03224
0.70964 0.23218 1.04764
0.75701 0.23218 1.06303
0.80439 0.23218 1.07843
0.85176 0.23218 1.09383
0.89914 0.23218 1.10922
0.94652 0.23218 1.12462
0.99389 0.23218 1.14001
1.04127 0.23218 1.15541
1.08864 0.23218 1.17080
1.13602 0.23218 1.18620
1.18340 0.23218 1.20160
1.23077 0.23218 1.21699
1.27815 0.23218 1.23239
1.32552 0.23218 1.24778
1.37290 0.23218 1.26318
1.42028 0.23218 1.27857

-0.90115 0.25604 0.82742
-0.85377 0.25604 0.82742
-0.80639 0.25604 0.82742
-0.75902 0.25604 0.82742
-0.71164 0.25604 0.82742
-0.66427 0.25604 0.82742
-0.61689 0.25604 0.82742
-0.56951 0.25604 0.82742
-0.52214 0.25604 0.82742
-0.47476 0.25604 0.82742
-0.42739 0.25604 0.82742
-0.38001 0.25604 0.82742
-0.33263 0.25604 0.82742
-0.28526 0.25604 0.82742
-0.23788 0.25604 0.82742
-0.19051 0.25604 0.82742
-0.14313 0.25604 0.82742
-0.09575 0.25604 0.82742
-0.04838 0.25604 0.82742
-0.00100 0.25604 0.82742
0.04637 0.25604 0.83210
0.09375 0.25604 0.84749
0.14113 0.25604 0.86289
0.18850 0.25604 0.87828
0.23588 0.25604 0.89368
0.28325 0.25604 0.90908
0.33063 0.25604 0.92447
0.37800 0.25604 0.93987
0.42538 0.25604 0.95526
0.47276 0.25604 0.97066
0.52013 0.25604 0.98606
0.56751 0.25604 1.00145
0.61488 0.25604 1.01685
0.66226 0.25604 1.03224
0.70964 0.25604 1.04764
0.75701 0.25604 1.06303
0.80439 0.25604 1.07843
0.85176 0.25604 1.09383
0.89914 0.25604 1.10922
0.94652 0.25604 1.12462
0.99389 0.25604 1.14001
1.04127 0.25604 1.15541
1.08864 0.25604 1.17080
1.13602 0.25604 1.18620
1.18340 0.25604 1.20160
1.23077 0.25604 1.21699
1.27815 0.25604 1.23239
1.32552 0.25604 1.24778
1.37290 0.25604 1.26318
1.42028 0.25604 1.27857

-0.90115 0.27989 0.84058
-0.85377 0.27989 0.84058
-0.80639 0.27989 0.84058
-0.75902 0.27989 0.84058
-0.71164 0.27989 0.84058
-0.66427 0.27989 0.84058
-0.61689 0.27989 0.84058
-0.56951 0.27989 0.84058
-0.52214 0.27989 0.84058
-0.47476 0.27989 0.84058
-0.42739 0.27989 0.84058
-0.38001 0.27989 0.84058
-0.33263 0.27989 0.84058
-0.28526 0.27989 0.84058
-0.23788 0.27989 0.84058
-0.19051 0.27989 0.84058
-0.14313 0.27989 0.84058
-0.09575 0.27989 0.84058
-0.04838 0.27989 0.84058
-0.00100 0.27989 0.84058
0.04637 0.27989 0.84058
0.09375 0.27989 0.84749
0.14113 0.27989 0.86289
0.18850 0.27989 0.87828
0.23588 0.27989 0.89368
0.28325 0.27989 0.90908
0.33063 0.27989 0.92447
0.37800 0.27989 0.93987
0.42538 0.27989 0.95526
0.47276 0.27989 0.97066
0.52013 0.27989 0.98606
0.56751 0.27989 1.00145
0.61488 0.27989 1.01685
0.66226 0.27989 1.03224
0.70964 0.27989 1.04764
0.75701 0.27989 1.06303
0.80439 0.27989 1.07843
0.85176 0.27989 1.09383
0.89914 0.27989 1.10922
0.94652 0.27989 1.12462
0.99389 0.27989 1.14001
1.04127 0.27989 1.15541
1.08864 0.27989 1.17080
1.13602 0.27989 1.18620
1.18340 0.27989 1.20160
1.23077 0.27989 1.21699
1.27815 0.27989 1.23239
1.32552 0.27989 1.24778
1.37290 0.27989 1.26318
1.42028 0.27989 1.27857

-0.90115 0.30375 0.85374
-0.85377 0.30375 0.85374
-0.80639 0.30375 0.85374
-0.75902 0.30375 0.85374
-0.71164 0.30375 0.85374
-0.66427 0.30375 0.85374
-0.61689 0.30375 0.85374
-0.56951 0.30375 0.85374
-0.52214 0.30375 0.85374
-0.47476 0.30375 0.85374
-0.42739 0.30375 0.85374
-0.38001 0.30375 0.85374
-0.33263 0.30375 0.85374
-0.28526 0.30375 0.85374
-0.23788 0.30375 0.85374
-0.19051 0.30375 0.85374
-0.14313 0.30375 0.85374
-0.09575 0.30375 0.85374
-0.04838 0.30375 0.85374
-0.00100 0.30375 0.85374
0.04637 0.30375 0.85374
0.09375 0.30375 0.85374
0.14113 0.30375 0.86289
0.18850 0.30375 0.87828
0.23588 0.30375 0.89368
0.28325 0.30375 0.90908
0.33063 0.30375 0.92447
0.37800 0.30375 0.93987
0.42538 0.30375 0.95526
0.47276 0.30375 0.97066
0.52013 0.30375 0.98606
0.56751 0.30375 1.00145
0.61488 0.30375 1.01685
0.66226 0.30375 1.03224
0.70964 0.30375 1.04764
0.75701 0.30375 1.06303
0.80439 0.30375 1.07843
0.85176 0.30375 1.09383
0.89914 0.30375 1.10922
0.94652 0.30375 1.12462
0.99389 0.30375 1.14001
1.04127 0.30375 1.15541
1.08864 0.30375 1.17080
1.13602 0.30375 1.18620
1.18340 0.30375 1.20160
1.23077 0.30375 1.21699
1.27815 0.30375 1.23239
1.32552 0.30375 1.24778
1.37290 0.30375 1.26318
1.42028 0.30375 1.27857

-0.90115 0.32761 0.86689
-0.85377 0.32761 0.86689
-0.80639 0.32761 0.86689
-0.75902 0.32761 0.86689
-0.71164 0.32761 0.86689
-0.66427 0.32761 0.86689
-0.61689 0.32761 0.86689
-0.56951 0.32761 0.86689
-0.52214 0.32761 0.86689
-0.47476 0.32761 0.86689
-0.42739 0.32761 0.86689
-0.38001 0.32761 0.86689
-0.33263 0.32761 0.86689
-0.28526 0.32761 0.86689
-0.23788 0.32761 0.86689
-0.19051 0.32761 0.86689
-0.14313 0.32761 0.86689
-0.09575 0.32761 0.86689
-0.04838 0.32761 0.86689
-0.00100 0.32761 0.86689
0.04637 0.32761 0.86689
0.09375 0.32761 0.86689
0.14113 0.32761 0.86689
0.18850 0.32761 0.87828
0.23588 0.32761 0.89368
0.28325 0.32761 0.90908
0.33063 0.32761 0.92447
0.37800 0.32761 0.93987
0.42538 0.32761 0.95526
0.47276 0.32761 0.97066
0.52013 0.32761 0.98606
0.56751 0.32761 1.00145
0.61488 0.32761 1.01685
0.66226 0.32761 1.03224
0.70964 0.32761 1.04764
0.75701 0.32761 1.06303
0.80439 0.32761 1.07843
0.85176 0.32761 1.09383
0.89914 0.32761 1.10922
0.94652 0.32761 1.12462
0.99389 0.32761 1.14001
1.04127 0.32761 1.15541
1.08864 0.32761 1.17080
1.13602 0.32761 1.18620
1.18340 0.32761 1.20160
1.23077 0.32761 1.21699
1.27815 0.32761 1.23239
1.32552 0.32761 1.24778
1.37290 0.32761 1.26318
1.42028 0.32761 1.27857

-0.90115 0.35147 0.88005
-0.85377 0.35147 0.88005
-0.80639 0.35147 0.88005
-0.75902 0.35147 0.88005
-0.71164 0.35147 0.88005
-0.66427 0.35147 0.88005
-0.61689 0.35147 0.88005
-0.56951 0.35147 0.88005
-0.52214 0.35147 0.88005
-0.47476 0.35147 0.88005
-0.42739 0.35147 0.88005
-0.38001 0.35147 0.88005
-0.33263 0.35147 0.88005
-0.28526 0.35147 0.88005
-0.23788 0.35147 0.88005
-0.19051 0.35147 0.88005
-0.14313 0.35147 0.88005
-0.09575 0.35147 0.88005
-0.04838 0.35147 0.88005
-0.00100 0.35147 0.88005
0.04637 0.35147 0.88005
0.09375 0.35147 0.88005
0.14113 0.35147 0.88005
0.18850 0.35147 0.88005
0.23588 0.35147 0.89368
0.28325 0.35147 0.90908
0.33063 0.35147 0.92447
0.37800 0.35147 0.93987
0.42538 0.35147 0.95526
0.47276 0.35147 0.97066
0.52013 0.35147 0.98606
0.56751 0.35147 1.00145
0.61488 0.35147 1.01685
0.66226 0.35147 1.03224
0.70964 0.35147 1.04764
0.75701 0.35147 1.06303
0.80439 0.35147 1.07843
0.85176 0.35147 1.09383
0.89914 0.35147 1.10922
0.94652 0.35147 1.12462
0.99389 0.35147 1.14001
1.04127 0.35147 1.15541
1.08864 0.35147 1.17080
1.13602 0.35147 1.18620
1.18340 0.35147 1.20160
1.23077 0.35147 1.21699
1.27815 0.35147 1.23239
1.32552 0.35147 1.24778
1.37290 0.35147 1.26318
1.42028 0.35147 1.27857

-0.90115 0.37532 0.89321
-0.85377 0.37532 0.89321
-0.80639 0.37532 0.89321
-0.75902 0.37532 0.89321
-0.71164 0.37532 0.89321
-0.66427 0.37532 0.89321
-0.61689 0.37532 0.89321
-0.56951 0.37532 0.89321
-0.52214 0.37532 0.89321
-0.47476 0.37532 0.89321
-0.42739 0.37532 0.89321
-0.38001 0.37532 0.89321
-0.33263 0.37532 0.89321
-0.28526 0.37532 0.89321
-0.23788 0.37532 0.89321
-0.19051 0.37532 0.89321
-0.14313 0.37532 0.89321
-0.09575 0.37532 0.89321
-0.04838 0.37532 0.89321
-0.00100 0.37532 0.89321
0.04637 0.37532 0.89321
0.09375 0.37532 0.89321
0.14113 0.37532 0.89321
0.18850 0.37532 0.89321
0.23588 0.37532 0.89368
0.28325 0.37532 0.90908
0.33063 0.37532 0.92447
0.37800 0.37532 0.93987
0.42538 0.37532 0.95526
0.47276 0.37532 0.97066
0.52013 0.37532 0.98606
0.56751 0.37532 1.00145
0.61488 0.37532 1.01685
0.66226 0.37532 1.03224
0.70964 0.37532 1.04764
0.75701 0.37532 1.06303
0.80439 0.37532 1.07843
0.85176 0.37532 1.09383
0.89914 0.37532 1.10922
0.94652 0.37532 1.12462
0.99389 0.37532 1.14001
1.04127 0.37532 1.15541
1.08864 0.37532 1.17080
1.13602 0.37532 1.18620
1.18340 0.37532 1.20160
1.23077 0.37532 1.21699
1.27815 0.37532 1.23239
1.32552 0.37532 1.24778
1.37290 0.37532 1.26318
1.42028 0.37532 1.27857

-0.90115 0.39918 0.90637
-0.85377 0.39918 0.90637
-0.80639 0.39918 0.90637
-0.75902 0.39918 0.90637
-0.71164 0.39918 0.90637
-0.66427 0.39918 0.90637
-0.61689 0.39918 0.90637
-0.56951 0.39918 0.90637
-0.52214 0.39918 0.90637
-0.47476 0.39918 0.90637
-0.42739 0.39918 0.90637
-0.38001 0.39918 0.90637
-0.33263 0.39918 0.90637
-0.28526 0.39918 0.90637
-0.23788 0.39918 0.90637
-0.19051 0.39918 0.90637
-0.14313 0.39918 0.90637
-0.09575 0.39918 0.90637
-0.04838 0.39918 0.90637
-0.00100 0.39918 0.90637
0.04637 0.39918 0.90637
0.09375 0.39918 0.90637
0.14113 0.39918 0.90637
0.18850 0.39918 0.90637
0.23588 0.39918 0.90637
0.28325 0.39918 0.90908
0.33063 0.39918 0.92447
0.37800 0.39918 0.93987
0.42538 0.39918 0.95526
0.47276 0.39918 0.97066
0.52013 0.39918 0.98606
0.56751 0.39918 1.00145
0.61488 0.39918 1.01685
0.66226 0.39918 1.03224
0.70964 0.39918 1.04764
0.75701 0.39918 1.06303
0.80439 0.39918 1.07843
0.85176 0.39918 1.09383
0.89914 0.39918 1.10922
0.94652 0.39918 1.12462
0.99389 0.39918 1.14001
1.04127 0.39918 1.15541
1.08864 0.39918 1.17080
1.13602 0.39918 1.18620
1.18340 0.39918 1.20160
1.23077 0.39918 1.21699
1.27815 0.39918 1.23239
1.32552 0.39918 1.24778
1.37290 0.39918 1.26318
1.42028 0.39918 1.27857

-0.90115 0.42304 0.91952
-0.85377 0.42304 0.91952
-0.80639 0.42304 0.91952
-0.75902 0.42304 0.91952
-0.71164 0.42304 0.91952
-0.66427 0.42304 0.91952
-0.61689 0.42304 0.91952
-0.56951 0.42304 0.91952
-0.52214 0.42304 0.91952
-0.47476 0.42304 0.91952
-0.42739 0.42304 0.91952
-0.38001 0.42304 0.91952
-0.33263 0.42304 0.91952
-0.28526 0.42304 0.91952
-0.23788 0.42304 0.91952
-0.19051 0.42304 0.91952
-0.14313 0.42304 0.91952
-0.09575 0.42304 0.91952
-0.04838 0.42304 0.91952
-0.00100 0.42304 0.91952
0.04637 0.42304 0.91952
0.09375 0.42304 0.91952
0.14113 0.42304 0.91952
0.18850 0.42304 0.91952
0.23588 0.42304 0.91952
0.28325 0.42304 0.91952
0.33063 0.42304 0.92447
0.37800 0.42304 0.93987
0.42538 0.42304 0.95526
0.47276 0.42304 0.97066
0.52013 0.42304 0.98606
0.56751 0.42304 1.00145
0.61488 0.42304 1.01685
0.66226 0.42304 1.03224
0.70964 0.42304 1.04764
0.75701 0.42304 1.06303
0.80439 0.42304 1.07843
0.85176 0.42304 1.09383
0.89914 0.42304 1.10922
0.94652 0.42304 1.12462
0.99389 0.42304 1.14001
1.04127 0.42304 1.15541
1.08864 0.42304 1.17080
1.13602 0.42304 1.18620
1.18340 0.42304 1.20160
1.23077 0.42304 1.21699
1.27815 0.42304 1.23239
1.32552 0.42304 1.24778
1.37290 0.42304 1.26318
1.42028 0.42304 1.27857

-0.90115 0.44690 0.93268
-0.85377 0.44690 0.93268
-0.80639 0.44690 0.93268
-0.75902 0.44690 0.93268
-0.71164 0.44690 0.93268
-0.66427 0.44690 0.93268
-0.61689 0.44690 0.93268
-0.56951 0.44690 0.93268
-0.52214 0.44690 0.93268
-0.47476 0.44690 0.93268
-0.42739 0.44690 0.93268
-0.38001 0.44690 0.93268
-0.33263 0.44690 0.93268
-0.28526 0.44690 0.93268
-0.23788 0.44690 0.93268
-0.19051 0.44690 0.93268
-0.14313 0.44690 0.93268
-0.09575 0.44690 0.93268
-0.04838 0.44690 0.93268
-0.00100 0.44690 0.93268
0.04637 0.44690 0.93268
0.09375 0.44690 0.93268
0.14113 0.44690 0.93268
0.18850 0.44690 0.93268
0.23588 0.44690 0.93268
0.28325 0.44690 0.93268
0.33063 0.44690 0.93268
0.37800 0.44690 0.93987
0.42538 0.44690 0.95526
0.47276 0.44690 0.97066
0.52013 0.44690 0.98606
0.56751 0.44690 1.00145
0.61488 0.44690 1.01685
0.66226 0.44690 1.03224
0.70964 0.44690 1.04764
0.75701 0.44690 1.06303
0.80439 0.44690 1.07843
0.85176 0.44690 1.09383
0.89914 0.44690 1.10922
0.94652 0.44690 1.12462
0.99389 0.44690 1.14001
1.04127 0.44690 1.15541
1.08864 0.44690 1.17080
1.13602 0.44690 1.18620
1.18340 0.44690 1.20160
1.23077 0.44690 1.21699
1.27815 0.44690 1.23239
1.32552 0.44690 1.24778
1.37290 0.44690 1.26318
1.42028 0.44690 1.27857

-0.90115 0.47075 0.94584
-0.85377 0.47075 0.94584
-0.80639 0.47075 0.94584
-0.75902 0.47075 0.94584
-0.71164 0.47075 0.94584
-0.66427 0.47075 0.94584
-0.61689 0.47075 0.94584
-0.56951 0.47075 0.94584
-0.52214 0.47075 0.94584
-0.47476 0.47075 0.94584
-0.42739 0.47075 0.94584
-0.38001 0.47075 0.94584
-0.33263 0.47075 0.94584
-0.28526 0.47075 0.94584
-0.23788 0.47075 0.94584
-0.19051 0.47075 0.94584
-0.14313 0.47075 0.94584
-0.09575 0.47075 0.94584
-0.04838 0.47075 0.94584
-0.00100 0.47075 0.94584
0.04637 0.47075 0.94584
0.09375 0.47075 0.94584
0.14113 0.47075 0.94584
0.18850 0.47075 0.94584
0.23588 0.47075 0.94584
0.28325 0.47075 0.94584
0.33063 0.47075 0.93582
0.37800 0.47075 0.93987
0.42538 0.47075 0.95526
0.47276 0.47075 0.97066
0.52013 0.47075 0.98606
0.56751 0.47075 1.00145
0.61488 0.47075 1.01685
0.66226 0.47075 1.03224
0.70964 0.47075 1.04764
0.75701 0.47075 1.06303
0.80439 0.47075 1.07843
0.85176 0.47075 1.09383
0.89914 0.47075 1.10922
0.94652 0.47075 1.12462
0.99389 0.47075 1.14001
1.04127 0.47075 1.15541
1.08864 0.47075 1.17080
1.13602 0.47075 1.18620
1.18340 0.47075 1.20160
1.23077 0.47075 1.21699
1.27815 0.47075 1.23239
1.32552 0.47075 1.24778
1.37290 0.47075 1.26318
1.42028 0.47075 1.27857

-0.90115 0.49461 0.95899
-0.85377 0.49461 0.95899
-0.80639 0.49461 0.95899
-0.75902 0.49461 0.95899
-0.71164 0.49461 0.95899
-0.66427 0.49461 0.95899
-0.61689 0.49461 0.95899
-0.56951 0.49461 0.95899
-0.52214 0.49461 0.95899
-0.47476 0.49461 0.95899
-0.42739 0.49461 0.95899
-0.38001 0.49461 0.95899
-0.33263 0.49461 0.95899
-0.28526 0.49461 0.95899
-0.23788 0.49461 0.95899
-0.19051 0.49461 0.95899
-0.14313 0.49461 0.95899
-0.09575 0.49461 0.95899
-0.04838 0.49461 0.95899
-0.00100 0.49461 0.95899
0.04637 0.49461 0.95899
0.09375 0.49461 0.95899
0.14113 0.49461 0.95899
0.18850 0.49461 0.95899
0.23588 0.49461 0.95899
0.28325 0.49461 0.95899
0.33063 0.49461 0.93582
0.37800 0.49461 0.93987
0.42538 0.49461 0.95526
0.47276 0.49461 0.97066
0.52013 0.49461 0.98606
0.56751 0.49461 1.00145
0.61488 0.49461 1.01685
0.66226 0.49461 1.03224
0.70964 0.49461 1.04764
0.75701 0.49461 1.06303
0.80439 0.49461 1.07843
0.85176 0.49461 1.09383
0.89914 0.49461 1.10922
0.94652 0.49461 1.12462
0.99389 0.49461 1.14001
1.04127 0.49461 1.15541
1.08864 0.49461 1.17080
1.13602 0.49461 1.18620
1.18340 0.49461 1.20160
1.23077 0.49461 1.21699
1.27815 0.49461 1.23239
1.32552 0.49461 1.24778
1.37290 0.49461 1.26318
1.42028 0.49461 1.27857

-0.90115 0.51847 0.97215
-0.85377 0.51847 0.97215
-0.80639 0.51847 0.97215
-0.75902 0.51847 0.97215
-0.71164 0.51847 0.97215
-0.66427 0.51847 0.97215
-0.61689 0.51847 0.97215
-0.56951 0.51847 0.97215
-0.52214 0.51847 0.97215
-0.47476 0.51847 0.97215
-0.42739 0.51847 0.97215
-0.38001 0.51847 0.97215
-0.33263 0.51847 0.97215
-0.28526 0.51847 0.97215
-0.23788 0.51847 0.97215
-0.19051 0.51847 0.97215
-0.14313 0.51847 0.97215
-0.09575 0.51847 0.97215
-0.04838 0.51847 0.97215
-0.00100 0.51847 0.97215
0.04637 0.51847 0.97215
0.09375 0.51847 0.97215
0.14113 0.51847 0.97215
0.18850 0.51847 0.97215
0.23588 0.51847 0.97215
0.28325 0.51847 0.96079
0.33063 0.51847 0.93582
0.37800 0.51847 0.93987
0.42538 0.51847 0.95526
0.47276 0.51847 0.97066
0.52013 0.51847 0.98606
0.56751 0.51847 1.00145
0.61488 0.51847 1.01685
0.66226 0.51847 1.03224
0.70964 0.51847 1.04764
0.75701 0.51847 1.06303
0.80439 0.51847 1.07843
0.85176 0.51847 1.09383
0.89914 0.51847 1.10922
0.94652 0.51847 1.12462
0.99389 0.51847 1.14001
1.04127 0.51847 1.15541
1.08864 0.51847 1.17080
1.13602 0.51847 1.18620
1.18340 0.51847 1.20160
1.23077 0.51847 1.21699
1.27815 0.51847 1.23239
1.32552 0.51847 1.24778
1.37290 0.51847 1.26318
1.42028 0.51847 1.27857

-0.90115 0.54233 0.98531
-0.85377 0.54233 0.98531
-0.80639 0.54233 0.98531
-0.75902 0.54233 0.98531
-0.71164 0.54233 0.98531
-0.66427 0.54233 0.98531
-0.61689 0.54233 0.98531
-0.56951 0.54233 0.98531
-0.52214 0.54233 0.98531
-0.47476 0.54233 0.98531
-0.42739 0.54233 0.98531
-0.38001 0.54233 0.98531
-0.33263 0.54233 0.98531
-0.28526 0.54233 0.98531
-0.23788 0.54233 0.98531
-0.19051 0.54233 0.98531
-0.14313 0.54233 0.98531
-0.09575 0.54233 0.98531
-0.04838 0.54233 0.98531
-0.00100 0.54233 0.98531
0.04637 0.54233 0.98531
0.09375 0.54233 0.98531
0.14113 0.54233 0.98531
0.18850 0.54233 0.98531
0.23588 0.54233 0.98531
0.28325 0.54233 0.96079
0.33063 0.54233 0.93582
0.37800 0.54233 0.93987
0.42538 0.54233 0.95526
0.47276 0.54233 0.97066
0.52013 0.54233 0.98606
0.56751 0.54233 1.00145
0.61488 0.54233 1.01685
0.66226 0.54233 1.03224
0.70964 0.54233 1.04764
0.75701 0.54233 1.06303
0.80439 0.54233 1.07843
0.85176 0.54233 1.09383
0.89914 0.54233 1.10922
0.94652 0.54233 1.12462
0.99389 0.54233 1.14001
1.04127 0.54233 1.15541
1.08864 0.54233 1.17080
1.13602 0.54233 1.18620
1.18340 0.54233 1.20160
1.23077 0.54233 1.21699
1.27815 0.54233 1.23239
1.32552 0.54233 1.24778
1.37290 0.54233 1.26318
1.42028 0.54233 1.27857

-0.90115 0.56619 0.99847
-0.85377 0.56619 0.99847
-0.80639 0.56619 0.99847
-0.75902 0.56619 0.99847
-0.71164 0.56619 0.99847
-0.66427 0.56619 0.99847
-0.61689 0.56619 0.99847
-0.56951 0.56619 0.99847
-0.52214 0.56619 0.99847
-0.47476 0.56619 0.99847
-0.42739 0.56619 0.99847
-0.38001 0.56619 0.99847
-0.33263 0.56619 0.99847
-0.28526 0.56619 0.99847
-0.23788 0.56619 0.99847
-0.19051 0.56619 0.99847
-0.14313 0.56619 0.99847
-0.09575 0.56619 0.99847
-0.04838 0.56619 0.99847
-0.00100 0.56619 0.99847
0.04637 0.56619 0.99847
0.09375 0.56619 0.99847
0.14113 0.56619 0.99847
0.18850 0.56619 0.99847
0.23588 0.56619 0.98576
0.28325 0.56619 0.96079
0.33063 0.56619 0.93582
0.37800 0.56619 0.93987
0.42538 0.56619 0.95526
0.47276 0.56619 0.97066
0.52013 0.56619 0.98606
0.56751 0.56619 1.00145
0.61488 0.56619 1.01685
0.66226 0.56619 1.03224
0.70964 0.56619 1.04764
0.75701 0.56619 1.06303
0.80439 0.56619 1.07843
0.85176 0.56619 1.09383
0.89914 0.56619 1.10922
0.94652 0.56619 1.12462
0.99389 0.56619 1.14001
1.04127 0.56619 1.15541
1.08864 0.56619 1.17080
1.13602 0.56619 1.18620
1.18340 0.56619 1.20160
1.23077 0.56619 1.21699
1.27815 0.56619 1.23239
1.32552 0.56619 1.24778
1.37290 0.56619 1.26318
1.42028 0.56619 1.27857

-0.90115 0.59004 1.01162
-0.85377 0.59004 1.01162
-0.80639 0.59004 1.01162
-0.75902 0.59004 1.01162
-0.71164 0.59004 1.01162
-0.66427 0.59004 1.01162
-0.61689 0.59004 1.01162
-0.56951 0.59004 1.01162
-0.52214 0.59004 1.01162
-0.47476 0.59004 1.01162
-0.42739 0.59004 1.01162
-0.38001 0.59004 1.01162
-0.33263 0.59004 1.01162
-0.28526 0.59004 1.01162
-0.23788 0.59004 1.01162
-0.19051 0.59004 1.01162
-0.14313 0.59004 1.01162
-0.09575 0.59004 1.01162
-0.04838 0.59004 1.01162
-0.00100 0.59004 1.01162
0.04637 0.59004 1.01162
0.09375 0.59004 1.01162
0.14113 0.59004 1.01162
0.18850 0.59004 1.01073
0.23588 0.59004 0.98576
0.28325 0.59004 0.96079
0.33063 0.59004 0.93582
0.37800 0.59004 0.93987
0.42538 0.59004 0.95526
0.47276 0.59004 0.97066
0.52013 0.59004 0.98606
0.56751 0.59004 1.00145
0.61488 0.59004 1.01685
0.66226 0.59004 1.03224
0.70964 0.59004 1.04764
0.75701 0.59004 1.06303
0.80439 0.59004 1.07843
0.85176 0.59004 1.09383
0.89914 0.59004 1.10922
0.94652 0.59004 1.12462
0.99389 0.59004 1.14001
1.04127 0.59004 1.15541
1.08864 0.59004 1.17080
1.13602 0.59004 1.18620
1.18340 0.59004 1.20160
1.23077 0.59004 1.21699
1.27815 0.59004 1.23239
1.32552 0.59004 1.24778
1.37290 0.59004 1.26318
1.42028 0.59004 1.27857

-0.90115 0.61390 1.02478
-0.85377 0.61390 1.02478
-0.80639 0.61390 1.02478
-0.75902 0.61390 1.02478
-0.71164 0.61390 1.02478
-0.66427 0.61390 1.02478
-0.61689 0.61390 1.02478
-0.56951 0.61390 1.02478
-0.52214 0.61390 1.02478
-0.47476 0.61390 1.02478
-0.42739 0.61390 1.02478
-0.38001 0.61390 1.02478
-0.33263 0.61390 1.02478
-0.28526 0.61390 1.02478
-0.23788 0.61390 1.02478
-0.19051 0.61390 1.02478
-0.14313 0.61390 1.02478
-0.09575 0.61390 1.02478
-0.04838 0.61390 1.02478
-0.00100 0.61390 1.02478
0.04637 0.61390 1.02478
0.09375 0.61390 1.02478
0.14113 0.61390 1.02478
0.18850 0.61390 1.01073
0.23588 0.61390 0.98576
0.28325 0.61390 0.96079
0.33063 0.61390 0.93582
0.37800 0.61390 0.93987
0.42538 0.61390 0.95526
0.47276 0.61390 0.97066
0.52013 0.61390 0.98606
0.56751 0.61390 1.00145
0.61488 0.61390 1.01685
0.66226 0.61390 1.03224
0.70964 0.61390 1.04764
0.75701 0.61390 1.06303
0.80439 0.61390 1.07843
0.85176 0.61390 1.09383
0.89914 0.61390 1.10922
0.94652 0.61390 1.12462
0.99389 0.61390 1.14001
1.04127 0.61390 1.15541
1.08864 0.61390 1.17080
1.13602 0.61390 1.18620
1.18340 0.61390 1.20160
1.23077 0.61390 1.21699
1.27815 0.61390 1.23239
1.32552 0.61390 1.24778
1.37290 0.61390 1.26318
1.42028 0.61390 1.27857

-0.90115 0.63776 1.03794
-0.85377 0.63776 1.03794
-0.80639 0.63776 1.03794
-0.75902 0.63776 1.03794
-0.71164 0.63776 1.03794
-0.66427 0.63776 1.03794
-0.61689 0.63776 1.03794
-0.56951 0.63776 1.03794
-0.52214 0.63776 1.03794
-0.47476 0.63776 1.03794
-0.42739 0.63776 1.03794
-0.38001 0.63776 1.03794
-0.33263 0.63776 1.03794
-0.28526 0.63776 1.03794
-0.23788 0.63776 1.03794
-0.19051 0.63776 1.03794
-0.14313 0.63776 1.03794
-0.09575 0.63776 1.03794
-0.04838 0.63776 1.03794
-0.00100 0.63776 1.03794
0.04637 0.63776 1.03794
0.09375 0.63776 1.03794
0.14113 0.63776 1.03570
0.18850 0.63776 1.01073
0.23588 0.63776 0.98576
0.28325 0.63776 0.96079
0.33063 0.63776 0.93582
0.37800 0.63776 0.93987
0.42538 0.63776 0.95526
0.47276 0.63776 0.97066
0.52013 0.63776 0.98606
0.56751 0.63776 1.00145
0.61488 0.63776 1.01685
0.66226 0.63776 1.03224
0.70964 0.63776 1.04764
0.75701 0.63776 1.06303
0.80439 0.63776 1.07843
0.85176 0.63776 1.09383
0.89914 0.63776 1.10922
0.94652 0.63776 1.12462
0.99389 0.63776 1.14001
1.04127 0.63776 1.15541
1.08864 0.63776 1.17080
1.13602 0.63776 1.18620
1.18340 0.63776 1.20160
1.23077 0.63776 1.21699
1.27815 0.63776 1.23239
1.32552 0.63776 1.24778
1.37290 0.63776 1.26318
1.42028 0.63776 1.27857

-0.90115 0.66162 1.05109
-0.85377 0.66162 1.05109
-0.80639 0.66162 1.05109
-0.75902 0.66162 1.05109
-0.71164 0.66162 1.05109
-0.66427 0.66162 1.05109
-0.61689 0.66162 1.05109
-0.56951 0.66162 1.05109
-0.52214 0.66162 1.05109
-0.47476 0.66162 1.05109
-0.42739 0.66162 1.05109
-0.38001 0.66162 1.05109
-0.33263 0.66162 1.05109
-0.28526 0.66162 1.05109
-0.23788 0.66162 1.05109
-0.19051 0.66162 1.05109
-0.14313 0.66162 1.05109
-0.09575 0.66162 1.05109
-0.04838 0.66162 1.05109
-0.00100 0.66162 1.05109
0.04637 0.66162 1.05109
0.09375 0.66162 1.05109
0.14113 0.66162 1.03570
0.18850 0.66162 1.01073
0.23588 0.66162 0.98576
0.28325 0.66162 0.96079
0.33063 0.66162 0.93582
0.37800 0.66162 0.93987
0.42538 0.66162 0.95526
0.47276 0.66162 0.97066
0.52013 0.66162 0.98606
0.56751 0.66162 1.00145
0.61488 0.66162 1.01685
0.66226 0.66162 1.03224
0.70964 0.66162 1.04764
0.75701 0.66162 1.06303
0.80439 0.66162 1.07843
0.85176 0.66162 1.09383
0.89914 0.66162 1.10922
0.94652 0.66162 1.12462
0.99389 0.66162 1.14001
1.04127 0.66162 1.15541
1.08864 0.66162 1.17080
1.13602 0.66162 1.18620
1.18340 0.66162 1.20160
1.23077 0.66162 1.21699
1.27815 0.66162 1.23239
1.32552 0.66162 1.24778
1.37290 0.66162 1.26318
1.42028 0.66162 1.27857

-0.90115 0.68547 1.06425
-0.85377 0.68547 1.06425
-0.80639 0.68547 1.06425
-0.75902 0.68547 1.06425
-0.71164 0.68547 1.06425
-0.66427 0.68547 1.06425
-0.61689 0.68547 1.06425
-0.56951 0.68547 1.06425
-0.52214 0.68547 1.06425
-0.47476 0.68547 1.06425
-0.42739 0.68547 1.06425
-0.38001 0.68547 1.06425
-0.33263 0.68547 1.06425
-0.28526 0.68547 1.06425
-0.23788 0.68547 1.06425
-0.19051 0.68547 1.06425
-0.14313 0.68547 1.06425
-0.09575 0.68547 1.06425
-0.04838 0.68547 1.06425
-0.00100 0.68547 1.06425
0.04637 0.68547 1.06425
0.09375 0.68547 1.06066
0.14113 0.68547 1.03570
0.18850 0.68547 1.01073
0.23588 0.68547 0.98576
0.28325 0.68547 0.96079
0.33063 0.68547 0.93582
0.37800 0.68547 0.93987
0.42538 0.68547 0.95526
0.47276 0.68547 0.97066
0.52013 0.68547 0.98606
0.56751 0.68547 1.00145
0.61488 0.68547 1.01685
0.66226 0.68547 1.03224
0.70964 0.68547 1.04764
0.75701 0.68547 1.06303
0.80439 0.68547 1.07843
0.85176 0.68547 1.09383
0.89914 0.68547 1.10922
0.94652 0.68547 1.12462
0.99389 0.68547 1.14001
1.04127 0.68547 1.15541
1.08864 0.68547 1.17080
1.13602 0.68547 1.18620
1.18340 0.68547 1.20160
1.23077 0.68547 1.21699
1.27815 0.68547 1.23239
1.32552 0.68547 1.24778
1.37290 0.68547 1.26318
1.42028 0.68547 1.27857

-0.90115 0.70933 1.07741
-0.85377 0.70933 1.07741
-0.80639 0.70933 1.07741
-0.75902 0.70933 1.07741
-0.71164 0.70933 1.07741
-0.66427 0.70933 1.07741
-0.61689 0.70933 1.07741
-0.56951 0.70933 1.07741
-0.52214 0.70933 1.07741
-0.47476 0.70933 1.07741
-0.42739 0.70933 1.07741
-0.38001 0.70933 1.07741
-0.33263 0.70933 1.07741
-0.28526 0.70933 1.07741
-0.23788 0.70933 1.07741
-0.19051 0.70933 1.07741
-0.14313 0.70933 1.07741
-0.09575 0.70933 1.07741
-0.04838 0.70933 1.07741
-0.00100 0.70933 1.07741
0.04637 0.70933 1.07741
0.09375 0.70933 1.06066
0.14113 0.70933 1.03570
0.18850 0.70933 1.01073
0.23588 0.70933 0.98576
0.28325 0.70933 0.96079
0.33063 0.70933 0.93582
0.37800 0.70933 0.93987
0.42538 0.70933 0.95526
0.47276 0.70933 0.97066
0.52013 0.70933 0.98606
0.56751 0.70933 1.00145
0.61488 0.70933 1.01685
0.66226 0.70933 1.03224
0.70964 0.70933 1.04764
0.75701 0.70933 1.06303
0.80439 0.70933 1.07843
0.85176 0.70933 1.09383
0.89914 0.70933 1.10922
0.94652 0.70933 1.12462
0.99389 0.70933 1.14001
1.04127 0.70933 1.15541
1.08864 0.70933 1.17080
1.13602 0.70933 1.18620
1.18340 0.70933 1.20160
1.23077 0.70933 1.21699
1.27815 0.70933 1.23239
1.32552 0.70933 1.24778
1.37290 0.70933 1.26318
1.42028 0.70933 1.27857

-0.90115 0.73319 1.09057
-0.85377 0.73319 1.09057
-0.80639 0.73319 1.09057
-0.75902 0.73319 1.09057
-0.71164 0.73319 1.09057
-0.66427 0.73319 1.09057
-0.61689 0.73319 1.09057
-0.56951 0.73319 1.09057
-0.52214 0.73319 1.09057
-0.47476 0.73319 1.09057
-0.42739 0.73319 1.09057
-0.38001 0.73319 1.09057
-0.33263 0.73319 1.09057
-0.28526 0.73319 1.09057
-0.23788 0.73319 1.09057
-0.19051 0.73319 1.09057
-0.14313 0.73319 1.09057
-0.09575 0.73319 1.09057
-0.04838 0.73319 1.09057
-0.00100 0.73319 1.09057
0.04637 0.73319 1.08563
0.09375 0.73319 1.06066
0.14113 0.73319 1.03570
0.18850 0.73319 1.01073
0.23588 0.73319 0.98576
0.28325 0.73319 0.96079
0.33063 0.73319 0.93582
0.37800 0.73319 0.93987
0.42538 0.73319 0.95526
0.47276 0.73319 0.97066
0.52013 0.73319 0.98606
0.56751 0.73319 1.00145
0.61488 0.73319 1.01685
0.66226 0.73319 1.03224
0.70964 0.73319 1.04764
0.75701 0.73319 1.06303
0.80439 0.73319 1.07843
0.85176 0.73319 1.09383
0.89914 0.73319 1.10922
0.94652 0.73319 1.12462
0.99389 0.73319 1.14001
1.04127 0.73319 1.15541
1.08864 0.73319 1.17080
1.13602 0.73319 1.18620
1.18340 0.73319 1.20160
1.23077 0.73319 1.21699
1.27815 0.73319 1.23239
1.32552 0.73319 1.24778
1.37290 0.73319 1.26318
1.42028 0.73319 1.27857

-0.90115 0.75705 1.10372
-0.85377 0.75705 1.10372
-0.80639 0.75705 1.10372
-0.75902 0.75705 1.10372
-0.71164 0.75705 1.10372
-0.66427 0.75705 1.10372
-0.61689 0.75705 1.10372
-0.56951 0.75705 1.10372
-0.52214 0.75705 1.10372
-0.47476 0.75705 1.10372
-0.42739 0.75705 1.10372
-0.38001 0.75705 1.10372
-0.33263 0.75705 1.10372
-0.28526 0.75705 1.10372
-0.23788 0.75705 1.10372
-0.19051 0.75705 1.10372
-0.14313 0.75705 1.10372
-0.09575 0.75705 1.10372
-0.04838 0.75705 1.10372
-0.00100 0.75705 1.10372
0.04637 0.75705 1.08563
0.09375 0.75705 1.06066
0.14113 0.75705 1.03570
0.18850 0.75705 1.01073
0.23588 0.75705 0.98576
0.28325 0.75705 0.96079
0.33063 0.75705 0.93582
0.37800 0.75705 0.93987
0.42538 0.75705 0.95526
0.47276 0.75705 0.97066
0.52013 0.75705 0.98606
0.56751 0.75705 1.00145
0.61488 0.75705 1.01685
0.66226 0.75705 1.03224
0.70964 0.75705 1.04764
0.75701 0.75705 1.06303
0.80439 0.75705 1.07843
0.85176 0.75705 1.09383
0.89914 0.75705 1.10922
0.94652 0.75705 1.12462
0.99389 0.75705 1.14001
1.04127 0.75705 1.15541
1.08864 0.75705 1.17080
1.13602 0.75705 1.18620
1.18340 0.75705 1.20160
1.23077 0.75705 1.21699
1.27815 0.75705 1.23239
1.32552 0.75705 1.24778
1.37290 0.75705 1.26318
1.42028 0.75705 1.27857

-0.90115 0.78091 1.11688
-0.85377 0.78091 1.11688
-0.80639 0.78091 1.11688
-0.75902 0.78091 1.11688
-0.71164 0.78091 1.11688
-0.66427 0.78091 1.11688
-0.61689 0.78091 1.11688
-0.56951 0.78091 1.11688
-0.52214 0.78091 1.11688
-0.47476 0.78091 1.11688
-0.42739 0.78091 1.11688
-0.38001 0.78091 1.11688
-0.33263 0.78091 1.11688
-0.28526 0.78091 1.11688
-0.23788 0.78091 1.11688
-0.19051 0.78091 1.11688
-0.14313 0.78091 1.11688
-0.09575 0.78091 1.11688
-0.04838 0.78091 1.11688
-0.00100 0.78091 1.11060
0.04637 0.78091 1.08563
0.09375 0.78091 1.06066
0.14113 0.78091 1.03570
0.18850 0.78091 1.01073
0.23588 0.78091 0.98576
0.28325 0.78091 0.96079
0.33063 0.78091 0.93582
0.37800 0.78091 0.93987
0.42538 0.78091 0.95526
0.47276 0.78091 0.97066
0.52013 0.78091 0.98606
0.56751 0.78091 1.00145
0.61488 0.78091 1.01685
0.66226 0.78091 1.03224
0.70964 0.78091 1.04764
0.75701 0.78091 1.06303
0.80439 0.78091 1.07843
0.85176 0.78091 1.09383
0.89914 0.78091 1.10922
0.94652 0.78091 1.12462
0.99389 0.78091 1.14001
1.04127 0.78091 1.15541
1.08864 0.78091 1.17080
1.13602 0.78091 1.18620
1.18340 0.78091 1.20160
1.23077 0.78091 1.21699
1.27815 0.78091 1.23239
1.32552 0.78091 1.24778
1.37290 0.78091 1.26318
1.42028 0.78091 1.27857

-0.90115 0.80476 1.13004
-0.85377 0.80476 1.13004
-0.80639 0.80476 1.13004
-0.75902 0.80476 1.13004
-0.71164 0.80476 1.13004
-0.66427 0.80476 1.13004
-0.61689 0.80476 1.13004
-0.56951 0.80476 1.13004
-0.52214 0.80476 1.13004
-0.47476 0.80476 1.13004
-0.42739 0.80476 1.13004
-0.38001 0.80476 1.13004
-0.33263 0.80476 1.13004
-0.28526 0.80476 1.13004
-0.23788 0.80476 1.13004
-0.19051 0.80476 1.13004
-0.14313 0.80476 1.13004
-0.09575 0.80476 1.13004
-0.04838 0.80476 1.13004
-0.00100 0.80476 1.11060
0.04637 0.80476 1.08563
0.09375 0.80476 1.06066
0.14113 0.80476 1.03570
0.18850 0.80476 1.01073
0.23588 0.80476 0.98576
0.28325 0.80476 0.96079
0.33063 0.80476 0.93582
0.37800 0.80476 0.93987
0.42538 0.80476 0.95526
0.47276 0.80476 0.97066
0.52013 0.80476 0.98606
0.56751 0.80476 1.00145
0.61488 0.80476 1.01685
0.66226 0.80476 1.03224
0.70964 0.80476 1.04764
0.75701 0.80476 1.06303
0.80439 0.80476 1.07843
0.85176 0.80476 1.09383
0.89914 0.80476 1.10922
0.94652 0.80476 1.12462
0.99389 0.80476 1.14001
1.04127 0.80476 1.15541
1.08864 0.80476 1.17080
1.13602 0.80476 1.18620
1.18340 0.80476 1.20160
1.23077 0.80476 1.21699
1.27815 0.80476 1.23239
1.32552 0.80476 1.24778
1.37290 0.80476 1.26318
1.42028 0.80476 1.27857

-0.90115 0.82862 1.14320
-0.85377 0.82862 1.14320
-0.80639 0.82862 1.14320
-0.75902 0.82862 1.14320
-0.71164 0.82862 1.14320
-0.66427 0.82862 1.14320
-0.61689 0.82862 1.14320
-0.56951 0.82862 1.14320
-0.52214 0.82862 1.14320
-0.47476 0.82862 1.14320
-0.42739 0.82862 1.14320
-0.38001 0.82862 1.14320
-0.33263 0.82862 1.14320
-0.28526 0.82862 1.14320
-0.23788 0.82862 1.14320
-0.19051 0.82862 1.14320
-0.14313 0.82862 1.14320
-0.09575 0.82862 1.14320
-0.04838 0.82862 1.13557
-0.00100 0.82862 1.11060
0.04637 0.82862 1.08563
0.09375 0.82862 1.06066
0.14113 0.82862 1.03570
0.18850 0.82862 1.01073
0.23588 0.82862 0.98576
0.28325 0.82862 0.96079
0.33063 0.82862 0.93582
0.37800 0.82862 0.93987
0.42538 0.82862 0.95526
0.47276 0.82862 0.97066
0.52013 0.82862 0.98606
0.56751 0.82862 1.00145
0.61488 0.82862 1.01685
0.66226 0.82862 1.03224
0.70964 0.82862 1.04764
0.75701 0.82862 1.06303
0.80439 0.82862 1.07843
0.85176 0.82862 1.09383
0.89914 0.82862 1.10922
0.94652 0.82862 1.12462
0.99389 0.82862 1.14001
1.04127 0.82862 1.15541
1.08864 0.82862 1.17080
1.13602 0.82862 1.18620
1.18340 0.82862 1.20160
1.23077 0.82862 1.21699
1.27815 0.82862 1.23239
1.32552 0.82862 1.24778
1.37290 0.82862 1.26318
1.42028 0.82862 1.27857

-0.90115 0.85248 1.15635
-0.85377 0.85248 1.15635
-0.80639 0.85248 1.15635
-0.75902 0.85248 1.15635
-0.71164 0.85248 1.15635
-0.66427 0.85248 1.15635
-0.61689 0.85248 1.15635
-0.56951 0.85248 1.15635
-0.52214 0.85248 1.15635
-0.47476 0.85248 1.15635
-0.42739 0.85248 1.15635
-0.38001 0.85248 1.15635
-0.33263 0.85248 1.15635
-0.28526 0.85248 1.15635
-0.23788 0.85248 1.15635
-0.19051 0.85248 1.15635
-0.14313 0.85248 1.15635
-0.09575 0.85248 1.15635
-0.04838 0.85248 1.13557
-0.00100 0.85248 1.11060
0.04637 0.85248 1.08563
0.09375 0.85248 1.06066
0.14113 0.85248 1.03570
0.18850 0.85248 1.01073
0.23588 0.85248 0.98576
0.28325 0.85248 0.96079
0.33063 0.85248 0.93582
0.37800 0.85248 0.93987
0.42538 0.85248 0.95526
0.47276 0.85248 0.97066
0.52013 0.85248 0.98606
0.56751 0.85248 1.00145
0.61488 0.85248 1.01685
0.66226 0.85248 1.03224
0.70964 0.85248 1.04764
0.75701 0.85248 1.06303
0.80439 0.85248 1.07843
0.85176 0.85248 1.09383
0.89914 0.85248 1.10922
0.94652 0.85248 1.12462
0.99389 0.85248 1.14001
1.04127 0.85248 1.15541
1.08864 0.85248 1.17080
1.13602 0.85248 1.18620
1.18340 0.85248 1.20160
1.23077 0.85248 1.21699
1.27815 0.85248 1.23239
1.32552 0.85248 1.24778
1.37290 0.85248 1.26318
1.42028 0.85248 1.27857
