0.23592 0.27586 0.39449
0.23968 0.27860 0.40225
0.24344 0.28134 0.41000
0.24720 0.28410 0.41777
0.25095 0.28686 0.42554
0.25470 0.28963 0.43331
0.25844 0.29240 0.44109
0.26219 0.29518 0.44887
0.26593 0.29796 0.45666
0.26967 0.30075 0.46445
0.27341 0.30355 0.47224
0.27715 0.30635 0.48003
0.28088 0.30915 0.48783
0.28462 0.31195 0.49563
0.28835 0.31476 0.50343
0.29208 0.31757 0.51123
0.29581 0.32039 0.51904
0.29954 0.32320 0.52685
0.30327 0.32602 0.53466
0.30700 0.32884 0.54247
0.31073 0.33166 0.55028
0.31445 0.33448 0.55809
0.31818 0.33731 0.56590
0.32191 0.34013 0.57371
0.32563 0.34296 0.58153
0.32936 0.34579 0.58934
0.33308 0.34862 0.59716
0.33681 0.35145 0.60498
0.34053 0.35427 0.61279
0.34426 0.35710 0.62061
0.34798 0.35993 0.62842
0.35171 0.36276 0.63624
0.35543 0.36559 0.64405
0.35916 0.36842 0.65187
0.36288 0.37125 0.65969
0.36661 0.37407 0.66750
0.37033 0.37690 0.67531
0.37406 0.37972 0.68313
0.37779 0.38255 0.69094
0.38151 0.38537 0.69875
0.38524 0.38819 0.70656
0.38897 0.39101 0.71437
0.39270 0.39382 0.72218
0.39643 0.39664 0.72998
0.40016 0.39945 0.73779
0.40389 0.40226 0.74559
0.40763 0.40507 0.75339
0.41136 0.40788 0.76119
0.41509 0.41068 0.76899
0.41883 0.41348 0.77679
0.42257 0.41628 0.78458
0.42631 0.41908 0.79238
0.43005 0.42187 0.80017
0.43379 0.42466 0.80795
0.43753 0.42744 0.81574
0.44127 0.43022 0.82352
0.44502 0.43300 0.83130
0.44877 0.43577 0.83908
0.45251 0.43854 0.84685
0.45626 0.44130 0.85463
0.46002 0.44406 0.86239
0.46377 0.44682 0.87016
0.46753 0.44957 0.87792
0.47129 0.45231 0.88568
0.47505 0.45505 0.89343
0.47881 0.45779 0.90118
0.48257 0.46052 0.90893
0.48634 0.46324 0.91667
0.49011 0.46596 0.92441
0.49388 0.46867 0.93215
0.49766 0.47137 0.93988
0.50143 0.47407 0.94760
0.50521 0.47676 0.95532
0.50900 0.47944 0.96304
0.51278 0.48212 0.97075
0.51657 0.48478 0.97845
0.52036 0.48744 0.98615
0.52416 0.49009 0.99385
0.52796 0.49274 1.00153
0.53176 0.49537 1.00922
0.53557 0.49800 1.01689
0.53938 0.50061 1.02456
0.54319 0.50322 1.03222
0.54701 0.50582 1.03988
0.55083 0.50840 1.04753
0.55466 0.51098 1.05517
0.55849 0.51354 1.06280
0.56232 0.51610 1.07043
0.56616 0.51864 1.07805
0.57000 0.52117 1.08566
0.57385 0.52368 1.09326
0.57771 0.52619 1.10085
0.58157 0.52868 1.10843
0.58543 0.53116 1.11601
0.58930 0.53362 1.12357
0.59318 0.53607 1.13112
0.59706 0.53850 1.13867
0.60095 0.54092 1.14620
0.60485 0.54332 1.15372
0.60875 0.54570 1.16123
0.61266 0.54807 1.16873
0.61658 0.55042 1.17621
0.62050 0.55275 1.18368
0.62443 0.55506 1.19114
0.62837 0.55735 1.19859
0.63232 0.55962 1.20602
0.63627 0.56187 1.21344
0.64024 0.56410 1.22084
0.64421 0.56631 1.22823
0.64819 0.56849 1.23560
0.65219 0.57065 1.24295
0.65619 0.57278 1.25029
0.66020 0.57489 1.25761
0.66423 0.57697 1.26491
0.66826 0.57902 1.27219
0.67230 0.58105 1.27945
0.67636 0.58304 1.28669
0.68043 0.58501 1.29391
0.68451 0.58695 1.30111
0.68861 0.58885 1.30829
0.69272 0.59070 1.31543
0.69686 0.59249 1.32254
0.70102 0.59424 1.32961
0.70520 0.59593 1.33664
0.70940 0.59756 1.34363
0.71363 0.59913 1.35058
0.71788 0.60065 1.35749
0.72215 0.60210 1.36436
0.72645 0.60349 1.37118
0.73077 0.60482 1.37797
0.73512 0.60609 1.38471
0.73949 0.60730 1.39141
0.74389 0.60844 1.39806
0.74831 0.60953 1.40467
0.75275 0.61055 1.41125
0.75722 0.61151 1.41778
0.76172 0.61242 1.42427
0.76623 0.61327 1.43072
0.77077 0.61406 1.43713
0.77533 0.61480 1.44351
0.77991 0.61549 1.44985
0.78450 0.61613 1.45616
0.78912 0.61673 1.46243
0.79375 0.61728 1.46868
0.79840 0.61779 1.47490
0.80307 0.61826 1.48109
0.80775 0.61869 1.48726
0.81245 0.61909 1.49340
0.81715 0.61946 1.49952
0.82187 0.61980 1.50562
0.82660 0.62011 1.51170
0.83134 0.62039 1.51776
0.83609 0.62065 1.52381
0.84085 0.62089 1.52984
0.84562 0.62111 1.53585
0.85039 0.62131 1.54186
0.85517 0.62149 1.54785
0.85996 0.62166 1.55383
0.86475 0.62181 1.55980
0.86955 0.62195 1.56577
0.87435 0.62208 1.57172
0.87916 0.62219 1.57767
0.88397 0.62230 1.58361
0.88879 0.62240 1.58954
0.89361 0.62248 1.59547
0.89843 0.62256 1.60139
0.90325 0.62264 1.60731
0.90808 0.62270 1.61322
0.91291 0.62277 1.61913
0.91774 0.62282 1.62503
0.92258 0.62287 1.63094
0.92741 0.62292 1.63683
0.93225 0.62296 1.64273
0.93709 0.62300 1.64862
0.94193 0.62304 1.65452
0.94677 0.62307 1.66041
0.95161 0.62310 1.66629
0.95645 0.62313 1.67218
0.96129 0.62316 1.67807
0.96614 0.62318 1.68395
0.97098 0.62321 1.68983
0.97583 0.62323 1.69571
0.98067 0.62325 1.70160
0.98552 0.62327 1.70748
0.99036 0.62329 1.71336
0.99521 0.62331 1.71924
1.00006 0.62333 1.72511
1.00491 0.62334 1.73099
1.00976 0.62335 1.73687
1.01461 0.62336 1.74274
1.01946 0.62337 1.74861
1.02431 0.62337 1.75448
1.02916 0.62338 1.76035
1.03401 0.62338 1.76622
1.03887 0.62338 1.77209
1.04372 0.62338 1.77795
1.04857 0.62338 1.78382
1.05343 0.62338 1.78969
1.05828 0.62339 1.79555
1.06314 0.62339 1.80142
1.06799 0.62339 1.80729
