-2.00 8.902971e-01
-1.99 8.866514e-01
-1.98 8.827642e-01
-1.97 8.786586e-01
-1.96 8.743571e-01
-1.95 8.698809e-01
-1.94 8.652496e-01
-1.93 8.604812e-01
-1.92 8.555917e-01
-1.91 8.505953e-01
-1.90 8.455047e-01
-1.89 8.403308e-01
-1.88 8.350834e-01
-1.87 8.297707e-01
-1.86 8.244001e-01
-1.85 8.189778e-01
-1.84 8.135095e-01
-1.83 8.079997e-01
-1.82 8.024528e-01
-1.81 7.968723e-01
-1.80 7.912613e-01
-1.79 7.856227e-01
-1.78 7.799588e-01
-1.77 7.742718e-01
-1.76 7.685637e-01
-1.75 7.628360e-01
-1.74 7.570904e-01
-1.73 7.513282e-01
-1.72 7.455507e-01
-1.71 7.397589e-01
-1.70 7.339538e-01
-1.69 7.281365e-01
-1.68 7.223078e-01
-1.67 7.164684e-01
-1.66 7.106191e-01
-1.65 7.047606e-01
-1.64 6.988936e-01
-1.63 6.930186e-01
-1.62 6.871363e-01
-1.61 6.812472e-01
-1.60 6.753517e-01
-1.59 6.694505e-01
-1.58 6.635439e-01
-1.57 6.576325e-01
-1.56 6.517166e-01
-1.55 6.457968e-01
-1.54 6.398733e-01
-1.53 6.339466e-01
-1.52 6.280171e-01
-1.51 6.220851e-01
-1.50 6.161511e-01
-1.49 6.102153e-01
-1.48 6.042782e-01
-1.47 5.983400e-01
-1.46 5.924011e-01
-1.45 5.864619e-01
-1.44 5.805226e-01
-1.43 5.745835e-01
-1.42 5.686451e-01
-1.41 5.627075e-01
-1.40 5.567711e-01
-1.39 5.508363e-01
-1.38 5.449033e-01
-1.37 5.389724e-01
-1.36 5.330439e-01
-1.35 5.271181e-01
-1.34 5.211954e-01
-1.33 5.152759e-01
-1.32 5.093601e-01
-1.31 5.034482e-01
-1.30 4.975405e-01
-1.29 4.916374e-01
-1.28 4.857391e-01
-1.27 4.798458e-01
-1.26 4.739581e-01
-1.25 4.680760e-01
-1.24 4.622001e-01
-1.23 4.563305e-01
-1.22 4.504676e-01
-1.21 4.446117e-01
-1.20 4.387632e-01
-1.19 4.329223e-01
-1.18 4.270895e-01
-1.17 4.212650e-01
-1.16 4.154492e-01
-1.15 4.096424e-01
-1.14 4.038451e-01
-1.13 3.980576e-01
-1.12 3.922803e-01
-1.11 3.865134e-01
-1.10 3.807576e-01
-1.09 3.750130e-01
-1.08 3.692802e-01
-1.07 3.635596e-01
-1.06 3.578515e-01
-1.05 3.521564e-01
-1.04 3.464748e-01
-1.03 3.408071e-01
-1.02 3.351538e-01
-1.01 3.295153e-01
-1.00 3.238921e-01
-0.99 3.182847e-01
-0.98 3.126936e-01
-0.97 3.071192e-01
-0.96 3.015621e-01
-0.95 2.960226e-01
-0.94 2.905012e-01
-0.93 2.849983e-01
-0.92 2.795141e-01
-0.91 2.740489e-01
-0.90 2.686028e-01
-0.89 2.631755e-01
-0.88 2.577667e-01
-0.87 2.523755e-01
-0.86 2.470005e-01
-0.85 2.416395e-01
-0.84 2.362895e-01
-0.83 2.309455e-01
-0.82 2.256011e-01
-0.81 2.202467e-01
-0.80 2.148692e-01
-0.79 2.094500e-01
-0.78 2.039637e-01
-0.77 1.983746e-01
-0.76 1.926334e-01
-0.75 1.866718e-01
-0.74 1.803945e-01
-0.73 1.736691e-01
-0.72 1.663121e-01
-0.71 1.580726e-01
-0.70 1.486200e-01
-0.69 1.375609e-01
-0.68 1.245427e-01
-0.67 1.095163e-01
-0.66 9.301039e-02
-0.65 7.583698e-02
-0.64 5.942321e-02
-0.63 4.496026e-02
-0.62 3.304536e-02
-0.61 2.374256e-02
-0.60 1.677194e-02
-0.59 1.170434e-02
-0.58 8.098392e-03
-0.57 5.570417e-03
-0.56 3.816117e-03
-0.55 2.607113e-03
-0.54 1.777808e-03
-0.53 1.210760e-03
-0.52 8.238657e-04
-0.51 5.602742e-04
-0.50 3.808662e-04
-0.49 2.588374e-04
-0.48 1.758743e-04
-0.47 1.194878e-04
-0.46 8.117241e-05
-0.45 5.514020e-05
-0.44 3.745514e-05
-0.43 2.544152e-05
-0.42 1.728092e-05
-0.41 1.173776e-05
-0.40 7.972606e-06
-0.39 5.415179e-06
-0.38 3.678102e-06
-0.37 2.498236e-06
-0.36 1.696846e-06
-0.35 1.152527e-06
-0.34 7.828149e-07
-0.33 5.317004e-07
-0.32 3.611392e-07
-0.31 2.452914e-07
-0.30 1.666057e-07
-0.29 1.131611e-07
-0.28 7.686078e-08
-0.27 5.220501e-08
-0.26 3.545844e-08
-0.25 2.408391e-08
-0.24 1.635816e-08
-0.23 1.111071e-08
-0.22 7.546563e-09
-0.21 5.125740e-09
-0.20 3.481480e-09
-0.19 2.364674e-09
-0.18 1.606123e-09
-0.17 1.090903e-09
-0.16 7.409578e-10
-0.15 5.032698e-10
-0.14 3.418285e-10
-0.13 2.321751e-10
-0.12 1.576968e-10
-0.11 1.071101e-10
-0.10 7.275079e-11
-0.09 4.941344e-11
-0.08 3.356236e-11
-0.07 2.279606e-11
-0.06 1.548343e-11
-0.05 1.051658e-11
-0.04 7.143022e-12
-0.03 4.851649e-12
-0.02 3.295314e-12
-0.01 2.238227e-12
0.00 1.520238e-12
