#     Hmin    Htop    vol hey Taf
 -0.18633497696225038 0.3415855241437636 0.8124629080118694 1.2249258160237388 1.006741573033708     #Ni
 -0.1776412577802926 0.2993424176778389  0.7783382789317507 1.1462908011869435 0.9617977528089887    #Pd
 -0.10586654272087936 -0.100374016905383 0.6922848664688428 1.3540059347181008 0.5528089887640448  #Ir
 -0.08222859914315739 0.1617883163812168 0.8525222551928783 0.9875370919881306 0.6292134831460673  #Rh
 -0.07800905343141207 -0.067013246620506 0.5795252225519288 1.4118694362017803 0.7011235955056179 #Pt
 0.17945598577317923 0.7783667174702527  1.1002967359050444 0.8391691394658752 1.0337078651685392    #Cu
 0.5507416538679172 1.0237729124927073   1.171513353115727  0.4296735905044511 0.9872659176029962     #Ag
 0.5758992805755397 0.7854445464536233   1.0721068249258159 0.6462908011869436 0.7370786516853932     #Au
 

