
-2.00 7.000000e+00 8.902971e-01
-2.00 7.500000e+00 8.902971e-01
-2.00 8.000000e+00 8.902971e-01
-2.00 8.500000e+00 8.902971e-01
-2.00 9.000000e+00 8.902971e-01
-2.00 9.500000e+00 8.902971e-01
-2.00 1.000000e+01 8.902971e-01
-2.00 1.050000e+01 8.902971e-01
-2.00 1.100000e+01 8.902971e-01
-2.00 1.150000e+01 8.902971e-01
-2.00 1.200000e+01 8.902971e-01
-2.00 1.250000e+01 8.902971e-01
-2.00 1.300000e+01 8.902971e-01
-2.00 1.350000e+01 8.902971e-01
-2.00 1.400000e+01 8.902971e-01

-1.99 7.000000e+00 8.866325e-01
-1.99 7.500000e+00 8.866514e-01
-1.99 8.000000e+00 8.866514e-01
-1.99 8.500000e+00 8.866514e-01
-1.99 9.000000e+00 8.866514e-01
-1.99 9.500000e+00 8.866514e-01
-1.99 1.000000e+01 8.866514e-01
-1.99 1.050000e+01 8.866514e-01
-1.99 1.100000e+01 8.866514e-01
-1.99 1.150000e+01 8.866514e-01
-1.99 1.200000e+01 8.866514e-01
-1.99 1.250000e+01 8.866514e-01
-1.99 1.300000e+01 8.866514e-01
-1.99 1.350000e+01 8.866514e-01
-1.99 1.400000e+01 8.866325e-01

-1.98 7.000000e+00 8.840304e-01
-1.98 7.500000e+00 8.827642e-01
-1.98 8.000000e+00 8.827642e-01
-1.98 8.500000e+00 8.827642e-01
-1.98 9.000000e+00 8.827642e-01
-1.98 9.500000e+00 8.827642e-01
-1.98 1.000000e+01 8.827642e-01
-1.98 1.050000e+01 8.827642e-01
-1.98 1.100000e+01 8.827642e-01
-1.98 1.150000e+01 8.827642e-01
-1.98 1.200000e+01 8.827642e-01
-1.98 1.250000e+01 8.827642e-01
-1.98 1.300000e+01 8.827642e-01
-1.98 1.350000e+01 8.827642e-01
-1.98 1.400000e+01 8.840304e-01

-1.97 7.000000e+00 8.770038e-01
-1.97 7.500000e+00 8.786586e-01
-1.97 8.000000e+00 8.786586e-01
-1.97 8.500000e+00 8.786586e-01
-1.97 9.000000e+00 8.786586e-01
-1.97 9.500000e+00 8.786586e-01
-1.97 1.000000e+01 8.786586e-01
-1.97 1.050000e+01 8.786586e-01
-1.97 1.100000e+01 8.786586e-01
-1.97 1.150000e+01 8.786586e-01
-1.97 1.200000e+01 8.786586e-01
-1.97 1.250000e+01 8.786586e-01
-1.97 1.300000e+01 8.786586e-01
-1.97 1.350000e+01 8.786586e-01
-1.97 1.400000e+01 8.770038e-01

-1.96 7.000000e+00 8.742687e-01
-1.96 7.500000e+00 8.743571e-01
-1.96 8.000000e+00 8.743571e-01
-1.96 8.500000e+00 8.743571e-01
-1.96 9.000000e+00 8.743571e-01
-1.96 9.500000e+00 8.743571e-01
-1.96 1.000000e+01 8.743571e-01
-1.96 1.050000e+01 8.743571e-01
-1.96 1.100000e+01 8.743571e-01
-1.96 1.150000e+01 8.743571e-01
-1.96 1.200000e+01 8.743571e-01
-1.96 1.250000e+01 8.743571e-01
-1.96 1.300000e+01 8.743571e-01
-1.96 1.350000e+01 8.743571e-01
-1.96 1.400000e+01 8.742687e-01

-1.95 7.000000e+00 8.696893e-01
-1.95 7.500000e+00 8.698809e-01
-1.95 8.000000e+00 8.698809e-01
-1.95 8.500000e+00 8.698809e-01
-1.95 9.000000e+00 8.698809e-01
-1.95 9.500000e+00 8.698809e-01
-1.95 1.000000e+01 8.698809e-01
-1.95 1.050000e+01 8.698809e-01
-1.95 1.100000e+01 8.698809e-01
-1.95 1.150000e+01 8.698809e-01
-1.95 1.200000e+01 8.698809e-01
-1.95 1.250000e+01 8.698809e-01
-1.95 1.300000e+01 8.698809e-01
-1.95 1.350000e+01 8.698809e-01
-1.95 1.400000e+01 8.696893e-01

-1.94 7.000000e+00 8.651078e-01
-1.94 7.500000e+00 8.652496e-01
-1.94 8.000000e+00 8.652496e-01
-1.94 8.500000e+00 8.652496e-01
-1.94 9.000000e+00 8.652496e-01
-1.94 9.500000e+00 8.652496e-01
-1.94 1.000000e+01 8.652496e-01
-1.94 1.050000e+01 8.652496e-01
-1.94 1.100000e+01 8.652496e-01
-1.94 1.150000e+01 8.652496e-01
-1.94 1.200000e+01 8.652496e-01
-1.94 1.250000e+01 8.652496e-01
-1.94 1.300000e+01 8.652496e-01
-1.94 1.350000e+01 8.652496e-01
-1.94 1.400000e+01 8.651078e-01

-1.93 7.000000e+00 8.615428e-01
-1.93 7.500000e+00 8.604812e-01
-1.93 8.000000e+00 8.604812e-01
-1.93 8.500000e+00 8.604812e-01
-1.93 9.000000e+00 8.604812e-01
-1.93 9.500000e+00 8.604812e-01
-1.93 1.000000e+01 8.604812e-01
-1.93 1.050000e+01 8.604812e-01
-1.93 1.100000e+01 8.604812e-01
-1.93 1.150000e+01 8.604812e-01
-1.93 1.200000e+01 8.604812e-01
-1.93 1.250000e+01 8.604812e-01
-1.93 1.300000e+01 8.604812e-01
-1.93 1.350000e+01 8.604812e-01
-1.93 1.400000e+01 8.615428e-01

-1.92 7.000000e+00 8.535885e-01
-1.92 7.500000e+00 8.555917e-01
-1.92 8.000000e+00 8.555917e-01
-1.92 8.500000e+00 8.555917e-01
-1.92 9.000000e+00 8.555917e-01
-1.92 9.500000e+00 8.555917e-01
-1.92 1.000000e+01 8.555917e-01
-1.92 1.050000e+01 8.555917e-01
-1.92 1.100000e+01 8.555917e-01
-1.92 1.150000e+01 8.555917e-01
-1.92 1.200000e+01 8.555917e-01
-1.92 1.250000e+01 8.555917e-01
-1.92 1.300000e+01 8.555917e-01
-1.92 1.350000e+01 8.555917e-01
-1.92 1.400000e+01 8.535885e-01

-1.91 7.000000e+00 8.503670e-01
-1.91 7.500000e+00 8.505953e-01
-1.91 8.000000e+00 8.505953e-01
-1.91 8.500000e+00 8.505953e-01
-1.91 9.000000e+00 8.505953e-01
-1.91 9.500000e+00 8.505953e-01
-1.91 1.000000e+01 8.505953e-01
-1.91 1.050000e+01 8.505953e-01
-1.91 1.100000e+01 8.505953e-01
-1.91 1.150000e+01 8.505953e-01
-1.91 1.200000e+01 8.505953e-01
-1.91 1.250000e+01 8.505953e-01
-1.91 1.300000e+01 8.505953e-01
-1.91 1.350000e+01 8.505953e-01
-1.91 1.400000e+01 8.503670e-01

-1.90 7.000000e+00 8.446333e-01
-1.90 7.500000e+00 8.455047e-01
-1.90 8.000000e+00 8.455047e-01
-1.90 8.500000e+00 8.455047e-01
-1.90 9.000000e+00 8.455047e-01
-1.90 9.500000e+00 8.455047e-01
-1.90 1.000000e+01 8.455047e-01
-1.90 1.050000e+01 8.455047e-01
-1.90 1.100000e+01 8.455047e-01
-1.90 1.150000e+01 8.455047e-01
-1.90 1.200000e+01 8.455047e-01
-1.90 1.250000e+01 8.455047e-01
-1.90 1.300000e+01 8.455047e-01
-1.90 1.350000e+01 8.455047e-01
-1.90 1.400000e+01 8.446333e-01

-1.89 7.000000e+00 8.400426e-01
-1.89 7.500000e+00 8.403308e-01
-1.89 8.000000e+00 8.403308e-01
-1.89 8.500000e+00 8.403308e-01
-1.89 9.000000e+00 8.403308e-01
-1.89 9.500000e+00 8.403308e-01
-1.89 1.000000e+01 8.403308e-01
-1.89 1.050000e+01 8.403308e-01
-1.89 1.100000e+01 8.403308e-01
-1.89 1.150000e+01 8.403308e-01
-1.89 1.200000e+01 8.403308e-01
-1.89 1.250000e+01 8.403308e-01
-1.89 1.300000e+01 8.403308e-01
-1.89 1.350000e+01 8.403308e-01
-1.89 1.400000e+01 8.400426e-01

-1.88 7.000000e+00 8.363242e-01
-1.88 7.500000e+00 8.350834e-01
-1.88 8.000000e+00 8.350834e-01
-1.88 8.500000e+00 8.350834e-01
-1.88 9.000000e+00 8.350834e-01
-1.88 9.500000e+00 8.350834e-01
-1.88 1.000000e+01 8.350834e-01
-1.88 1.050000e+01 8.350834e-01
-1.88 1.100000e+01 8.350834e-01
-1.88 1.150000e+01 8.350834e-01
-1.88 1.200000e+01 8.350834e-01
-1.88 1.250000e+01 8.350834e-01
-1.88 1.300000e+01 8.350834e-01
-1.88 1.350000e+01 8.350834e-01
-1.88 1.400000e+01 8.363242e-01

-1.87 7.000000e+00 8.273855e-01
-1.87 7.500000e+00 8.297707e-01
-1.87 8.000000e+00 8.297707e-01
-1.87 8.500000e+00 8.297707e-01
-1.87 9.000000e+00 8.297707e-01
-1.87 9.500000e+00 8.297707e-01
-1.87 1.000000e+01 8.297707e-01
-1.87 1.050000e+01 8.297707e-01
-1.87 1.100000e+01 8.297707e-01
-1.87 1.150000e+01 8.297707e-01
-1.87 1.200000e+01 8.297707e-01
-1.87 1.250000e+01 8.297707e-01
-1.87 1.300000e+01 8.297707e-01
-1.87 1.350000e+01 8.297707e-01
-1.87 1.400000e+01 8.273855e-01

-1.86 7.000000e+00 8.240202e-01
-1.86 7.500000e+00 8.244001e-01
-1.86 8.000000e+00 8.244001e-01
-1.86 8.500000e+00 8.244001e-01
-1.86 9.000000e+00 8.244001e-01
-1.86 9.500000e+00 8.244001e-01
-1.86 1.000000e+01 8.244001e-01
-1.86 1.050000e+01 8.244001e-01
-1.86 1.100000e+01 8.244001e-01
-1.86 1.150000e+01 8.244001e-01
-1.86 1.200000e+01 8.244001e-01
-1.86 1.250000e+01 8.244001e-01
-1.86 1.300000e+01 8.244001e-01
-1.86 1.350000e+01 8.244001e-01
-1.86 1.400000e+01 8.240202e-01

-1.85 7.000000e+00 8.182910e-01
-1.85 7.500000e+00 8.189778e-01
-1.85 8.000000e+00 8.189778e-01
-1.85 8.500000e+00 8.189778e-01
-1.85 9.000000e+00 8.189778e-01
-1.85 9.500000e+00 8.189778e-01
-1.85 1.000000e+01 8.189778e-01
-1.85 1.050000e+01 8.189778e-01
-1.85 1.100000e+01 8.189778e-01
-1.85 1.150000e+01 8.189778e-01
-1.85 1.200000e+01 8.189778e-01
-1.85 1.250000e+01 8.189778e-01
-1.85 1.300000e+01 8.189778e-01
-1.85 1.350000e+01 8.189778e-01
-1.85 1.400000e+01 8.182910e-01

-1.84 7.000000e+00 8.130679e-01
-1.84 7.500000e+00 8.135095e-01
-1.84 8.000000e+00 8.135095e-01
-1.84 8.500000e+00 8.135095e-01
-1.84 9.000000e+00 8.135095e-01
-1.84 9.500000e+00 8.135095e-01
-1.84 1.000000e+01 8.135095e-01
-1.84 1.050000e+01 8.135095e-01
-1.84 1.100000e+01 8.135095e-01
-1.84 1.150000e+01 8.135095e-01
-1.84 1.200000e+01 8.135095e-01
-1.84 1.250000e+01 8.135095e-01
-1.84 1.300000e+01 8.135095e-01
-1.84 1.350000e+01 8.135095e-01
-1.84 1.400000e+01 8.130679e-01

-1.83 7.000000e+00 8.082808e-01
-1.83 7.500000e+00 8.079997e-01
-1.83 8.000000e+00 8.079997e-01
-1.83 8.500000e+00 8.079997e-01
-1.83 9.000000e+00 8.079997e-01
-1.83 9.500000e+00 8.079997e-01
-1.83 1.000000e+01 8.079997e-01
-1.83 1.050000e+01 8.079997e-01
-1.83 1.100000e+01 8.079997e-01
-1.83 1.150000e+01 8.079997e-01
-1.83 1.200000e+01 8.079997e-01
-1.83 1.250000e+01 8.079997e-01
-1.83 1.300000e+01 8.079997e-01
-1.83 1.350000e+01 8.079997e-01
-1.83 1.400000e+01 8.082808e-01

-1.82 7.000000e+00 7.997369e-01
-1.82 7.500000e+00 8.024528e-01
-1.82 8.000000e+00 8.024528e-01
-1.82 8.500000e+00 8.024528e-01
-1.82 9.000000e+00 8.024528e-01
-1.82 9.500000e+00 8.024528e-01
-1.82 1.000000e+01 8.024528e-01
-1.82 1.050000e+01 8.024528e-01
-1.82 1.100000e+01 8.024528e-01
-1.82 1.150000e+01 8.024528e-01
-1.82 1.200000e+01 8.024528e-01
-1.82 1.250000e+01 8.024528e-01
-1.82 1.300000e+01 8.024528e-01
-1.82 1.350000e+01 8.024528e-01
-1.82 1.400000e+01 7.997369e-01

-1.81 7.000000e+00 7.963378e-01
-1.81 7.500000e+00 7.968723e-01
-1.81 8.000000e+00 7.968723e-01
-1.81 8.500000e+00 7.968723e-01
-1.81 9.000000e+00 7.968723e-01
-1.81 9.500000e+00 7.968723e-01
-1.81 1.000000e+01 7.968723e-01
-1.81 1.050000e+01 7.968723e-01
-1.81 1.100000e+01 7.968723e-01
-1.81 1.150000e+01 7.968723e-01
-1.81 1.200000e+01 7.968723e-01
-1.81 1.250000e+01 7.968723e-01
-1.81 1.300000e+01 7.968723e-01
-1.81 1.350000e+01 7.968723e-01
-1.81 1.400000e+01 7.963378e-01

-1.80 7.000000e+00 7.893529e-01
-1.80 7.500000e+00 7.912613e-01
-1.80 8.000000e+00 7.912613e-01
-1.80 8.500000e+00 7.912613e-01
-1.80 9.000000e+00 7.912613e-01
-1.80 9.500000e+00 7.912613e-01
-1.80 1.000000e+01 7.912613e-01
-1.80 1.050000e+01 7.912613e-01
-1.80 1.100000e+01 7.912613e-01
-1.80 1.150000e+01 7.912613e-01
-1.80 1.200000e+01 7.912613e-01
-1.80 1.250000e+01 7.912613e-01
-1.80 1.300000e+01 7.912613e-01
-1.80 1.350000e+01 7.912613e-01
-1.80 1.400000e+01 7.893529e-01

-1.79 7.000000e+00 7.850261e-01
-1.79 7.500000e+00 7.856227e-01
-1.79 8.000000e+00 7.856227e-01
-1.79 8.500000e+00 7.856227e-01
-1.79 9.000000e+00 7.856227e-01
-1.79 9.500000e+00 7.856227e-01
-1.79 1.000000e+01 7.856227e-01
-1.79 1.050000e+01 7.856227e-01
-1.79 1.100000e+01 7.856227e-01
-1.79 1.150000e+01 7.856227e-01
-1.79 1.200000e+01 7.856227e-01
-1.79 1.250000e+01 7.856227e-01
-1.79 1.300000e+01 7.856227e-01
-1.79 1.350000e+01 7.856227e-01
-1.79 1.400000e+01 7.850261e-01

-1.78 7.000000e+00 7.808170e-01
-1.78 7.500000e+00 7.799588e-01
-1.78 8.000000e+00 7.799588e-01
-1.78 8.500000e+00 7.799588e-01
-1.78 9.000000e+00 7.799588e-01
-1.78 9.500000e+00 7.799588e-01
-1.78 1.000000e+01 7.799588e-01
-1.78 1.050000e+01 7.799588e-01
-1.78 1.100000e+01 7.799588e-01
-1.78 1.150000e+01 7.799588e-01
-1.78 1.200000e+01 7.799588e-01
-1.78 1.250000e+01 7.799588e-01
-1.78 1.300000e+01 7.799588e-01
-1.78 1.350000e+01 7.799588e-01
-1.78 1.400000e+01 7.808170e-01

-1.77 7.000000e+00 7.736131e-01
-1.77 7.500000e+00 7.742718e-01
-1.77 8.000000e+00 7.742718e-01
-1.77 8.500000e+00 7.742718e-01
-1.77 9.000000e+00 7.742718e-01
-1.77 9.500000e+00 7.742718e-01
-1.77 1.000000e+01 7.742718e-01
-1.77 1.050000e+01 7.742718e-01
-1.77 1.100000e+01 7.742718e-01
-1.77 1.150000e+01 7.742718e-01
-1.77 1.200000e+01 7.742718e-01
-1.77 1.250000e+01 7.742718e-01
-1.77 1.300000e+01 7.742718e-01
-1.77 1.350000e+01 7.742718e-01
-1.77 1.400000e+01 7.736131e-01

-1.76 7.000000e+00 7.701136e-01
-1.76 7.500000e+00 7.685637e-01
-1.76 8.000000e+00 7.685637e-01
-1.76 8.500000e+00 7.685637e-01
-1.76 9.000000e+00 7.685637e-01
-1.76 9.500000e+00 7.685637e-01
-1.76 1.000000e+01 7.685637e-01
-1.76 1.050000e+01 7.685637e-01
-1.76 1.100000e+01 7.685637e-01
-1.76 1.150000e+01 7.685637e-01
-1.76 1.200000e+01 7.685637e-01
-1.76 1.250000e+01 7.685637e-01
-1.76 1.300000e+01 7.685637e-01
-1.76 1.350000e+01 7.685637e-01
-1.76 1.400000e+01 7.701136e-01

-1.75 7.000000e+00 7.616304e-01
-1.75 7.500000e+00 7.628360e-01
-1.75 8.000000e+00 7.628360e-01
-1.75 8.500000e+00 7.628360e-01
-1.75 9.000000e+00 7.628360e-01
-1.75 9.500000e+00 7.628360e-01
-1.75 1.000000e+01 7.628360e-01
-1.75 1.050000e+01 7.628360e-01
-1.75 1.100000e+01 7.628360e-01
-1.75 1.150000e+01 7.628360e-01
-1.75 1.200000e+01 7.628360e-01
-1.75 1.250000e+01 7.628360e-01
-1.75 1.300000e+01 7.628360e-01
-1.75 1.350000e+01 7.628360e-01
-1.75 1.400000e+01 7.616304e-01

-1.74 7.000000e+00 7.563385e-01
-1.74 7.500000e+00 7.570904e-01
-1.74 8.000000e+00 7.570904e-01
-1.74 8.500000e+00 7.570904e-01
-1.74 9.000000e+00 7.570904e-01
-1.74 9.500000e+00 7.570904e-01
-1.74 1.000000e+01 7.570904e-01
-1.74 1.050000e+01 7.570904e-01
-1.74 1.100000e+01 7.570904e-01
-1.74 1.150000e+01 7.570904e-01
-1.74 1.200000e+01 7.570904e-01
-1.74 1.250000e+01 7.570904e-01
-1.74 1.300000e+01 7.570904e-01
-1.74 1.350000e+01 7.570904e-01
-1.74 1.400000e+01 7.563385e-01

-1.73 7.000000e+00 7.506436e-01
-1.73 7.500000e+00 7.513282e-01
-1.73 8.000000e+00 7.513282e-01
-1.73 8.500000e+00 7.513282e-01
-1.73 9.000000e+00 7.513282e-01
-1.73 9.500000e+00 7.513282e-01
-1.73 1.000000e+01 7.513282e-01
-1.73 1.050000e+01 7.513282e-01
-1.73 1.100000e+01 7.513282e-01
-1.73 1.150000e+01 7.513282e-01
-1.73 1.200000e+01 7.513282e-01
-1.73 1.250000e+01 7.513282e-01
-1.73 1.300000e+01 7.513282e-01
-1.73 1.350000e+01 7.513282e-01
-1.73 1.400000e+01 7.506436e-01

-1.72 7.000000e+00 7.447366e-01
-1.72 7.500000e+00 7.455507e-01
-1.72 8.000000e+00 7.455507e-01
-1.72 8.500000e+00 7.455507e-01
-1.72 9.000000e+00 7.455507e-01
-1.72 9.500000e+00 7.455507e-01
-1.72 1.000000e+01 7.455507e-01
-1.72 1.050000e+01 7.455507e-01
-1.72 1.100000e+01 7.455507e-01
-1.72 1.150000e+01 7.455507e-01
-1.72 1.200000e+01 7.455507e-01
-1.72 1.250000e+01 7.455507e-01
-1.72 1.300000e+01 7.455507e-01
-1.72 1.350000e+01 7.455507e-01
-1.72 1.400000e+01 7.447366e-01

-1.71 7.000000e+00 7.422428e-01
-1.71 7.500000e+00 7.397589e-01
-1.71 8.000000e+00 7.397589e-01
-1.71 8.500000e+00 7.397589e-01
-1.71 9.000000e+00 7.397589e-01
-1.71 9.500000e+00 7.397589e-01
-1.71 1.000000e+01 7.397589e-01
-1.71 1.050000e+01 7.397589e-01
-1.71 1.100000e+01 7.397589e-01
-1.71 1.150000e+01 7.397589e-01
-1.71 1.200000e+01 7.397589e-01
-1.71 1.250000e+01 7.397589e-01
-1.71 1.300000e+01 7.397589e-01
-1.71 1.350000e+01 7.397589e-01
-1.71 1.400000e+01 7.422428e-01

-1.70 7.000000e+00 7.324884e-01
-1.70 7.500000e+00 7.339538e-01
-1.70 8.000000e+00 7.339538e-01
-1.70 8.500000e+00 7.339538e-01
-1.70 9.000000e+00 7.339538e-01
-1.70 9.500000e+00 7.339538e-01
-1.70 1.000000e+01 7.339538e-01
-1.70 1.050000e+01 7.339538e-01
-1.70 1.100000e+01 7.339538e-01
-1.70 1.150000e+01 7.339538e-01
-1.70 1.200000e+01 7.339538e-01
-1.70 1.250000e+01 7.339538e-01
-1.70 1.300000e+01 7.339538e-01
-1.70 1.350000e+01 7.339538e-01
-1.70 1.400000e+01 7.324884e-01

-1.69 7.000000e+00 7.272293e-01
-1.69 7.500000e+00 7.281365e-01
-1.69 8.000000e+00 7.281365e-01
-1.69 8.500000e+00 7.281365e-01
-1.69 9.000000e+00 7.281365e-01
-1.69 9.500000e+00 7.281365e-01
-1.69 1.000000e+01 7.281365e-01
-1.69 1.050000e+01 7.281365e-01
-1.69 1.100000e+01 7.281365e-01
-1.69 1.150000e+01 7.281365e-01
-1.69 1.200000e+01 7.281365e-01
-1.69 1.250000e+01 7.281365e-01
-1.69 1.300000e+01 7.281365e-01
-1.69 1.350000e+01 7.281365e-01
-1.69 1.400000e+01 7.272293e-01

-1.68 7.000000e+00 7.227000e-01
-1.68 7.500000e+00 7.223078e-01
-1.68 8.000000e+00 7.223078e-01
-1.68 8.500000e+00 7.223078e-01
-1.68 9.000000e+00 7.223078e-01
-1.68 9.500000e+00 7.223078e-01
-1.68 1.000000e+01 7.223078e-01
-1.68 1.050000e+01 7.223078e-01
-1.68 1.100000e+01 7.223078e-01
-1.68 1.150000e+01 7.223078e-01
-1.68 1.200000e+01 7.223078e-01
-1.68 1.250000e+01 7.223078e-01
-1.68 1.300000e+01 7.223078e-01
-1.68 1.350000e+01 7.223078e-01
-1.68 1.400000e+01 7.227000e-01

-1.67 7.000000e+00 7.154991e-01
-1.67 7.500000e+00 7.164684e-01
-1.67 8.000000e+00 7.164684e-01
-1.67 8.500000e+00 7.164684e-01
-1.67 9.000000e+00 7.164684e-01
-1.67 9.500000e+00 7.164684e-01
-1.67 1.000000e+01 7.164684e-01
-1.67 1.050000e+01 7.164684e-01
-1.67 1.100000e+01 7.164684e-01
-1.67 1.150000e+01 7.164684e-01
-1.67 1.200000e+01 7.164684e-01
-1.67 1.250000e+01 7.164684e-01
-1.67 1.300000e+01 7.164684e-01
-1.67 1.350000e+01 7.164684e-01
-1.67 1.400000e+01 7.154991e-01

-1.66 7.000000e+00 7.112144e-01
-1.66 7.500000e+00 7.106191e-01
-1.66 8.000000e+00 7.106191e-01
-1.66 8.500000e+00 7.106191e-01
-1.66 9.000000e+00 7.106191e-01
-1.66 9.500000e+00 7.106191e-01
-1.66 1.000000e+01 7.106191e-01
-1.66 1.050000e+01 7.106191e-01
-1.66 1.100000e+01 7.106191e-01
-1.66 1.150000e+01 7.106191e-01
-1.66 1.200000e+01 7.106191e-01
-1.66 1.250000e+01 7.106191e-01
-1.66 1.300000e+01 7.106191e-01
-1.66 1.350000e+01 7.106191e-01
-1.66 1.400000e+01 7.112144e-01

-1.65 7.000000e+00 7.030359e-01
-1.65 7.500000e+00 7.047606e-01
-1.65 8.000000e+00 7.047606e-01
-1.65 8.500000e+00 7.047606e-01
-1.65 9.000000e+00 7.047606e-01
-1.65 9.500000e+00 7.047606e-01
-1.65 1.000000e+01 7.047606e-01
-1.65 1.050000e+01 7.047606e-01
-1.65 1.100000e+01 7.047606e-01
-1.65 1.150000e+01 7.047606e-01
-1.65 1.200000e+01 7.047606e-01
-1.65 1.250000e+01 7.047606e-01
-1.65 1.300000e+01 7.047606e-01
-1.65 1.350000e+01 7.047606e-01
-1.65 1.400000e+01 7.030359e-01

-1.64 7.000000e+00 6.978314e-01
-1.64 7.500000e+00 6.988936e-01
-1.64 8.000000e+00 6.988936e-01
-1.64 8.500000e+00 6.988936e-01
-1.64 9.000000e+00 6.988936e-01
-1.64 9.500000e+00 6.988936e-01
-1.64 1.000000e+01 6.988936e-01
-1.64 1.050000e+01 6.988936e-01
-1.64 1.100000e+01 6.988936e-01
-1.64 1.150000e+01 6.988936e-01
-1.64 1.200000e+01 6.988936e-01
-1.64 1.250000e+01 6.988936e-01
-1.64 1.300000e+01 6.988936e-01
-1.64 1.350000e+01 6.988936e-01
-1.64 1.400000e+01 6.978314e-01

-1.63 7.000000e+00 6.913245e-01
-1.63 7.500000e+00 6.930186e-01
-1.63 8.000000e+00 6.930186e-01
-1.63 8.500000e+00 6.930186e-01
-1.63 9.000000e+00 6.930186e-01
-1.63 9.500000e+00 6.930186e-01
-1.63 1.000000e+01 6.930186e-01
-1.63 1.050000e+01 6.930186e-01
-1.63 1.100000e+01 6.930186e-01
-1.63 1.150000e+01 6.930186e-01
-1.63 1.200000e+01 6.930186e-01
-1.63 1.250000e+01 6.930186e-01
-1.63 1.300000e+01 6.930186e-01
-1.63 1.350000e+01 6.930186e-01
-1.63 1.400000e+01 6.913245e-01

-1.62 7.000000e+00 6.860123e-01
-1.62 7.500000e+00 6.871363e-01
-1.62 8.000000e+00 6.871363e-01
-1.62 8.500000e+00 6.871363e-01
-1.62 9.000000e+00 6.871363e-01
-1.62 9.500000e+00 6.871363e-01
-1.62 1.000000e+01 6.871363e-01
-1.62 1.050000e+01 6.871363e-01
-1.62 1.100000e+01 6.871363e-01
-1.62 1.150000e+01 6.871363e-01
-1.62 1.200000e+01 6.871363e-01
-1.62 1.250000e+01 6.871363e-01
-1.62 1.300000e+01 6.871363e-01
-1.62 1.350000e+01 6.871363e-01
-1.62 1.400000e+01 6.860123e-01

-1.61 7.000000e+00 6.832769e-01
-1.61 7.500000e+00 6.812472e-01
-1.61 8.000000e+00 6.812472e-01
-1.61 8.500000e+00 6.812472e-01
-1.61 9.000000e+00 6.812472e-01
-1.61 9.500000e+00 6.812472e-01
-1.61 1.000000e+01 6.812472e-01
-1.61 1.050000e+01 6.812472e-01
-1.61 1.100000e+01 6.812472e-01
-1.61 1.150000e+01 6.812472e-01
-1.61 1.200000e+01 6.812472e-01
-1.61 1.250000e+01 6.812472e-01
-1.61 1.300000e+01 6.812472e-01
-1.61 1.350000e+01 6.812472e-01
-1.61 1.400000e+01 6.832769e-01

-1.60 7.000000e+00 6.733688e-01
-1.60 7.500000e+00 6.753517e-01
-1.60 8.000000e+00 6.753517e-01
-1.60 8.500000e+00 6.753517e-01
-1.60 9.000000e+00 6.753517e-01
-1.60 9.500000e+00 6.753517e-01
-1.60 1.000000e+01 6.753517e-01
-1.60 1.050000e+01 6.753517e-01
-1.60 1.100000e+01 6.753517e-01
-1.60 1.150000e+01 6.753517e-01
-1.60 1.200000e+01 6.753517e-01
-1.60 1.250000e+01 6.753517e-01
-1.60 1.300000e+01 6.753517e-01
-1.60 1.350000e+01 6.753517e-01
-1.60 1.400000e+01 6.733688e-01

-1.59 7.000000e+00 6.682340e-01
-1.59 7.500000e+00 6.694505e-01
-1.59 8.000000e+00 6.694505e-01
-1.59 8.500000e+00 6.694505e-01
-1.59 9.000000e+00 6.694505e-01
-1.59 9.500000e+00 6.694505e-01
-1.59 1.000000e+01 6.694505e-01
-1.59 1.050000e+01 6.694505e-01
-1.59 1.100000e+01 6.694505e-01
-1.59 1.150000e+01 6.694505e-01
-1.59 1.200000e+01 6.694505e-01
-1.59 1.250000e+01 6.694505e-01
-1.59 1.300000e+01 6.694505e-01
-1.59 1.350000e+01 6.694505e-01
-1.59 1.400000e+01 6.682340e-01

-1.58 7.000000e+00 6.634446e-01
-1.58 7.500000e+00 6.635439e-01
-1.58 8.000000e+00 6.635439e-01
-1.58 8.500000e+00 6.635439e-01
-1.58 9.000000e+00 6.635439e-01
-1.58 9.500000e+00 6.635439e-01
-1.58 1.000000e+01 6.635439e-01
-1.58 1.050000e+01 6.635439e-01
-1.58 1.100000e+01 6.635439e-01
-1.58 1.150000e+01 6.635439e-01
-1.58 1.200000e+01 6.635439e-01
-1.58 1.250000e+01 6.635439e-01
-1.58 1.300000e+01 6.635439e-01
-1.58 1.350000e+01 6.635439e-01
-1.58 1.400000e+01 6.634446e-01

-1.57 7.000000e+00 6.563546e-01
-1.57 7.500000e+00 6.576325e-01
-1.57 8.000000e+00 6.576325e-01
-1.57 8.500000e+00 6.576325e-01
-1.57 9.000000e+00 6.576325e-01
-1.57 9.500000e+00 6.576325e-01
-1.57 1.000000e+01 6.576325e-01
-1.57 1.050000e+01 6.576325e-01
-1.57 1.100000e+01 6.576325e-01
-1.57 1.150000e+01 6.576325e-01
-1.57 1.200000e+01 6.576325e-01
-1.57 1.250000e+01 6.576325e-01
-1.57 1.300000e+01 6.576325e-01
-1.57 1.350000e+01 6.576325e-01
-1.57 1.400000e+01 6.563546e-01

-1.56 7.000000e+00 6.513154e-01
-1.56 7.500000e+00 6.517166e-01
-1.56 8.000000e+00 6.517166e-01
-1.56 8.500000e+00 6.517166e-01
-1.56 9.000000e+00 6.517166e-01
-1.56 9.500000e+00 6.517166e-01
-1.56 1.000000e+01 6.517166e-01
-1.56 1.050000e+01 6.517166e-01
-1.56 1.100000e+01 6.517166e-01
-1.56 1.150000e+01 6.517166e-01
-1.56 1.200000e+01 6.517166e-01
-1.56 1.250000e+01 6.517166e-01
-1.56 1.300000e+01 6.517166e-01
-1.56 1.350000e+01 6.517166e-01
-1.56 1.400000e+01 6.513154e-01

-1.55 7.000000e+00 6.435572e-01
-1.55 7.500000e+00 6.457968e-01
-1.55 8.000000e+00 6.457968e-01
-1.55 8.500000e+00 6.457968e-01
-1.55 9.000000e+00 6.457968e-01
-1.55 9.500000e+00 6.457968e-01
-1.55 1.000000e+01 6.457968e-01
-1.55 1.050000e+01 6.457968e-01
-1.55 1.100000e+01 6.457968e-01
-1.55 1.150000e+01 6.457968e-01
-1.55 1.200000e+01 6.457968e-01
-1.55 1.250000e+01 6.457968e-01
-1.55 1.300000e+01 6.457968e-01
-1.55 1.350000e+01 6.457968e-01
-1.55 1.400000e+01 6.435572e-01

-1.54 7.000000e+00 6.385036e-01
-1.54 7.500000e+00 6.398733e-01
-1.54 8.000000e+00 6.398733e-01
-1.54 8.500000e+00 6.398733e-01
-1.54 9.000000e+00 6.398733e-01
-1.54 9.500000e+00 6.398733e-01
-1.54 1.000000e+01 6.398733e-01
-1.54 1.050000e+01 6.398733e-01
-1.54 1.100000e+01 6.398733e-01
-1.54 1.150000e+01 6.398733e-01
-1.54 1.200000e+01 6.398733e-01
-1.54 1.250000e+01 6.398733e-01
-1.54 1.300000e+01 6.398733e-01
-1.54 1.350000e+01 6.398733e-01
-1.54 1.400000e+01 6.385036e-01

-1.53 7.000000e+00 6.312334e-01
-1.53 7.500000e+00 6.339466e-01
-1.53 8.000000e+00 6.339466e-01
-1.53 8.500000e+00 6.339466e-01
-1.53 9.000000e+00 6.339466e-01
-1.53 9.500000e+00 6.339466e-01
-1.53 1.000000e+01 6.339466e-01
-1.53 1.050000e+01 6.339466e-01
-1.53 1.100000e+01 6.339466e-01
-1.53 1.150000e+01 6.339466e-01
-1.53 1.200000e+01 6.339466e-01
-1.53 1.250000e+01 6.339466e-01
-1.53 1.300000e+01 6.339466e-01
-1.53 1.350000e+01 6.339466e-01
-1.53 1.400000e+01 6.312334e-01

-1.52 7.000000e+00 6.265865e-01
-1.52 7.500000e+00 6.280171e-01
-1.52 8.000000e+00 6.280171e-01
-1.52 8.500000e+00 6.280171e-01
-1.52 9.000000e+00 6.280171e-01
-1.52 9.500000e+00 6.280171e-01
-1.52 1.000000e+01 6.280171e-01
-1.52 1.050000e+01 6.280171e-01
-1.52 1.100000e+01 6.280171e-01
-1.52 1.150000e+01 6.280171e-01
-1.52 1.200000e+01 6.280171e-01
-1.52 1.250000e+01 6.280171e-01
-1.52 1.300000e+01 6.280171e-01
-1.52 1.350000e+01 6.280171e-01
-1.52 1.400000e+01 6.265865e-01

-1.51 7.000000e+00 6.236306e-01
-1.51 7.500000e+00 6.220851e-01
-1.51 8.000000e+00 6.220851e-01
-1.51 8.500000e+00 6.220851e-01
-1.51 9.000000e+00 6.220851e-01
-1.51 9.500000e+00 6.220851e-01
-1.51 1.000000e+01 6.220851e-01
-1.51 1.050000e+01 6.220851e-01
-1.51 1.100000e+01 6.220851e-01
-1.51 1.150000e+01 6.220851e-01
-1.51 1.200000e+01 6.220851e-01
-1.51 1.250000e+01 6.220851e-01
-1.51 1.300000e+01 6.220851e-01
-1.51 1.350000e+01 6.220851e-01
-1.51 1.400000e+01 6.236306e-01

-1.50 7.000000e+00 6.136573e-01
-1.50 7.500000e+00 6.161511e-01
-1.50 8.000000e+00 6.161511e-01
-1.50 8.500000e+00 6.161511e-01
-1.50 9.000000e+00 6.161511e-01
-1.50 9.500000e+00 6.161511e-01
-1.50 1.000000e+01 6.161511e-01
-1.50 1.050000e+01 6.161511e-01
-1.50 1.100000e+01 6.161511e-01
-1.50 1.150000e+01 6.161511e-01
-1.50 1.200000e+01 6.161511e-01
-1.50 1.250000e+01 6.161511e-01
-1.50 1.300000e+01 6.161511e-01
-1.50 1.350000e+01 6.161511e-01
-1.50 1.400000e+01 6.136573e-01

-1.49 7.000000e+00 6.086939e-01
-1.49 7.500000e+00 6.102153e-01
-1.49 8.000000e+00 6.102153e-01
-1.49 8.500000e+00 6.102153e-01
-1.49 9.000000e+00 6.102153e-01
-1.49 9.500000e+00 6.102153e-01
-1.49 1.000000e+01 6.102153e-01
-1.49 1.050000e+01 6.102153e-01
-1.49 1.100000e+01 6.102153e-01
-1.49 1.150000e+01 6.102153e-01
-1.49 1.200000e+01 6.102153e-01
-1.49 1.250000e+01 6.102153e-01
-1.49 1.300000e+01 6.102153e-01
-1.49 1.350000e+01 6.102153e-01
-1.49 1.400000e+01 6.086939e-01

-1.48 7.000000e+00 6.036794e-01
-1.48 7.500000e+00 6.042782e-01
-1.48 8.000000e+00 6.042782e-01
-1.48 8.500000e+00 6.042782e-01
-1.48 9.000000e+00 6.042782e-01
-1.48 9.500000e+00 6.042782e-01
-1.48 1.000000e+01 6.042782e-01
-1.48 1.050000e+01 6.042782e-01
-1.48 1.100000e+01 6.042782e-01
-1.48 1.150000e+01 6.042782e-01
-1.48 1.200000e+01 6.042782e-01
-1.48 1.250000e+01 6.042782e-01
-1.48 1.300000e+01 6.042782e-01
-1.48 1.350000e+01 6.042782e-01
-1.48 1.400000e+01 6.036794e-01

-1.47 7.000000e+00 5.967583e-01
-1.47 7.500000e+00 5.983400e-01
-1.47 8.000000e+00 5.983400e-01
-1.47 8.500000e+00 5.983400e-01
-1.47 9.000000e+00 5.983400e-01
-1.47 9.500000e+00 5.983400e-01
-1.47 1.000000e+01 5.983400e-01
-1.47 1.050000e+01 5.983400e-01
-1.47 1.100000e+01 5.983400e-01
-1.47 1.150000e+01 5.983400e-01
-1.47 1.200000e+01 5.983400e-01
-1.47 1.250000e+01 5.983400e-01
-1.47 1.300000e+01 5.983400e-01
-1.47 1.350000e+01 5.983400e-01
-1.47 1.400000e+01 5.967583e-01

-1.46 7.000000e+00 5.909918e-01
-1.46 7.500000e+00 5.924011e-01
-1.46 8.000000e+00 5.924011e-01
-1.46 8.500000e+00 5.924011e-01
-1.46 9.000000e+00 5.924011e-01
-1.46 9.500000e+00 5.924011e-01
-1.46 1.000000e+01 5.924011e-01
-1.46 1.050000e+01 5.924011e-01
-1.46 1.100000e+01 5.924011e-01
-1.46 1.150000e+01 5.924011e-01
-1.46 1.200000e+01 5.924011e-01
-1.46 1.250000e+01 5.924011e-01
-1.46 1.300000e+01 5.924011e-01
-1.46 1.350000e+01 5.924011e-01
-1.46 1.400000e+01 5.909918e-01

-1.45 7.000000e+00 5.837168e-01
-1.45 7.500000e+00 5.864619e-01
-1.45 8.000000e+00 5.864619e-01
-1.45 8.500000e+00 5.864619e-01
-1.45 9.000000e+00 5.864619e-01
-1.45 9.500000e+00 5.864619e-01
-1.45 1.000000e+01 5.864619e-01
-1.45 1.050000e+01 5.864619e-01
-1.45 1.100000e+01 5.864619e-01
-1.45 1.150000e+01 5.864619e-01
-1.45 1.200000e+01 5.864619e-01
-1.45 1.250000e+01 5.864619e-01
-1.45 1.300000e+01 5.864619e-01
-1.45 1.350000e+01 5.864619e-01
-1.45 1.400000e+01 5.837168e-01

-1.44 7.000000e+00 5.788512e-01
-1.44 7.500000e+00 5.805226e-01
-1.44 8.000000e+00 5.805226e-01
-1.44 8.500000e+00 5.805226e-01
-1.44 9.000000e+00 5.805226e-01
-1.44 9.500000e+00 5.805226e-01
-1.44 1.000000e+01 5.805226e-01
-1.44 1.050000e+01 5.805226e-01
-1.44 1.100000e+01 5.805226e-01
-1.44 1.150000e+01 5.805226e-01
-1.44 1.200000e+01 5.805226e-01
-1.44 1.250000e+01 5.805226e-01
-1.44 1.300000e+01 5.805226e-01
-1.44 1.350000e+01 5.805226e-01
-1.44 1.400000e+01 5.788512e-01

-1.43 7.000000e+00 5.737351e-01
-1.43 7.500000e+00 5.745835e-01
-1.43 8.000000e+00 5.745835e-01
-1.43 8.500000e+00 5.745835e-01
-1.43 9.000000e+00 5.745835e-01
-1.43 9.500000e+00 5.745835e-01
-1.43 1.000000e+01 5.745835e-01
-1.43 1.050000e+01 5.745835e-01
-1.43 1.100000e+01 5.745835e-01
-1.43 1.150000e+01 5.745835e-01
-1.43 1.200000e+01 5.745835e-01
-1.43 1.250000e+01 5.745835e-01
-1.43 1.300000e+01 5.745835e-01
-1.43 1.350000e+01 5.745835e-01
-1.43 1.400000e+01 5.737351e-01

-1.42 7.000000e+00 5.669144e-01
-1.42 7.500000e+00 5.686451e-01
-1.42 8.000000e+00 5.686451e-01
-1.42 8.500000e+00 5.686451e-01
-1.42 9.000000e+00 5.686451e-01
-1.42 9.500000e+00 5.686451e-01
-1.42 1.000000e+01 5.686451e-01
-1.42 1.050000e+01 5.686451e-01
-1.42 1.100000e+01 5.686451e-01
-1.42 1.150000e+01 5.686451e-01
-1.42 1.200000e+01 5.686451e-01
-1.42 1.250000e+01 5.686451e-01
-1.42 1.300000e+01 5.686451e-01
-1.42 1.350000e+01 5.686451e-01
-1.42 1.400000e+01 5.669144e-01

-1.41 7.000000e+00 5.637552e-01
-1.41 7.500000e+00 5.627075e-01
-1.41 8.000000e+00 5.627075e-01
-1.41 8.500000e+00 5.627075e-01
-1.41 9.000000e+00 5.627075e-01
-1.41 9.500000e+00 5.627075e-01
-1.41 1.000000e+01 5.627075e-01
-1.41 1.050000e+01 5.627075e-01
-1.41 1.100000e+01 5.627075e-01
-1.41 1.150000e+01 5.627075e-01
-1.41 1.200000e+01 5.627075e-01
-1.41 1.250000e+01 5.627075e-01
-1.41 1.300000e+01 5.627075e-01
-1.41 1.350000e+01 5.627075e-01
-1.41 1.400000e+01 5.637552e-01

-1.40 7.000000e+00 5.549816e-01
-1.40 7.500000e+00 5.567711e-01
-1.40 8.000000e+00 5.567711e-01
-1.40 8.500000e+00 5.567711e-01
-1.40 9.000000e+00 5.567711e-01
-1.40 9.500000e+00 5.567711e-01
-1.40 1.000000e+01 5.567711e-01
-1.40 1.050000e+01 5.567711e-01
-1.40 1.100000e+01 5.567711e-01
-1.40 1.150000e+01 5.567711e-01
-1.40 1.200000e+01 5.567711e-01
-1.40 1.250000e+01 5.567711e-01
-1.40 1.300000e+01 5.567711e-01
-1.40 1.350000e+01 5.567711e-01
-1.40 1.400000e+01 5.549816e-01

-1.39 7.000000e+00 5.507357e-01
-1.39 7.500000e+00 5.508363e-01
-1.39 8.000000e+00 5.508363e-01
-1.39 8.500000e+00 5.508363e-01
-1.39 9.000000e+00 5.508363e-01
-1.39 9.500000e+00 5.508363e-01
-1.39 1.000000e+01 5.508363e-01
-1.39 1.050000e+01 5.508363e-01
-1.39 1.100000e+01 5.508363e-01
-1.39 1.150000e+01 5.508363e-01
-1.39 1.200000e+01 5.508363e-01
-1.39 1.250000e+01 5.508363e-01
-1.39 1.300000e+01 5.508363e-01
-1.39 1.350000e+01 5.508363e-01
-1.39 1.400000e+01 5.507357e-01

-1.38 7.000000e+00 5.438066e-01
-1.38 7.500000e+00 5.449033e-01
-1.38 8.000000e+00 5.449033e-01
-1.38 8.500000e+00 5.449033e-01
-1.38 9.000000e+00 5.449033e-01
-1.38 9.500000e+00 5.449033e-01
-1.38 1.000000e+01 5.449033e-01
-1.38 1.050000e+01 5.449033e-01
-1.38 1.100000e+01 5.449033e-01
-1.38 1.150000e+01 5.449033e-01
-1.38 1.200000e+01 5.449033e-01
-1.38 1.250000e+01 5.449033e-01
-1.38 1.300000e+01 5.449033e-01
-1.38 1.350000e+01 5.449033e-01
-1.38 1.400000e+01 5.438066e-01

-1.37 7.000000e+00 5.370952e-01
-1.37 7.500000e+00 5.389724e-01
-1.37 8.000000e+00 5.389724e-01
-1.37 8.500000e+00 5.389724e-01
-1.37 9.000000e+00 5.389724e-01
-1.37 9.500000e+00 5.389724e-01
-1.37 1.000000e+01 5.389724e-01
-1.37 1.050000e+01 5.389724e-01
-1.37 1.100000e+01 5.389724e-01
-1.37 1.150000e+01 5.389724e-01
-1.37 1.200000e+01 5.389724e-01
-1.37 1.250000e+01 5.389724e-01
-1.37 1.300000e+01 5.389724e-01
-1.37 1.350000e+01 5.389724e-01
-1.37 1.400000e+01 5.370952e-01

-1.36 7.000000e+00 5.306331e-01
-1.36 7.500000e+00 5.330439e-01
-1.36 8.000000e+00 5.330439e-01
-1.36 8.500000e+00 5.330439e-01
-1.36 9.000000e+00 5.330439e-01
-1.36 9.500000e+00 5.330439e-01
-1.36 1.000000e+01 5.330439e-01
-1.36 1.050000e+01 5.330439e-01
-1.36 1.100000e+01 5.330439e-01
-1.36 1.150000e+01 5.330439e-01
-1.36 1.200000e+01 5.330439e-01
-1.36 1.250000e+01 5.330439e-01
-1.36 1.300000e+01 5.330439e-01
-1.36 1.350000e+01 5.330439e-01
-1.36 1.400000e+01 5.306331e-01

-1.35 7.000000e+00 5.251832e-01
-1.35 7.500000e+00 5.271181e-01
-1.35 8.000000e+00 5.271181e-01
-1.35 8.500000e+00 5.271181e-01
-1.35 9.000000e+00 5.271181e-01
-1.35 9.500000e+00 5.271181e-01
-1.35 1.000000e+01 5.271181e-01
-1.35 1.050000e+01 5.271181e-01
-1.35 1.100000e+01 5.271181e-01
-1.35 1.150000e+01 5.271181e-01
-1.35 1.200000e+01 5.271181e-01
-1.35 1.250000e+01 5.271181e-01
-1.35 1.300000e+01 5.271181e-01
-1.35 1.350000e+01 5.271181e-01
-1.35 1.400000e+01 5.251832e-01

-1.34 7.000000e+00 5.238826e-01
-1.34 7.500000e+00 5.211954e-01
-1.34 8.000000e+00 5.211954e-01
-1.34 8.500000e+00 5.211954e-01
-1.34 9.000000e+00 5.211954e-01
-1.34 9.500000e+00 5.211954e-01
-1.34 1.000000e+01 5.211954e-01
-1.34 1.050000e+01 5.211954e-01
-1.34 1.100000e+01 5.211954e-01
-1.34 1.150000e+01 5.211954e-01
-1.34 1.200000e+01 5.211954e-01
-1.34 1.250000e+01 5.211954e-01
-1.34 1.300000e+01 5.211954e-01
-1.34 1.350000e+01 5.211954e-01
-1.34 1.400000e+01 5.238826e-01

-1.33 7.000000e+00 5.139334e-01
-1.33 7.500000e+00 5.152759e-01
-1.33 8.000000e+00 5.152759e-01
-1.33 8.500000e+00 5.152759e-01
-1.33 9.000000e+00 5.152759e-01
-1.33 9.500000e+00 5.152759e-01
-1.33 1.000000e+01 5.152759e-01
-1.33 1.050000e+01 5.152759e-01
-1.33 1.100000e+01 5.152759e-01
-1.33 1.150000e+01 5.152759e-01
-1.33 1.200000e+01 5.152759e-01
-1.33 1.250000e+01 5.152759e-01
-1.33 1.300000e+01 5.152759e-01
-1.33 1.350000e+01 5.152759e-01
-1.33 1.400000e+01 5.139334e-01

-1.32 7.000000e+00 5.073395e-01
-1.32 7.500000e+00 5.093601e-01
-1.32 8.000000e+00 5.093601e-01
-1.32 8.500000e+00 5.093601e-01
-1.32 9.000000e+00 5.093601e-01
-1.32 9.500000e+00 5.093601e-01
-1.32 1.000000e+01 5.093601e-01
-1.32 1.050000e+01 5.093601e-01
-1.32 1.100000e+01 5.093601e-01
-1.32 1.150000e+01 5.093601e-01
-1.32 1.200000e+01 5.093601e-01
-1.32 1.250000e+01 5.093601e-01
-1.32 1.300000e+01 5.093601e-01
-1.32 1.350000e+01 5.093601e-01
-1.32 1.400000e+01 5.073395e-01

-1.31 7.000000e+00 5.039945e-01
-1.31 7.500000e+00 5.034482e-01
-1.31 8.000000e+00 5.034482e-01
-1.31 8.500000e+00 5.034482e-01
-1.31 9.000000e+00 5.034482e-01
-1.31 9.500000e+00 5.034482e-01
-1.31 1.000000e+01 5.034482e-01
-1.31 1.050000e+01 5.034482e-01
-1.31 1.100000e+01 5.034482e-01
-1.31 1.150000e+01 5.034482e-01
-1.31 1.200000e+01 5.034482e-01
-1.31 1.250000e+01 5.034482e-01
-1.31 1.300000e+01 5.034482e-01
-1.31 1.350000e+01 5.034482e-01
-1.31 1.400000e+01 5.039945e-01

-1.30 7.000000e+00 4.954635e-01
-1.30 7.500000e+00 4.975405e-01
-1.30 8.000000e+00 4.975405e-01
-1.30 8.500000e+00 4.975405e-01
-1.30 9.000000e+00 4.975405e-01
-1.30 9.500000e+00 4.975405e-01
-1.30 1.000000e+01 4.975405e-01
-1.30 1.050000e+01 4.975405e-01
-1.30 1.100000e+01 4.975405e-01
-1.30 1.150000e+01 4.975405e-01
-1.30 1.200000e+01 4.975405e-01
-1.30 1.250000e+01 4.975405e-01
-1.30 1.300000e+01 4.975405e-01
-1.30 1.350000e+01 4.975405e-01
-1.30 1.400000e+01 4.954635e-01

-1.29 7.000000e+00 4.905373e-01
-1.29 7.500000e+00 4.916374e-01
-1.29 8.000000e+00 4.916374e-01
-1.29 8.500000e+00 4.916374e-01
-1.29 9.000000e+00 4.916374e-01
-1.29 9.500000e+00 4.916374e-01
-1.29 1.000000e+01 4.916374e-01
-1.29 1.050000e+01 4.916374e-01
-1.29 1.100000e+01 4.916374e-01
-1.29 1.150000e+01 4.916374e-01
-1.29 1.200000e+01 4.916374e-01
-1.29 1.250000e+01 4.916374e-01
-1.29 1.300000e+01 4.916374e-01
-1.29 1.350000e+01 4.916374e-01
-1.29 1.400000e+01 4.905373e-01

-1.28 7.000000e+00 4.841538e-01
-1.28 7.500000e+00 4.857391e-01
-1.28 8.000000e+00 4.857391e-01
-1.28 8.500000e+00 4.857391e-01
-1.28 9.000000e+00 4.857391e-01
-1.28 9.500000e+00 4.857391e-01
-1.28 1.000000e+01 4.857391e-01
-1.28 1.050000e+01 4.857391e-01
-1.28 1.100000e+01 4.857391e-01
-1.28 1.150000e+01 4.857391e-01
-1.28 1.200000e+01 4.857391e-01
-1.28 1.250000e+01 4.857391e-01
-1.28 1.300000e+01 4.857391e-01
-1.28 1.350000e+01 4.857391e-01
-1.28 1.400000e+01 4.841538e-01

-1.27 7.000000e+00 4.776854e-01
-1.27 7.500000e+00 4.798458e-01
-1.27 8.000000e+00 4.798458e-01
-1.27 8.500000e+00 4.798458e-01
-1.27 9.000000e+00 4.798458e-01
-1.27 9.500000e+00 4.798458e-01
-1.27 1.000000e+01 4.798458e-01
-1.27 1.050000e+01 4.798458e-01
-1.27 1.100000e+01 4.798458e-01
-1.27 1.150000e+01 4.798458e-01
-1.27 1.200000e+01 4.798458e-01
-1.27 1.250000e+01 4.798458e-01
-1.27 1.300000e+01 4.798458e-01
-1.27 1.350000e+01 4.798458e-01
-1.27 1.400000e+01 4.776854e-01

-1.26 7.000000e+00 4.742548e-01
-1.26 7.500000e+00 4.739581e-01
-1.26 8.000000e+00 4.739581e-01
-1.26 8.500000e+00 4.739581e-01
-1.26 9.000000e+00 4.739581e-01
-1.26 9.500000e+00 4.739581e-01
-1.26 1.000000e+01 4.739581e-01
-1.26 1.050000e+01 4.739581e-01
-1.26 1.100000e+01 4.739581e-01
-1.26 1.150000e+01 4.739581e-01
-1.26 1.200000e+01 4.739581e-01
-1.26 1.250000e+01 4.739581e-01
-1.26 1.300000e+01 4.739581e-01
-1.26 1.350000e+01 4.739581e-01
-1.26 1.400000e+01 4.742548e-01

-1.25 7.000000e+00 4.658608e-01
-1.25 7.500000e+00 4.680760e-01
-1.25 8.000000e+00 4.680760e-01
-1.25 8.500000e+00 4.680760e-01
-1.25 9.000000e+00 4.680760e-01
-1.25 9.500000e+00 4.680760e-01
-1.25 1.000000e+01 4.680760e-01
-1.25 1.050000e+01 4.680760e-01
-1.25 1.100000e+01 4.680760e-01
-1.25 1.150000e+01 4.680760e-01
-1.25 1.200000e+01 4.680760e-01
-1.25 1.250000e+01 4.680760e-01
-1.25 1.300000e+01 4.680760e-01
-1.25 1.350000e+01 4.680760e-01
-1.25 1.400000e+01 4.658608e-01

-1.24 7.000000e+00 4.643720e-01
-1.24 7.500000e+00 4.622001e-01
-1.24 8.000000e+00 4.622001e-01
-1.24 8.500000e+00 4.622001e-01
-1.24 9.000000e+00 4.622001e-01
-1.24 9.500000e+00 4.622001e-01
-1.24 1.000000e+01 4.622001e-01
-1.24 1.050000e+01 4.622001e-01
-1.24 1.100000e+01 4.622001e-01
-1.24 1.150000e+01 4.622001e-01
-1.24 1.200000e+01 4.622001e-01
-1.24 1.250000e+01 4.622001e-01
-1.24 1.300000e+01 4.622001e-01
-1.24 1.350000e+01 4.622001e-01
-1.24 1.400000e+01 4.643720e-01

-1.23 7.000000e+00 4.545068e-01
-1.23 7.500000e+00 4.563305e-01
-1.23 8.000000e+00 4.563305e-01
-1.23 8.500000e+00 4.563305e-01
-1.23 9.000000e+00 4.563305e-01
-1.23 9.500000e+00 4.563305e-01
-1.23 1.000000e+01 4.563305e-01
-1.23 1.050000e+01 4.563305e-01
-1.23 1.100000e+01 4.563305e-01
-1.23 1.150000e+01 4.563305e-01
-1.23 1.200000e+01 4.563305e-01
-1.23 1.250000e+01 4.563305e-01
-1.23 1.300000e+01 4.563305e-01
-1.23 1.350000e+01 4.563305e-01
-1.23 1.400000e+01 4.545068e-01

-1.22 7.000000e+00 4.481715e-01
-1.22 7.500000e+00 4.504676e-01
-1.22 8.000000e+00 4.504676e-01
-1.22 8.500000e+00 4.504676e-01
-1.22 9.000000e+00 4.504676e-01
-1.22 9.500000e+00 4.504676e-01
-1.22 1.000000e+01 4.504676e-01
-1.22 1.050000e+01 4.504676e-01
-1.22 1.100000e+01 4.504676e-01
-1.22 1.150000e+01 4.504676e-01
-1.22 1.200000e+01 4.504676e-01
-1.22 1.250000e+01 4.504676e-01
-1.22 1.300000e+01 4.504676e-01
-1.22 1.350000e+01 4.504676e-01
-1.22 1.400000e+01 4.481714e-01

-1.21 7.000000e+00 4.446609e-01
-1.21 7.500000e+00 4.446117e-01
-1.21 8.000000e+00 4.446117e-01
-1.21 8.500000e+00 4.446117e-01
-1.21 9.000000e+00 4.446117e-01
-1.21 9.500000e+00 4.446117e-01
-1.21 1.000000e+01 4.446117e-01
-1.21 1.050000e+01 4.446117e-01
-1.21 1.100000e+01 4.446117e-01
-1.21 1.150000e+01 4.446117e-01
-1.21 1.200000e+01 4.446117e-01
-1.21 1.250000e+01 4.446117e-01
-1.21 1.300000e+01 4.446117e-01
-1.21 1.350000e+01 4.446117e-01
-1.21 1.400000e+01 4.446609e-01

-1.20 7.000000e+00 4.364141e-01
-1.20 7.500000e+00 4.387632e-01
-1.20 8.000000e+00 4.387632e-01
-1.20 8.500000e+00 4.387632e-01
-1.20 9.000000e+00 4.387632e-01
-1.20 9.500000e+00 4.387632e-01
-1.20 1.000000e+01 4.387632e-01
-1.20 1.050000e+01 4.387632e-01
-1.20 1.100000e+01 4.387632e-01
-1.20 1.150000e+01 4.387632e-01
-1.20 1.200000e+01 4.387632e-01
-1.20 1.250000e+01 4.387632e-01
-1.20 1.300000e+01 4.387632e-01
-1.20 1.350000e+01 4.387632e-01
-1.20 1.400000e+01 4.364141e-01

-1.19 7.000000e+00 4.308453e-01
-1.19 7.500000e+00 4.329223e-01
-1.19 8.000000e+00 4.329223e-01
-1.19 8.500000e+00 4.329223e-01
-1.19 9.000000e+00 4.329223e-01
-1.19 9.500000e+00 4.329223e-01
-1.19 1.000000e+01 4.329223e-01
-1.19 1.050000e+01 4.329223e-01
-1.19 1.100000e+01 4.329223e-01
-1.19 1.150000e+01 4.329223e-01
-1.19 1.200000e+01 4.329223e-01
-1.19 1.250000e+01 4.329223e-01
-1.19 1.300000e+01 4.329223e-01
-1.19 1.350000e+01 4.329223e-01
-1.19 1.400000e+01 4.308452e-01

-1.18 7.000000e+00 4.250328e-01
-1.18 7.500000e+00 4.270895e-01
-1.18 8.000000e+00 4.270895e-01
-1.18 8.500000e+00 4.270895e-01
-1.18 9.000000e+00 4.270895e-01
-1.18 9.500000e+00 4.270895e-01
-1.18 1.000000e+01 4.270895e-01
-1.18 1.050000e+01 4.270895e-01
-1.18 1.100000e+01 4.270895e-01
-1.18 1.150000e+01 4.270895e-01
-1.18 1.200000e+01 4.270895e-01
-1.18 1.250000e+01 4.270895e-01
-1.18 1.300000e+01 4.270895e-01
-1.18 1.350000e+01 4.270894e-01
-1.18 1.400000e+01 4.250327e-01

-1.17 7.000000e+00 4.188382e-01
-1.17 7.500000e+00 4.212650e-01
-1.17 8.000000e+00 4.212650e-01
-1.17 8.500000e+00 4.212650e-01
-1.17 9.000000e+00 4.212650e-01
-1.17 9.500000e+00 4.212650e-01
-1.17 1.000000e+01 4.212650e-01
-1.17 1.050000e+01 4.212650e-01
-1.17 1.100000e+01 4.212650e-01
-1.17 1.150000e+01 4.212650e-01
-1.17 1.200000e+01 4.212650e-01
-1.17 1.250000e+01 4.212650e-01
-1.17 1.300000e+01 4.212650e-01
-1.17 1.350000e+01 4.212650e-01
-1.17 1.400000e+01 4.188381e-01

-1.16 7.000000e+00 4.152539e-01
-1.16 7.500000e+00 4.154492e-01
-1.16 8.000000e+00 4.154492e-01
-1.16 8.500000e+00 4.154492e-01
-1.16 9.000000e+00 4.154492e-01
-1.16 9.500000e+00 4.154492e-01
-1.16 1.000000e+01 4.154492e-01
-1.16 1.050000e+01 4.154492e-01
-1.16 1.100000e+01 4.154492e-01
-1.16 1.150000e+01 4.154492e-01
-1.16 1.200000e+01 4.154492e-01
-1.16 1.250000e+01 4.154492e-01
-1.16 1.300000e+01 4.154492e-01
-1.16 1.350000e+01 4.154492e-01
-1.16 1.400000e+01 4.152538e-01

-1.15 7.000000e+00 4.071651e-01
-1.15 7.500000e+00 4.096425e-01
-1.15 8.000000e+00 4.096425e-01
-1.15 8.500000e+00 4.096425e-01
-1.15 9.000000e+00 4.096425e-01
-1.15 9.500000e+00 4.096425e-01
-1.15 1.000000e+01 4.096425e-01
-1.15 1.050000e+01 4.096425e-01
-1.15 1.100000e+01 4.096425e-01
-1.15 1.150000e+01 4.096425e-01
-1.15 1.200000e+01 4.096425e-01
-1.15 1.250000e+01 4.096425e-01
-1.15 1.300000e+01 4.096424e-01
-1.15 1.350000e+01 4.096424e-01
-1.15 1.400000e+01 4.071649e-01

-1.14 7.000000e+00 4.055005e-01
-1.14 7.500000e+00 4.038452e-01
-1.14 8.000000e+00 4.038452e-01
-1.14 8.500000e+00 4.038452e-01
-1.14 9.000000e+00 4.038452e-01
-1.14 9.500000e+00 4.038452e-01
-1.14 1.000000e+01 4.038452e-01
-1.14 1.050000e+01 4.038452e-01
-1.14 1.100000e+01 4.038452e-01
-1.14 1.150000e+01 4.038452e-01
-1.14 1.200000e+01 4.038452e-01
-1.14 1.250000e+01 4.038452e-01
-1.14 1.300000e+01 4.038451e-01
-1.14 1.350000e+01 4.038451e-01
-1.14 1.400000e+01 4.055004e-01

-1.13 7.000000e+00 3.957746e-01
-1.13 7.500000e+00 3.980576e-01
-1.13 8.000000e+00 3.980576e-01
-1.13 8.500000e+00 3.980576e-01
-1.13 9.000000e+00 3.980576e-01
-1.13 9.500000e+00 3.980576e-01
-1.13 1.000000e+01 3.980576e-01
-1.13 1.050000e+01 3.980576e-01
-1.13 1.100000e+01 3.980576e-01
-1.13 1.150000e+01 3.980576e-01
-1.13 1.200000e+01 3.980576e-01
-1.13 1.250000e+01 3.980576e-01
-1.13 1.300000e+01 3.980576e-01
-1.13 1.350000e+01 3.980576e-01
-1.13 1.400000e+01 3.957744e-01

-1.12 7.000000e+00 3.897288e-01
-1.12 7.500000e+00 3.922803e-01
-1.12 8.000000e+00 3.922803e-01
-1.12 8.500000e+00 3.922803e-01
-1.12 9.000000e+00 3.922803e-01
-1.12 9.500000e+00 3.922803e-01
-1.12 1.000000e+01 3.922803e-01
-1.12 1.050000e+01 3.922803e-01
-1.12 1.100000e+01 3.922803e-01
-1.12 1.150000e+01 3.922803e-01
-1.12 1.200000e+01 3.922803e-01
-1.12 1.250000e+01 3.922803e-01
-1.12 1.300000e+01 3.922803e-01
-1.12 1.350000e+01 3.922802e-01
-1.12 1.400000e+01 3.897285e-01

-1.11 7.000000e+00 3.860778e-01
-1.11 7.500000e+00 3.865135e-01
-1.11 8.000000e+00 3.865135e-01
-1.11 8.500000e+00 3.865135e-01
-1.11 9.000000e+00 3.865135e-01
-1.11 9.500000e+00 3.865135e-01
-1.11 1.000000e+01 3.865135e-01
-1.11 1.050000e+01 3.865135e-01
-1.11 1.100000e+01 3.865135e-01
-1.11 1.150000e+01 3.865135e-01
-1.11 1.200000e+01 3.865135e-01
-1.11 1.250000e+01 3.865135e-01
-1.11 1.300000e+01 3.865134e-01
-1.11 1.350000e+01 3.865134e-01
-1.11 1.400000e+01 3.860774e-01

-1.10 7.000000e+00 3.781582e-01
-1.10 7.500000e+00 3.807576e-01
-1.10 8.000000e+00 3.807576e-01
-1.10 8.500000e+00 3.807576e-01
-1.10 9.000000e+00 3.807576e-01
-1.10 9.500000e+00 3.807576e-01
-1.10 1.000000e+01 3.807576e-01
-1.10 1.050000e+01 3.807576e-01
-1.10 1.100000e+01 3.807576e-01
-1.10 1.150000e+01 3.807576e-01
-1.10 1.200000e+01 3.807576e-01
-1.10 1.250000e+01 3.807576e-01
-1.10 1.300000e+01 3.807576e-01
-1.10 1.350000e+01 3.807574e-01
-1.10 1.400000e+01 3.781575e-01

-1.09 7.000000e+00 3.764120e-01
-1.09 7.500000e+00 3.750131e-01
-1.09 8.000000e+00 3.750131e-01
-1.09 8.500000e+00 3.750131e-01
-1.09 9.000000e+00 3.750131e-01
-1.09 9.500000e+00 3.750131e-01
-1.09 1.000000e+01 3.750131e-01
-1.09 1.050000e+01 3.750131e-01
-1.09 1.100000e+01 3.750131e-01
-1.09 1.150000e+01 3.750131e-01
-1.09 1.200000e+01 3.750131e-01
-1.09 1.250000e+01 3.750131e-01
-1.09 1.300000e+01 3.750130e-01
-1.09 1.350000e+01 3.750129e-01
-1.09 1.400000e+01 3.764113e-01

-1.08 7.000000e+00 3.719995e-01
-1.08 7.500000e+00 3.692803e-01
-1.08 8.000000e+00 3.692803e-01
-1.08 8.500000e+00 3.692803e-01
-1.08 9.000000e+00 3.692803e-01
-1.08 9.500000e+00 3.692803e-01
-1.08 1.000000e+01 3.692803e-01
-1.08 1.050000e+01 3.692803e-01
-1.08 1.100000e+01 3.692803e-01
-1.08 1.150000e+01 3.692803e-01
-1.08 1.200000e+01 3.692803e-01
-1.08 1.250000e+01 3.692803e-01
-1.08 1.300000e+01 3.692802e-01
-1.08 1.350000e+01 3.692800e-01
-1.08 1.400000e+01 3.719986e-01

-1.07 7.000000e+00 3.608905e-01
-1.07 7.500000e+00 3.635597e-01
-1.07 8.000000e+00 3.635597e-01
-1.07 8.500000e+00 3.635597e-01
-1.07 9.000000e+00 3.635597e-01
-1.07 9.500000e+00 3.635597e-01
-1.07 1.000000e+01 3.635597e-01
-1.07 1.050000e+01 3.635597e-01
-1.07 1.100000e+01 3.635597e-01
-1.07 1.150000e+01 3.635597e-01
-1.07 1.200000e+01 3.635597e-01
-1.07 1.250000e+01 3.635596e-01
-1.07 1.300000e+01 3.635596e-01
-1.07 1.350000e+01 3.635592e-01
-1.07 1.400000e+01 3.608889e-01

-1.06 7.000000e+00 3.571810e-01
-1.06 7.500000e+00 3.578517e-01
-1.06 8.000000e+00 3.578517e-01
-1.06 8.500000e+00 3.578517e-01
-1.06 9.000000e+00 3.578517e-01
-1.06 9.500000e+00 3.578517e-01
-1.06 1.000000e+01 3.578517e-01
-1.06 1.050000e+01 3.578517e-01
-1.06 1.100000e+01 3.578517e-01
-1.06 1.150000e+01 3.578517e-01
-1.06 1.200000e+01 3.578517e-01
-1.06 1.250000e+01 3.578516e-01
-1.06 1.300000e+01 3.578515e-01
-1.06 1.350000e+01 3.578511e-01
-1.06 1.400000e+01 3.571790e-01

-1.05 7.000000e+00 3.494427e-01
-1.05 7.500000e+00 3.521567e-01
-1.05 8.000000e+00 3.521567e-01
-1.05 8.500000e+00 3.521567e-01
-1.05 9.000000e+00 3.521567e-01
-1.05 9.500000e+00 3.521567e-01
-1.05 1.000000e+01 3.521567e-01
-1.05 1.050000e+01 3.521567e-01
-1.05 1.100000e+01 3.521567e-01
-1.05 1.150000e+01 3.521567e-01
-1.05 1.200000e+01 3.521567e-01
-1.05 1.250000e+01 3.521566e-01
-1.05 1.300000e+01 3.521564e-01
-1.05 1.350000e+01 3.521558e-01
-1.05 1.400000e+01 3.494396e-01

-1.04 7.000000e+00 3.476199e-01
-1.04 7.500000e+00 3.464752e-01
-1.04 8.000000e+00 3.464752e-01
-1.04 8.500000e+00 3.464752e-01
-1.04 9.000000e+00 3.464752e-01
-1.04 9.500000e+00 3.464752e-01
-1.04 1.000000e+01 3.464752e-01
-1.04 1.050000e+01 3.464752e-01
-1.04 1.100000e+01 3.464752e-01
-1.04 1.150000e+01 3.464752e-01
-1.04 1.200000e+01 3.464751e-01
-1.04 1.250000e+01 3.464751e-01
-1.04 1.300000e+01 3.464748e-01
-1.04 1.350000e+01 3.464740e-01
-1.04 1.400000e+01 3.476165e-01

-1.03 7.000000e+00 3.380980e-01
-1.03 7.500000e+00 3.408076e-01
-1.03 8.000000e+00 3.408076e-01
-1.03 8.500000e+00 3.408076e-01
-1.03 9.000000e+00 3.408076e-01
-1.03 9.500000e+00 3.408076e-01
-1.03 1.000000e+01 3.408076e-01
-1.03 1.050000e+01 3.408076e-01
-1.03 1.100000e+01 3.408076e-01
-1.03 1.150000e+01 3.408076e-01
-1.03 1.200000e+01 3.408076e-01
-1.03 1.250000e+01 3.408075e-01
-1.03 1.300000e+01 3.408071e-01
-1.03 1.350000e+01 3.408060e-01
-1.03 1.400000e+01 3.380921e-01

-1.02 7.000000e+00 3.323760e-01
-1.02 7.500000e+00 3.351545e-01
-1.02 8.000000e+00 3.351545e-01
-1.02 8.500000e+00 3.351545e-01
-1.02 9.000000e+00 3.351545e-01
-1.02 9.500000e+00 3.351545e-01
-1.02 1.000000e+01 3.351545e-01
-1.02 1.050000e+01 3.351545e-01
-1.02 1.100000e+01 3.351545e-01
-1.02 1.150000e+01 3.351545e-01
-1.02 1.200000e+01 3.351544e-01
-1.02 1.250000e+01 3.351543e-01
-1.02 1.300000e+01 3.351538e-01
-1.02 1.350000e+01 3.351523e-01
-1.02 1.400000e+01 3.323678e-01

-1.01 7.000000e+00 3.286174e-01
-1.01 7.500000e+00 3.295162e-01
-1.01 8.000000e+00 3.295162e-01
-1.01 8.500000e+00 3.295162e-01
-1.01 9.000000e+00 3.295162e-01
-1.01 9.500000e+00 3.295162e-01
-1.01 1.000000e+01 3.295162e-01
-1.01 1.050000e+01 3.295162e-01
-1.01 1.100000e+01 3.295162e-01
-1.01 1.150000e+01 3.295162e-01
-1.01 1.200000e+01 3.295162e-01
-1.01 1.250000e+01 3.295159e-01
-1.01 1.300000e+01 3.295153e-01
-1.01 1.350000e+01 3.295132e-01
-1.01 1.400000e+01 3.286073e-01

-1.00 7.000000e+00 3.238934e-01
-1.00 7.500000e+00 3.238934e-01
-1.00 8.000000e+00 3.238934e-01
-1.00 8.500000e+00 3.238934e-01
-1.00 9.000000e+00 3.238934e-01
-1.00 9.500000e+00 3.238934e-01
-1.00 1.000000e+01 3.238934e-01
-1.00 1.050000e+01 3.238934e-01
-1.00 1.100000e+01 3.238934e-01
-1.00 1.150000e+01 3.238934e-01
-1.00 1.200000e+01 3.238933e-01
-1.00 1.250000e+01 3.238930e-01
-1.00 1.300000e+01 3.238921e-01
-1.00 1.350000e+01 3.238893e-01
-1.00 1.400000e+01 3.238802e-01

-0.99 7.000000e+00 3.191807e-01
-0.99 7.500000e+00 3.182865e-01
-0.99 8.000000e+00 3.182865e-01
-0.99 8.500000e+00 3.182865e-01
-0.99 9.000000e+00 3.182865e-01
-0.99 9.500000e+00 3.182865e-01
-0.99 1.000000e+01 3.182865e-01
-0.99 1.050000e+01 3.182865e-01
-0.99 1.100000e+01 3.182865e-01
-0.99 1.150000e+01 3.182865e-01
-0.99 1.200000e+01 3.182863e-01
-0.99 1.250000e+01 3.182860e-01
-0.99 1.300000e+01 3.182847e-01
-0.99 1.350000e+01 3.182808e-01
-0.99 1.400000e+01 3.191634e-01

-0.98 7.000000e+00 3.154471e-01
-0.98 7.500000e+00 3.126961e-01
-0.98 8.000000e+00 3.126961e-01
-0.98 8.500000e+00 3.126961e-01
-0.98 9.000000e+00 3.126961e-01
-0.98 9.500000e+00 3.126961e-01
-0.98 1.000000e+01 3.126961e-01
-0.98 1.050000e+01 3.126961e-01
-0.98 1.100000e+01 3.126961e-01
-0.98 1.150000e+01 3.126960e-01
-0.98 1.200000e+01 3.126958e-01
-0.98 1.250000e+01 3.126953e-01
-0.98 1.300000e+01 3.126936e-01
-0.98 1.350000e+01 3.126882e-01
-0.98 1.400000e+01 3.154258e-01

-0.97 7.000000e+00 3.097901e-01
-0.97 7.500000e+00 3.071226e-01
-0.97 8.000000e+00 3.071226e-01
-0.97 8.500000e+00 3.071226e-01
-0.97 9.000000e+00 3.071226e-01
-0.97 9.500000e+00 3.071226e-01
-0.97 1.000000e+01 3.071226e-01
-0.97 1.050000e+01 3.071226e-01
-0.97 1.100000e+01 3.071226e-01
-0.97 1.150000e+01 3.071225e-01
-0.97 1.200000e+01 3.071223e-01
-0.97 1.250000e+01 3.071216e-01
-0.97 1.300000e+01 3.071192e-01
-0.97 1.350000e+01 3.071119e-01
-0.97 1.400000e+01 3.097608e-01

-0.96 7.000000e+00 3.004484e-01
-0.96 7.500000e+00 3.015668e-01
-0.96 8.000000e+00 3.015668e-01
-0.96 8.500000e+00 3.015668e-01
-0.96 9.000000e+00 3.015668e-01
-0.96 9.500000e+00 3.015668e-01
-0.96 1.000000e+01 3.015668e-01
-0.96 1.050000e+01 3.015668e-01
-0.96 1.100000e+01 3.015667e-01
-0.96 1.150000e+01 3.015666e-01
-0.96 1.200000e+01 3.015663e-01
-0.96 1.250000e+01 3.015653e-01
-0.96 1.300000e+01 3.015621e-01
-0.96 1.350000e+01 3.015520e-01
-0.96 1.400000e+01 3.003984e-01

-0.95 7.000000e+00 2.986704e-01
-0.95 7.500000e+00 2.960290e-01
-0.95 8.000000e+00 2.960290e-01
-0.95 8.500000e+00 2.960290e-01
-0.95 9.000000e+00 2.960290e-01
-0.95 9.500000e+00 2.960290e-01
-0.95 1.000000e+01 2.960290e-01
-0.95 1.050000e+01 2.960290e-01
-0.95 1.100000e+01 2.960290e-01
-0.95 1.150000e+01 2.960288e-01
-0.95 1.200000e+01 2.960284e-01
-0.95 1.250000e+01 2.960270e-01
-0.95 1.300000e+01 2.960226e-01
-0.95 1.350000e+01 2.960087e-01
-0.95 1.400000e+01 2.986150e-01

-0.94 7.000000e+00 2.911583e-01
-0.94 7.500000e+00 2.905100e-01
-0.94 8.000000e+00 2.905100e-01
-0.94 8.500000e+00 2.905100e-01
-0.94 9.000000e+00 2.905100e-01
-0.94 9.500000e+00 2.905100e-01
-0.94 1.000000e+01 2.905100e-01
-0.94 1.050000e+01 2.905100e-01
-0.94 1.100000e+01 2.905099e-01
-0.94 1.150000e+01 2.905097e-01
-0.94 1.200000e+01 2.905091e-01
-0.94 1.250000e+01 2.905072e-01
-0.94 1.300000e+01 2.905012e-01
-0.94 1.350000e+01 2.904821e-01
-0.94 1.400000e+01 2.910732e-01

-0.93 7.000000e+00 2.875781e-01
-0.93 7.500000e+00 2.850104e-01
-0.93 8.000000e+00 2.850104e-01
-0.93 8.500000e+00 2.850104e-01
-0.93 9.000000e+00 2.850104e-01
-0.93 9.500000e+00 2.850104e-01
-0.93 1.000000e+01 2.850104e-01
-0.93 1.050000e+01 2.850103e-01
-0.93 1.100000e+01 2.850103e-01
-0.93 1.150000e+01 2.850100e-01
-0.93 1.200000e+01 2.850092e-01
-0.93 1.250000e+01 2.850066e-01
-0.93 1.300000e+01 2.849983e-01
-0.93 1.350000e+01 2.849721e-01
-0.93 1.400000e+01 2.874735e-01

-0.92 7.000000e+00 2.769374e-01
-0.92 7.500000e+00 2.795307e-01
-0.92 8.000000e+00 2.795307e-01
-0.92 8.500000e+00 2.795307e-01
-0.92 9.000000e+00 2.795307e-01
-0.92 9.500000e+00 2.795307e-01
-0.92 1.000000e+01 2.795307e-01
-0.92 1.050000e+01 2.795307e-01
-0.92 1.100000e+01 2.795305e-01
-0.92 1.150000e+01 2.795302e-01
-0.92 1.200000e+01 2.795291e-01
-0.92 1.250000e+01 2.795255e-01
-0.92 1.300000e+01 2.795141e-01
-0.92 1.350000e+01 2.794782e-01
-0.92 1.400000e+01 2.767440e-01

-0.91 7.000000e+00 2.727445e-01
-0.91 7.500000e+00 2.740717e-01
-0.91 8.000000e+00 2.740717e-01
-0.91 8.500000e+00 2.740717e-01
-0.91 9.000000e+00 2.740717e-01
-0.91 9.500000e+00 2.740717e-01
-0.91 1.000000e+01 2.740717e-01
-0.91 1.050000e+01 2.740716e-01
-0.91 1.100000e+01 2.740715e-01
-0.91 1.150000e+01 2.740710e-01
-0.91 1.200000e+01 2.740694e-01
-0.91 1.250000e+01 2.740645e-01
-0.91 1.300000e+01 2.740489e-01
-0.91 1.350000e+01 2.739996e-01
-0.91 1.400000e+01 2.724980e-01

-0.90 7.000000e+00 2.710906e-01
-0.90 7.500000e+00 2.686340e-01
-0.90 8.000000e+00 2.686340e-01
-0.90 8.500000e+00 2.686340e-01
-0.90 9.000000e+00 2.686340e-01
-0.90 9.500000e+00 2.686340e-01
-0.90 1.000000e+01 2.686340e-01
-0.90 1.050000e+01 2.686339e-01
-0.90 1.100000e+01 2.686337e-01
-0.90 1.150000e+01 2.686330e-01
-0.90 1.200000e+01 2.686309e-01
-0.90 1.250000e+01 2.686241e-01
-0.90 1.300000e+01 2.686028e-01
-0.90 1.350000e+01 2.685351e-01
-0.90 1.400000e+01 2.708191e-01

-0.89 7.000000e+00 2.636271e-01
-0.89 7.500000e+00 2.632183e-01
-0.89 8.000000e+00 2.632183e-01
-0.89 8.500000e+00 2.632183e-01
-0.89 9.000000e+00 2.632183e-01
-0.89 9.500000e+00 2.632183e-01
-0.89 1.000000e+01 2.632183e-01
-0.89 1.050000e+01 2.632182e-01
-0.89 1.100000e+01 2.632179e-01
-0.89 1.150000e+01 2.632170e-01
-0.89 1.200000e+01 2.632140e-01
-0.89 1.250000e+01 2.632048e-01
-0.89 1.300000e+01 2.631755e-01
-0.89 1.350000e+01 2.630827e-01
-0.89 1.400000e+01 2.632076e-01

-0.88 7.000000e+00 2.602073e-01
-0.88 7.500000e+00 2.578254e-01
-0.88 8.000000e+00 2.578254e-01
-0.88 8.500000e+00 2.578254e-01
-0.88 9.000000e+00 2.578254e-01
-0.88 9.500000e+00 2.578253e-01
-0.88 1.000000e+01 2.578253e-01
-0.88 1.050000e+01 2.578252e-01
-0.88 1.100000e+01 2.578248e-01
-0.88 1.150000e+01 2.578235e-01
-0.88 1.200000e+01 2.578195e-01
-0.88 1.250000e+01 2.578068e-01
-0.88 1.300000e+01 2.577667e-01
-0.88 1.350000e+01 2.576395e-01
-0.88 1.400000e+01 2.596949e-01

-0.87 7.000000e+00 2.545738e-01
-0.87 7.500000e+00 2.524559e-01
-0.87 8.000000e+00 2.524559e-01
-0.87 8.500000e+00 2.524559e-01
-0.87 9.000000e+00 2.524559e-01
-0.87 9.500000e+00 2.524559e-01
-0.87 1.000000e+01 2.524558e-01
-0.87 1.050000e+01 2.524556e-01
-0.87 1.100000e+01 2.524551e-01
-0.87 1.150000e+01 2.524534e-01
-0.87 1.200000e+01 2.524479e-01
-0.87 1.250000e+01 2.524305e-01
-0.87 1.300000e+01 2.523755e-01
-0.87 1.350000e+01 2.522011e-01
-0.87 1.400000e+01 2.538603e-01

-0.86 7.000000e+00 2.455880e-01
-0.86 7.500000e+00 2.471107e-01
-0.86 8.000000e+00 2.471107e-01
-0.86 8.500000e+00 2.471107e-01
-0.86 9.000000e+00 2.471107e-01
-0.86 9.500000e+00 2.471106e-01
-0.86 1.000000e+01 2.471106e-01
-0.86 1.050000e+01 2.471103e-01
-0.86 1.100000e+01 2.471096e-01
-0.86 1.150000e+01 2.471072e-01
-0.86 1.200000e+01 2.470997e-01
-0.86 1.250000e+01 2.470759e-01
-0.86 1.300000e+01 2.470005e-01
-0.86 1.350000e+01 2.467615e-01
-0.86 1.400000e+01 2.443743e-01

-0.85 7.000000e+00 2.440598e-01
-0.85 7.500000e+00 2.417905e-01
-0.85 8.000000e+00 2.417905e-01
-0.85 8.500000e+00 2.417905e-01
-0.85 9.000000e+00 2.417905e-01
-0.85 9.500000e+00 2.417905e-01
-0.85 1.000000e+01 2.417904e-01
-0.85 1.050000e+01 2.417900e-01
-0.85 1.100000e+01 2.417890e-01
-0.85 1.150000e+01 2.417858e-01
-0.85 1.200000e+01 2.417755e-01
-0.85 1.250000e+01 2.417428e-01
-0.85 1.300000e+01 2.416395e-01
-0.85 1.350000e+01 2.413120e-01
-0.85 1.400000e+01 2.427307e-01

-0.84 7.000000e+00 2.366738e-01
-0.84 7.500000e+00 2.364962e-01
-0.84 8.000000e+00 2.364962e-01
-0.84 8.500000e+00 2.364962e-01
-0.84 9.000000e+00 2.364962e-01
-0.84 9.500000e+00 2.364962e-01
-0.84 1.000000e+01 2.364960e-01
-0.84 1.050000e+01 2.364956e-01
-0.84 1.100000e+01 2.364942e-01
-0.84 1.150000e+01 2.364897e-01
-0.84 1.200000e+01 2.364756e-01
-0.84 1.250000e+01 2.364309e-01
-0.84 1.300000e+01 2.362895e-01
-0.84 1.350000e+01 2.358405e-01
-0.84 1.400000e+01 2.346076e-01

-0.83 7.000000e+00 2.334224e-01
-0.83 7.500000e+00 2.312287e-01
-0.83 8.000000e+00 2.312287e-01
-0.83 8.500000e+00 2.312287e-01
-0.83 9.000000e+00 2.312286e-01
-0.83 9.500000e+00 2.312286e-01
-0.83 1.000000e+01 2.312284e-01
-0.83 1.050000e+01 2.312278e-01
-0.83 1.100000e+01 2.312259e-01
-0.83 1.150000e+01 2.312198e-01
-0.83 1.200000e+01 2.312004e-01
-0.83 1.250000e+01 2.311393e-01
-0.83 1.300000e+01 2.309455e-01
-0.83 1.350000e+01 2.303301e-01
-0.83 1.400000e+01 2.309103e-01

-0.82 7.000000e+00 2.278349e-01
-0.82 7.500000e+00 2.259887e-01
-0.82 8.000000e+00 2.259887e-01
-0.82 8.500000e+00 2.259887e-01
-0.82 9.000000e+00 2.259887e-01
-0.82 9.500000e+00 2.259886e-01
-0.82 1.000000e+01 2.259883e-01
-0.82 1.050000e+01 2.259875e-01
-0.82 1.100000e+01 2.259849e-01
-0.82 1.150000e+01 2.259765e-01
-0.82 1.200000e+01 2.259501e-01
-0.82 1.250000e+01 2.258664e-01
-0.82 1.300000e+01 2.256011e-01
-0.82 1.350000e+01 2.247574e-01
-0.82 1.400000e+01 2.243125e-01

-0.81 7.000000e+00 2.226289e-01
-0.81 7.500000e+00 2.207773e-01
-0.81 8.000000e+00 2.207773e-01
-0.81 8.500000e+00 2.207773e-01
-0.81 9.000000e+00 2.207772e-01
-0.81 9.500000e+00 2.207771e-01
-0.81 1.000000e+01 2.207768e-01
-0.81 1.050000e+01 2.207756e-01
-0.81 1.100000e+01 2.207720e-01
-0.81 1.150000e+01 2.207606e-01
-0.81 1.200000e+01 2.207244e-01
-0.81 1.250000e+01 2.206099e-01
-0.81 1.300000e+01 2.202467e-01
-0.81 1.350000e+01 2.190897e-01
-0.81 1.400000e+01 2.177896e-01

-0.80 7.000000e+00 2.176749e-01
-0.80 7.500000e+00 2.155953e-01
-0.80 8.000000e+00 2.155953e-01
-0.80 8.500000e+00 2.155953e-01
-0.80 9.000000e+00 2.155953e-01
-0.80 9.500000e+00 2.155951e-01
-0.80 1.000000e+01 2.155946e-01
-0.80 1.050000e+01 2.155930e-01
-0.80 1.100000e+01 2.155881e-01
-0.80 1.150000e+01 2.155725e-01
-0.80 1.200000e+01 2.155230e-01
-0.80 1.250000e+01 2.153664e-01
-0.80 1.300000e+01 2.148692e-01
-0.80 1.350000e+01 2.132816e-01
-0.80 1.400000e+01 2.111093e-01

-0.79 7.000000e+00 2.104006e-01
-0.79 7.500000e+00 2.104438e-01
-0.79 8.000000e+00 2.104438e-01
-0.79 8.500000e+00 2.104438e-01
-0.79 9.000000e+00 2.104437e-01
-0.79 9.500000e+00 2.104435e-01
-0.79 1.000000e+01 2.104428e-01
-0.79 1.050000e+01 2.104407e-01
-0.79 1.100000e+01 2.104339e-01
-0.79 1.150000e+01 2.104126e-01
-0.79 1.200000e+01 2.103450e-01
-0.79 1.250000e+01 2.101307e-01
-0.79 1.300000e+01 2.094500e-01
-0.79 1.350000e+01 2.072700e-01
-0.79 1.400000e+01 2.000667e-01

-0.78 7.000000e+00 2.073268e-01
-0.78 7.500000e+00 2.053237e-01
-0.78 8.000000e+00 2.053237e-01
-0.78 8.500000e+00 2.053237e-01
-0.78 9.000000e+00 2.053236e-01
-0.78 9.500000e+00 2.053233e-01
-0.78 1.000000e+01 2.053224e-01
-0.78 1.050000e+01 2.053195e-01
-0.78 1.100000e+01 2.053102e-01
-0.78 1.150000e+01 2.052811e-01
-0.78 1.200000e+01 2.051887e-01
-0.78 1.250000e+01 2.048957e-01
-0.78 1.300000e+01 2.039637e-01
-0.78 1.350000e+01 2.009670e-01
-0.78 1.400000e+01 1.947835e-01

-0.77 7.000000e+00 2.018145e-01
-0.77 7.500000e+00 2.002361e-01
-0.77 8.000000e+00 2.002361e-01
-0.77 8.500000e+00 2.002361e-01
-0.77 9.000000e+00 2.002360e-01
-0.77 9.500000e+00 2.002356e-01
-0.77 1.000000e+01 2.002343e-01
-0.77 1.050000e+01 2.002303e-01
-0.77 1.100000e+01 2.002177e-01
-0.77 1.150000e+01 2.001779e-01
-0.77 1.200000e+01 2.000516e-01
-0.77 1.250000e+01 1.996511e-01
-0.77 1.300000e+01 1.983746e-01
-0.77 1.350000e+01 1.942497e-01
-0.77 1.400000e+01 1.840145e-01

-0.76 7.000000e+00 1.933222e-01
-0.76 7.500000e+00 1.951822e-01
-0.76 8.000000e+00 1.951821e-01
-0.76 8.500000e+00 1.951821e-01
-0.76 9.000000e+00 1.951819e-01
-0.76 9.500000e+00 1.951814e-01
-0.76 1.000000e+01 1.951797e-01
-0.76 1.050000e+01 1.951742e-01
-0.76 1.100000e+01 1.951570e-01
-0.76 1.150000e+01 1.951026e-01
-0.76 1.200000e+01 1.949301e-01
-0.76 1.250000e+01 1.943826e-01
-0.76 1.300000e+01 1.926334e-01
-0.76 1.350000e+01 1.869464e-01
-0.76 1.400000e+01 1.628381e-01

-0.75 7.000000e+00 1.920504e-01
-0.75 7.500000e+00 1.901629e-01
-0.75 8.000000e+00 1.901628e-01
-0.75 8.500000e+00 1.901628e-01
-0.75 9.000000e+00 1.901625e-01
-0.75 9.500000e+00 1.901618e-01
-0.75 1.000000e+01 1.901595e-01
-0.75 1.050000e+01 1.901520e-01
-0.75 1.100000e+01 1.901286e-01
-0.75 1.150000e+01 1.900543e-01
-0.75 1.200000e+01 1.898188e-01
-0.75 1.250000e+01 1.890703e-01
-0.75 1.300000e+01 1.866718e-01
-0.75 1.350000e+01 1.788185e-01
-0.75 1.400000e+01 1.590644e-01

-0.74 7.000000e+00 1.849292e-01
-0.74 7.500000e+00 1.851794e-01
-0.74 8.000000e+00 1.851794e-01
-0.74 8.500000e+00 1.851793e-01
-0.74 9.000000e+00 1.851790e-01
-0.74 9.500000e+00 1.851780e-01
-0.74 1.000000e+01 1.851748e-01
-0.74 1.050000e+01 1.851647e-01
-0.74 1.100000e+01 1.851327e-01
-0.74 1.150000e+01 1.850313e-01
-0.74 1.200000e+01 1.847098e-01
-0.74 1.250000e+01 1.836866e-01
-0.74 1.300000e+01 1.803945e-01
-0.74 1.350000e+01 1.695423e-01
-0.74 1.400000e+01 1.348550e-01

-0.73 7.000000e+00 1.820432e-01
-0.73 7.500000e+00 1.802331e-01
-0.73 8.000000e+00 1.802330e-01
-0.73 8.500000e+00 1.802329e-01
-0.73 9.000000e+00 1.802325e-01
-0.73 9.500000e+00 1.802311e-01
-0.73 1.000000e+01 1.802267e-01
-0.73 1.050000e+01 1.802129e-01
-0.73 1.100000e+01 1.801693e-01
-0.73 1.150000e+01 1.800310e-01
-0.73 1.200000e+01 1.795922e-01
-0.73 1.250000e+01 1.781932e-01
-0.73 1.300000e+01 1.736691e-01
-0.73 1.350000e+01 1.587043e-01
-0.73 1.400000e+01 1.238168e-01

-0.72 7.000000e+00 1.766410e-01
-0.72 7.500000e+00 1.753250e-01
-0.72 8.000000e+00 1.753250e-01
-0.72 8.500000e+00 1.753248e-01
-0.72 9.000000e+00 1.753242e-01
-0.72 9.500000e+00 1.753223e-01
-0.72 1.000000e+01 1.753164e-01
-0.72 1.050000e+01 1.752976e-01
-0.72 1.100000e+01 1.752381e-01
-0.72 1.150000e+01 1.750495e-01
-0.72 1.200000e+01 1.744508e-01
-0.72 1.250000e+01 1.725371e-01
-0.72 1.300000e+01 1.663121e-01
-0.72 1.350000e+01 1.458590e-01
-0.72 1.400000e+01 1.023921e-01

-0.71 7.000000e+00 1.713612e-01
-0.71 7.500000e+00 1.704566e-01
-0.71 8.000000e+00 1.704565e-01
-0.71 8.500000e+00 1.704563e-01
-0.71 9.000000e+00 1.704555e-01
-0.71 9.500000e+00 1.704529e-01
-0.71 1.000000e+01 1.704448e-01
-0.71 1.050000e+01 1.704192e-01
-0.71 1.100000e+01 1.703381e-01
-0.71 1.150000e+01 1.700811e-01
-0.71 1.200000e+01 1.692642e-01
-0.71 1.250000e+01 1.666448e-01
-0.71 1.300000e+01 1.580726e-01
-0.71 1.350000e+01 1.307337e-01
-0.71 1.400000e+01 8.168911e-02

-0.70 7.000000e+00 1.673225e-01
-0.70 7.500000e+00 1.656291e-01
-0.70 8.000000e+00 1.656290e-01
-0.70 8.500000e+00 1.656286e-01
-0.70 9.000000e+00 1.656275e-01
-0.70 9.500000e+00 1.656240e-01
-0.70 1.000000e+01 1.656130e-01
-0.70 1.050000e+01 1.655781e-01
-0.70 1.100000e+01 1.654677e-01
-0.70 1.150000e+01 1.651176e-01
-0.70 1.200000e+01 1.640030e-01
-0.70 1.250000e+01 1.604150e-01
-0.70 1.300000e+01 1.486200e-01
-0.70 1.350000e+01 1.135964e-01
-0.70 1.400000e+01 6.672322e-02

-0.69 7.000000e+00 1.604037e-01
-0.69 7.500000e+00 1.608438e-01
-0.69 8.000000e+00 1.608437e-01
-0.69 8.500000e+00 1.608432e-01
-0.69 9.000000e+00 1.608417e-01
-0.69 9.500000e+00 1.608370e-01
-0.69 1.000000e+01 1.608220e-01
-0.69 1.050000e+01 1.607745e-01
-0.69 1.100000e+01 1.606242e-01
-0.69 1.150000e+01 1.601474e-01
-0.69 1.200000e+01 1.586264e-01
-0.69 1.250000e+01 1.537073e-01
-0.69 1.300000e+01 1.375609e-01
-0.69 1.350000e+01 9.543377e-02
-0.69 1.400000e+01 4.460352e-02

-0.68 7.000000e+00 1.577176e-01
-0.68 7.500000e+00 1.561023e-01
-0.68 8.000000e+00 1.561021e-01
-0.68 8.500000e+00 1.561015e-01
-0.68 9.000000e+00 1.560994e-01
-0.68 9.500000e+00 1.560930e-01
-0.68 1.000000e+01 1.560726e-01
-0.68 1.050000e+01 1.560081e-01
-0.68 1.100000e+01 1.558036e-01
-0.68 1.150000e+01 1.551543e-01
-0.68 1.200000e+01 1.530784e-01
-0.68 1.250000e+01 1.463297e-01
-0.68 1.300000e+01 1.245427e-01
-0.68 1.350000e+01 7.722238e-02
-0.68 1.400000e+01 3.749245e-02

-0.67 7.000000e+00 1.524676e-01
-0.67 7.500000e+00 1.514060e-01
-0.67 8.000000e+00 1.514057e-01
-0.67 8.500000e+00 1.514048e-01
-0.67 9.000000e+00 1.514021e-01
-0.67 9.500000e+00 1.513933e-01
-0.67 1.000000e+01 1.513656e-01
-0.67 1.050000e+01 1.512779e-01
-0.67 1.100000e+01 1.509999e-01
-0.67 1.150000e+01 1.501160e-01
-0.67 1.200000e+01 1.472814e-01
-0.67 1.250000e+01 1.380258e-01
-0.67 1.300000e+01 1.095163e-01
-0.67 1.350000e+01 6.022065e-02
-0.67 1.400000e+01 2.607308e-02

-0.66 7.000000e+00 1.446624e-01
-0.66 7.500000e+00 1.467564e-01
-0.66 8.000000e+00 1.467560e-01
-0.66 8.500000e+00 1.467548e-01
-0.66 9.000000e+00 1.467510e-01
-0.66 9.500000e+00 1.467392e-01
-0.66 1.000000e+01 1.467015e-01
-0.66 1.050000e+01 1.465823e-01
-0.66 1.100000e+01 1.462045e-01
-0.66 1.150000e+01 1.450014e-01
-0.66 1.200000e+01 1.411292e-01
-0.66 1.250000e+01 1.284733e-01
-0.66 1.300000e+01 9.301039e-02
-0.66 1.350000e+01 4.544344e-02
-0.66 1.400000e+01 1.449972e-02

-0.65 7.000000e+00 1.436527e-01
-0.65 7.500000e+00 1.421550e-01
-0.65 8.000000e+00 1.421545e-01
-0.65 8.500000e+00 1.421529e-01
-0.65 9.000000e+00 1.421478e-01
-0.65 9.500000e+00 1.421316e-01
-0.65 1.000000e+01 1.420805e-01
-0.65 1.050000e+01 1.419187e-01
-0.65 1.100000e+01 1.414054e-01
-0.65 1.150000e+01 1.397680e-01
-0.65 1.200000e+01 1.344763e-01
-0.65 1.250000e+01 1.173292e-01
-0.65 1.300000e+01 7.583698e-02
-0.65 1.350000e+01 3.335534e-02
-0.65 1.400000e+01 1.339584e-02

-0.64 7.000000e+00 1.394490e-01
-0.64 7.500000e+00 1.376034e-01
-0.64 8.000000e+00 1.376027e-01
-0.64 8.500000e+00 1.376006e-01
-0.64 9.000000e+00 1.375936e-01
-0.64 9.500000e+00 1.375718e-01
-0.64 1.000000e+01 1.375025e-01
-0.64 1.050000e+01 1.372829e-01
-0.64 1.100000e+01 1.365858e-01
-0.64 1.150000e+01 1.343573e-01
-0.64 1.200000e+01 1.271275e-01
-0.64 1.250000e+01 1.043820e-01
-0.64 1.300000e+01 5.942321e-02
-0.64 1.350000e+01 2.394964e-02
-0.64 1.400000e+01 9.570524e-03

-0.63 7.000000e+00 1.345226e-01
-0.63 7.500000e+00 1.331034e-01
-0.63 8.000000e+00 1.331025e-01
-0.63 8.500000e+00 1.330995e-01
-0.63 9.000000e+00 1.330901e-01
-0.63 9.500000e+00 1.330605e-01
-0.63 1.000000e+01 1.329666e-01
-0.63 1.050000e+01 1.326689e-01
-0.63 1.100000e+01 1.317226e-01
-0.63 1.150000e+01 1.286892e-01
-0.63 1.200000e+01 1.188307e-01
-0.63 1.250000e+01 8.972850e-02
-0.63 1.300000e+01 4.496026e-02
-0.63 1.350000e+01 1.691327e-02
-0.63 1.400000e+01 6.377974e-03

-0.62 7.000000e+00 1.294750e-01
-0.62 7.500000e+00 1.286566e-01
-0.62 8.000000e+00 1.286553e-01
-0.62 8.500000e+00 1.286513e-01
-0.62 9.000000e+00 1.286386e-01
-0.62 9.500000e+00 1.285984e-01
-0.62 1.000000e+01 1.284712e-01
-0.62 1.050000e+01 1.280678e-01
-0.62 1.100000e+01 1.267838e-01
-0.62 1.150000e+01 1.226548e-01
-0.62 1.200000e+01 1.092925e-01
-0.62 1.250000e+01 7.391881e-02
-0.62 1.300000e+01 3.304536e-02
-0.62 1.350000e+01 1.180157e-02
-0.62 1.400000e+01 4.161438e-03

-0.61 7.000000e+00 1.243392e-01
-0.61 7.500000e+00 1.242647e-01
-0.61 8.000000e+00 1.242629e-01
-0.61 8.500000e+00 1.242575e-01
-0.61 9.000000e+00 1.242403e-01
-0.61 9.500000e+00 1.241860e-01
-0.61 1.000000e+01 1.240138e-01
-0.61 1.050000e+01 1.234675e-01
-0.61 1.100000e+01 1.217256e-01
-0.61 1.150000e+01 1.161077e-01
-0.61 1.200000e+01 9.825061e-02
-0.61 1.250000e+01 5.835230e-02
-0.61 1.300000e+01 2.374256e-02
-0.61 1.350000e+01 8.165381e-03
-0.61 1.400000e+01 2.667748e-03

-0.60 7.000000e+00 1.212311e-01
-0.60 7.500000e+00 1.199295e-01
-0.60 8.000000e+00 1.199271e-01
-0.60 8.500000e+00 1.199198e-01
-0.60 9.000000e+00 1.198966e-01
-0.60 9.500000e+00 1.198231e-01
-0.60 1.000000e+01 1.195902e-01
-0.60 1.050000e+01 1.188508e-01
-0.60 1.100000e+01 1.164886e-01
-0.60 1.150000e+01 1.088565e-01
-0.60 1.200000e+01 8.546202e-02
-0.60 1.250000e+01 4.435283e-02
-0.60 1.300000e+01 1.677194e-02
-0.60 1.350000e+01 5.616495e-03
-0.60 1.400000e+01 2.028950e-03

-0.59 7.000000e+00 1.149053e-01
-0.59 7.500000e+00 1.156528e-01
-0.59 8.000000e+00 1.156497e-01
-0.59 8.500000e+00 1.156397e-01
-0.59 9.000000e+00 1.156084e-01
-0.59 9.500000e+00 1.155091e-01
-0.59 1.000000e+01 1.151944e-01
-0.59 1.050000e+01 1.141943e-01
-0.59 1.100000e+01 1.109919e-01
-0.59 1.150000e+01 1.006675e-01
-0.59 1.200000e+01 7.129032e-02
-0.59 1.250000e+01 3.268315e-02
-0.59 1.300000e+01 1.170434e-02
-0.59 1.350000e+01 3.847735e-03
-0.59 1.400000e+01 1.150215e-03

-0.58 7.000000e+00 1.126602e-01
-0.58 7.500000e+00 1.114365e-01
-0.58 8.000000e+00 1.114323e-01
-0.58 8.500000e+00 1.114189e-01
-0.58 9.000000e+00 1.113766e-01
-0.58 9.500000e+00 1.112425e-01
-0.58 1.000000e+01 1.108176e-01
-0.58 1.050000e+01 1.094656e-01
-0.58 1.100000e+01 1.051273e-01
-0.58 1.150000e+01 9.120758e-02
-0.58 1.200000e+01 5.687440e-02
-0.58 1.250000e+01 2.351473e-02
-0.58 1.300000e+01 8.098392e-03
-0.58 1.350000e+01 2.628756e-03
-0.58 1.400000e+01 9.371919e-04

-0.57 7.000000e+00 1.078737e-01
-0.57 7.500000e+00 1.072824e-01
-0.57 8.000000e+00 1.072767e-01
-0.57 8.500000e+00 1.072587e-01
-0.57 9.000000e+00 1.072016e-01
-0.57 9.500000e+00 1.070209e-01
-0.57 1.000000e+01 1.064477e-01
-0.57 1.050000e+01 1.046211e-01
-0.57 1.100000e+01 9.875063e-02
-0.57 1.150000e+01 8.019395e-02
-0.57 1.200000e+01 4.354746e-02
-0.57 1.250000e+01 1.662283e-02
-0.57 1.300000e+01 5.570417e-03
-0.57 1.350000e+01 1.792594e-03
-0.57 1.400000e+01 6.019394e-04

-0.56 7.000000e+00 1.043391e-01
-0.56 7.500000e+00 1.031925e-01
-0.56 8.000000e+00 1.031848e-01
-0.56 8.500000e+00 1.031606e-01
-0.56 9.000000e+00 1.030837e-01
-0.56 9.500000e+00 1.028403e-01
-0.56 1.000000e+01 1.020675e-01
-0.56 1.050000e+01 9.960154e-02
-0.56 1.100000e+01 9.160273e-02
-0.56 1.150000e+01 6.781243e-02
-0.56 1.200000e+01 3.223421e-02
-0.56 1.250000e+01 1.160439e-02
-0.56 1.300000e+01 3.816117e-03
-0.56 1.350000e+01 1.220845e-03
-0.56 1.400000e+01 4.316982e-04

-0.55 7.000000e+00 1.010229e-01
-0.55 7.500000e+00 9.916767e-02
-0.55 8.000000e+00 9.915733e-02
-0.55 8.500000e+00 9.912460e-02
-0.55 9.000000e+00 9.902095e-02
-0.55 9.500000e+00 9.869229e-02
-0.55 1.000000e+01 9.764641e-02
-0.55 1.050000e+01 9.428600e-02
-0.55 1.100000e+01 8.342221e-02
-0.55 1.150000e+01 5.483680e-02
-0.55 1.200000e+01 2.325140e-02
-0.55 1.250000e+01 8.030592e-03
-0.55 1.300000e+01 2.607113e-03
-0.55 1.350000e+01 8.307359e-04
-0.55 1.400000e+01 3.146254e-04

-0.54 7.000000e+00 9.612898e-02
-0.54 7.500000e+00 9.518146e-02
-0.54 8.000000e+00 9.516742e-02
-0.54 8.500000e+00 9.512297e-02
-0.54 9.000000e+00 9.498219e-02
-0.54 9.500000e+00 9.453563e-02
-0.54 1.000000e+01 9.311273e-02
-0.54 1.050000e+01 8.853316e-02
-0.54 1.100000e+01 7.402697e-02
-0.54 1.150000e+01 4.244222e-02
-0.54 1.200000e+01 1.645990e-02
-0.54 1.250000e+01 5.524193e-03
-0.54 1.300000e+01 1.777808e-03
-0.54 1.350000e+01 5.649504e-04
-0.54 1.400000e+01 1.960017e-04

-0.53 7.000000e+00 9.228103e-02
-0.53 7.500000e+00 9.122494e-02
-0.53 8.000000e+00 9.120591e-02
-0.53 8.500000e+00 9.114567e-02
-0.53 9.000000e+00 9.095485e-02
-0.53 9.500000e+00 9.034922e-02
-0.53 1.000000e+01 8.841705e-02
-0.53 1.050000e+01 8.220108e-02
-0.53 1.100000e+01 6.344081e-02
-0.53 1.150000e+01 3.164578e-02
-0.53 1.200000e+01 1.149934e-02
-0.53 1.250000e+01 3.784559e-03
-0.53 1.300000e+01 1.210760e-03
-0.53 1.350000e+01 3.840470e-04
-0.53 1.400000e+01 1.346697e-04

-0.52 7.000000e+00 8.770509e-02
-0.52 7.500000e+00 8.730352e-02
-0.52 8.000000e+00 8.727779e-02
-0.52 8.500000e+00 8.719632e-02
-0.52 9.000000e+00 8.693821e-02
-0.52 9.500000e+00 8.611855e-02
-0.52 1.000000e+01 8.350093e-02
-0.52 1.050000e+01 7.512610e-02
-0.52 1.100000e+01 5.210699e-02
-0.52 1.150000e+01 2.292873e-02
-0.52 1.200000e+01 7.961050e-03
-0.52 1.250000e+01 2.585571e-03
-0.52 1.300000e+01 8.238657e-04
-0.52 1.350000e+01 2.610001e-04
-0.52 1.400000e+01 8.581724e-05

-0.51 7.000000e+00 8.442334e-02
-0.51 7.500000e+00 8.342284e-02
-0.51 8.000000e+00 8.338813e-02
-0.51 8.500000e+00 8.327821e-02
-0.51 9.000000e+00 8.292986e-02
-0.51 9.500000e+00 8.182309e-02
-0.51 1.000000e+01 7.828782e-02
-0.51 1.050000e+01 6.715878e-02
-0.51 1.100000e+01 4.091506e-02
-0.51 1.150000e+01 1.627319e-02
-0.51 1.200000e+01 5.477465e-03
-0.51 1.250000e+01 1.763116e-03
-0.51 1.300000e+01 5.602742e-04
-0.51 1.350000e+01 1.773442e-04
-0.51 1.400000e+01 6.190748e-05

-0.50 7.000000e+00 8.120670e-02
-0.50 7.500000e+00 7.958876e-02
-0.50 8.000000e+00 7.954203e-02
-0.50 8.500000e+00 7.939408e-02
-0.50 9.000000e+00 7.892511e-02
-0.50 9.500000e+00 7.743449e-02
-0.50 1.000000e+01 7.268150e-02
-0.50 1.050000e+01 5.825501e-02
-0.50 1.100000e+01 3.084332e-02
-0.50 1.150000e+01 1.138519e-02
-0.50 1.200000e+01 3.752922e-03
-0.50 1.250000e+01 1.200747e-03
-0.50 1.300000e+01 3.808662e-04
-0.50 1.350000e+01 1.204867e-04
-0.50 1.400000e+01 4.480399e-05

-0.49 7.000000e+00 7.485287e-02
-0.49 7.500000e+00 7.580722e-02
-0.49 8.000000e+00 7.574449e-02
-0.49 8.500000e+00 7.554586e-02
-0.49 9.000000e+00 7.491613e-02
-0.49 9.500000e+00 7.291468e-02
-0.49 1.000000e+01 6.657002e-02
-0.49 1.050000e+01 4.862722e-02
-0.49 1.100000e+01 2.250997e-02
-0.49 1.150000e+01 7.888194e-03
-0.49 1.200000e+01 2.564078e-03
-0.49 1.250000e+01 8.170481e-04
-0.49 1.300000e+01 2.588374e-04
-0.49 1.350000e+01 8.185112e-05
-0.49 1.400000e+01 2.338941e-05

-0.48 7.000000e+00 7.300129e-02
-0.48 7.500000e+00 7.208422e-02
-0.48 8.000000e+00 7.200024e-02
-0.48 8.500000e+00 7.173428e-02
-0.48 9.000000e+00 7.089112e-02
-0.48 9.500000e+00 6.821395e-02
-0.48 1.000000e+01 5.984410e-02
-0.48 1.050000e+01 3.885218e-02
-0.48 1.100000e+01 1.604653e-02
-0.48 1.150000e+01 5.429622e-03
-0.48 1.200000e+01 1.748495e-03
-0.48 1.250000e+01 5.556351e-04
-0.48 1.300000e+01 1.758743e-04
-0.48 1.350000e+01 5.560130e-05
-0.48 1.400000e+01 1.928939e-05

-0.47 7.000000e+00 7.012259e-02
-0.47 7.500000e+00 6.842567e-02
-0.47 8.000000e+00 6.831354e-02
-0.47 8.500000e+00 6.795848e-02
-0.47 9.000000e+00 6.683317e-02
-0.47 9.500000e+00 6.327005e-02
-0.47 1.000000e+01 5.244499e-02
-0.47 1.050000e+01 2.973455e-02
-0.47 1.100000e+01 1.125527e-02
-0.47 1.150000e+01 3.720971e-03
-0.47 1.200000e+01 1.190799e-03
-0.47 1.250000e+01 3.777111e-04
-0.47 1.300000e+01 1.194878e-04
-0.47 1.350000e+01 3.776837e-05
-0.47 1.400000e+01 1.424601e-05

-0.46 7.000000e+00 6.570438e-02
-0.46 7.500000e+00 6.483729e-02
-0.46 8.000000e+00 6.468804e-02
-0.46 8.500000e+00 6.421550e-02
-0.46 9.000000e+00 6.271907e-02
-0.46 9.500000e+00 5.801021e-02
-0.46 1.000000e+01 4.445416e-02
-0.46 1.050000e+01 2.194234e-02
-0.46 1.100000e+01 7.809375e-03
-0.46 1.150000e+01 2.542542e-03
-0.46 1.200000e+01 8.102798e-04
-0.46 1.250000e+01 2.566924e-04
-0.46 1.300000e+01 8.117241e-05
-0.46 1.350000e+01 2.565429e-05
-0.46 1.400000e+01 8.864739e-06

-0.45 7.000000e+00 6.269987e-02
-0.45 7.500000e+00 6.132445e-02
-0.45 8.000000e+00 6.112642e-02
-0.45 8.500000e+00 6.049963e-02
-0.45 9.000000e+00 5.851825e-02
-0.45 9.500000e+00 5.236043e-02
-0.45 1.000000e+01 3.619455e-02
-0.45 1.050000e+01 1.575481e-02
-0.45 1.100000e+01 5.379632e-03
-0.45 1.150000e+01 1.733911e-03
-0.45 1.200000e+01 5.510317e-04
-0.45 1.250000e+01 1.744164e-04
-0.45 1.300000e+01 5.514020e-05
-0.45 1.350000e+01 1.742545e-05
-0.45 1.400000e+01 6.373419e-06

-0.44 7.000000e+00 5.820333e-02
-0.44 7.500000e+00 5.789204e-02
-0.44 8.000000e+00 5.763014e-02
-0.44 8.500000e+00 5.680177e-02
-0.44 9.000000e+00 5.419227e-02
-0.44 9.500000e+00 4.626955e-02
-0.44 1.000000e+01 2.822885e-02
-0.44 1.050000e+01 1.109878e-02
-0.44 1.100000e+01 3.688307e-03
-0.44 1.150000e+01 1.180901e-03
-0.44 1.200000e+01 3.745810e-04
-0.44 1.250000e+01 1.184972e-04
-0.44 1.300000e+01 3.745514e-05
-0.44 1.350000e+01 1.183594e-05
-0.44 1.400000e+01 3.839261e-06

-0.43 7.000000e+00 5.536309e-02
-0.43 7.500000e+00 5.454422e-02
-0.43 8.000000e+00 5.419904e-02
-0.43 8.500000e+00 5.310871e-02
-0.43 9.000000e+00 4.969578e-02
-0.43 9.500000e+00 3.975676e-02
-0.43 1.000000e+01 2.115889e-02
-0.43 1.050000e+01 7.720190e-03
-0.43 1.100000e+01 2.520812e-03
-0.43 1.150000e+01 8.035553e-04
-0.43 1.200000e+01 2.545648e-04
-0.43 1.250000e+01 8.049931e-05
-0.43 1.300000e+01 2.544152e-05
-0.43 1.350000e+01 8.039289e-06
-0.43 1.400000e+01 2.761645e-06

-0.42 7.000000e+00 5.148104e-02
-0.42 7.500000e+00 5.128427e-02
-0.42 8.000000e+00 5.083101e-02
-0.42 8.500000e+00 4.940247e-02
-0.42 9.000000e+00 4.498110e-02
-0.42 9.500000e+00 3.297908e-02
-0.42 1.000000e+01 1.536158e-02
-0.42 1.050000e+01 5.325757e-03
-0.42 1.100000e+01 1.719306e-03
-0.42 1.150000e+01 5.464618e-04
-0.42 1.200000e+01 1.729704e-04
-0.42 1.250000e+01 5.468292e-05
-0.42 1.300000e+01 1.728092e-05
-0.42 1.350000e+01 5.460473e-06
-0.42 1.400000e+01 1.736604e-06

-0.41 7.000000e+00 4.893764e-02
-0.41 7.500000e+00 4.811434e-02
-0.41 8.000000e+00 4.752147e-02
-0.41 8.500000e+00 4.565997e-02
-0.41 9.000000e+00 4.000978e-02
-0.41 9.500000e+00 2.627336e-02
-0.41 1.000000e+01 1.089881e-02
-0.41 1.050000e+01 3.654258e-03
-0.41 1.100000e+01 1.171031e-03
-0.41 1.150000e+01 3.714752e-04
-0.41 1.200000e+01 1.175146e-04
-0.41 1.250000e+01 3.714450e-05
-0.41 1.300000e+01 1.173776e-05
-0.41 1.350000e+01 3.708866e-06
-0.41 1.400000e+01 1.269104e-06

-0.40 7.000000e+00 4.628412e-02
-0.40 7.500000e+00 4.503521e-02
-0.40 8.000000e+00 4.426299e-02
-0.40 8.500000e+00 4.185349e-02
-0.40 9.000000e+00 3.477614e-02
-0.40 9.500000e+00 2.009121e-02
-0.40 1.000000e+01 7.613472e-03
-0.40 1.050000e+01 2.498628e-03
-0.40 1.100000e+01 7.968661e-04
-0.40 1.150000e+01 2.524541e-04
-0.40 1.200000e+01 7.983177e-05
-0.40 1.250000e+01 2.523050e-05
-0.40 1.300000e+01 7.972606e-06
-0.40 1.350000e+01 2.519132e-06
-0.40 1.400000e+01 9.064876e-07

-0.39 7.000000e+00 4.138453e-02
-0.39 7.500000e+00 4.204605e-02
-0.39 8.000000e+00 4.104492e-02
-0.39 8.500000e+00 3.795274e-02
-0.39 9.000000e+00 2.934475e-02
-0.39 9.500000e+00 1.481964e-02
-0.39 1.000000e+01 5.265103e-03
-0.39 1.050000e+01 1.704580e-03
-0.39 1.100000e+01 5.419220e-04
-0.39 1.150000e+01 1.715362e-04
-0.39 1.200000e+01 5.422942e-05
-0.39 1.250000e+01 1.713758e-05
-0.39 1.300000e+01 5.415179e-06
-0.39 1.350000e+01 1.711039e-06
-0.39 1.400000e+01 4.731755e-07

-0.38 7.000000e+00 4.008394e-02
-0.38 7.500000e+00 3.914412e-02
-0.38 8.000000e+00 3.785309e-02
-0.38 8.500000e+00 3.393027e-02
-0.38 9.000000e+00 2.388973e-02
-0.38 9.500000e+00 1.063059e-02
-0.38 1.000000e+01 3.617685e-03
-0.38 1.050000e+01 1.161150e-03
-0.38 1.100000e+01 3.683922e-04
-0.38 1.150000e+01 1.165402e-04
-0.38 1.200000e+01 3.683643e-05
-0.38 1.250000e+01 1.164040e-05
-0.38 1.300000e+01 3.678102e-06
-0.38 1.350000e+01 1.162167e-06
-0.38 1.400000e+01 3.953562e-07

-0.37 7.000000e+00 3.762267e-02
-0.37 7.500000e+00 3.632460e-02
-0.37 8.000000e+00 3.467002e-02
-0.37 8.500000e+00 2.977242e-02
-0.37 9.000000e+00 1.869575e-02
-0.37 9.500000e+00 7.477959e-03
-0.37 1.000000e+01 2.475550e-03
-0.37 1.050000e+01 7.901974e-04
-0.37 1.100000e+01 2.503598e-04
-0.37 1.150000e+01 7.916973e-05
-0.37 1.200000e+01 2.502124e-05
-0.37 1.250000e+01 7.906476e-06
-0.37 1.300000e+01 2.498236e-06
-0.37 1.350000e+01 7.893626e-07
-0.37 1.400000e+01 2.788187e-07

-0.36 7.000000e+00 3.472316e-02
-0.36 7.500000e+00 3.358029e-02
-0.36 8.000000e+00 3.147583e-02
-0.36 8.500000e+00 2.549822e-02
-0.36 9.000000e+00 1.407926e-02
-0.36 9.500000e+00 5.192947e-03
-0.36 1.000000e+01 1.689565e-03
-0.36 1.050000e+01 5.374066e-04
-0.36 1.100000e+01 1.701135e-04
-0.36 1.150000e+01 5.377967e-05
-0.36 1.200000e+01 1.699544e-05
-0.36 1.250000e+01 5.370262e-06
-0.36 1.300000e+01 1.696846e-06
-0.36 1.350000e+01 5.361477e-07
-0.36 1.400000e+01 1.816835e-07

-0.35 7.000000e+00 3.249350e-02
-0.35 7.500000e+00 3.090151e-02
-0.35 8.000000e+00 2.825063e-02
-0.35 8.500000e+00 2.118447e-02
-0.35 9.000000e+00 1.026154e-02
-0.35 9.500000e+00 3.576695e-03
-0.35 1.000000e+01 1.151195e-03
-0.35 1.050000e+01 3.653297e-04
-0.35 1.100000e+01 1.155736e-04
-0.35 1.150000e+01 3.653092e-05
-0.35 1.200000e+01 1.154385e-05
-0.35 1.250000e+01 3.647593e-06
-0.35 1.300000e+01 1.152527e-06
-0.35 1.350000e+01 3.641599e-07
-0.35 1.400000e+01 1.289264e-07

-0.34 7.000000e+00 2.914351e-02
-0.34 7.500000e+00 2.827615e-02
-0.34 8.000000e+00 2.497949e-02
-0.34 8.500000e+00 1.698350e-02
-0.34 9.000000e+00 7.297009e-03
-0.34 9.500000e+00 2.450837e-03
-0.34 1.000000e+01 7.835245e-04
-0.34 1.050000e+01 2.482810e-04
-0.34 1.100000e+01 7.851312e-05
-0.34 1.150000e+01 2.481371e-05
-0.34 1.200000e+01 7.840895e-06
-0.34 1.250000e+01 2.477514e-06
-0.34 1.300000e+01 7.828149e-07
-0.34 1.350000e+01 2.473431e-07
-0.34 1.400000e+01 7.513732e-08

-0.33 7.000000e+00 2.745905e-02
-0.33 7.500000e+00 2.569007e-02
-0.33 8.000000e+00 2.166132e-02
-0.33 8.500000e+00 1.310646e-02
-0.33 9.000000e+00 5.101841e-03
-0.33 9.500000e+00 1.673975e-03
-0.33 1.000000e+01 5.329060e-04
-0.33 1.050000e+01 1.687018e-04
-0.33 1.100000e+01 5.333363e-05
-0.33 1.150000e+01 1.685447e-05
-0.33 1.200000e+01 5.325717e-06
-0.33 1.250000e+01 1.682771e-06
-0.33 1.300000e+01 5.317004e-07
-0.33 1.350000e+01 1.679992e-07
-0.33 1.400000e+01 5.659854e-08

-0.32 7.000000e+00 2.472731e-02
-0.32 7.500000e+00 2.312812e-02
-0.32 8.000000e+00 1.832240e-02
-0.32 8.500000e+00 9.756414e-03
-0.32 9.000000e+00 3.528190e-03
-0.32 9.500000e+00 1.141056e-03
-0.32 1.000000e+01 3.622840e-04
-0.32 1.050000e+01 1.146148e-04
-0.32 1.100000e+01 3.622792e-05
-0.32 1.150000e+01 1.144810e-05
-0.32 1.200000e+01 3.617336e-06
-0.32 1.250000e+01 1.142967e-06
-0.32 1.300000e+01 3.611392e-07
-0.32 1.350000e+01 1.141077e-07
-0.32 1.400000e+01 3.512861e-08

-0.31 7.000000e+00 2.306615e-02
-0.31 7.500000e+00 2.057638e-02
-0.31 8.000000e+00 1.503146e-02
-0.31 8.500000e+00 7.048466e-03
-0.31 9.000000e+00 2.423253e-03
-0.31 9.500000e+00 7.768056e-04
-0.31 1.000000e+01 2.462162e-04
-0.31 1.050000e+01 7.786185e-05
-0.31 1.100000e+01 2.460790e-05
-0.31 1.150000e+01 7.775857e-06
-0.31 1.200000e+01 2.456963e-06
-0.31 1.250000e+01 7.763215e-07
-0.31 1.300000e+01 2.452914e-07
-0.31 1.350000e+01 7.750367e-08
-0.31 1.400000e+01 2.600948e-08

-0.30 7.000000e+00 2.118466e-02
-0.30 7.500000e+00 1.802614e-02
-0.30 8.000000e+00 1.190552e-02
-0.30 8.500000e+00 4.980698e-03
-0.30 9.000000e+00 1.657327e-03
-0.30 9.500000e+00 5.284044e-04
-0.30 1.000000e+01 1.673006e-04
-0.30 1.050000e+01 5.289125e-05
-0.30 1.100000e+01 1.671467e-05
-0.30 1.150000e+01 5.281542e-06
-0.30 1.200000e+01 1.668813e-06
-0.30 1.250000e+01 5.272900e-07
-0.30 1.300000e+01 1.666057e-07
-0.30 1.350000e+01 5.264167e-08
-0.30 1.400000e+01 1.833667e-08

-0.29 7.000000e+00 1.780045e-02
-0.29 7.500000e+00 1.548056e-02
-0.29 8.000000e+00 9.089670e-03
-0.29 8.500000e+00 3.467267e-03
-0.29 9.000000e+00 1.130547e-03
-0.29 9.500000e+00 3.592490e-04
-0.29 1.000000e+01 1.136635e-04
-0.29 1.050000e+01 3.592743e-05
-0.29 1.100000e+01 1.135314e-05
-0.29 1.150000e+01 3.587331e-06
-0.29 1.200000e+01 1.133486e-06
-0.29 1.250000e+01 3.581436e-07
-0.29 1.300000e+01 1.131611e-07
-0.29 1.350000e+01 3.575502e-08
-0.29 1.400000e+01 9.571498e-09

-0.28 7.000000e+00 1.695163e-02
-0.28 7.500000e+00 1.296379e-02
-0.28 8.000000e+00 6.707776e-03
-0.28 8.500000e+00 2.390772e-03
-0.28 9.000000e+00 7.699695e-04
-0.28 9.500000e+00 2.441630e-04
-0.28 1.000000e+01 7.721581e-05
-0.28 1.050000e+01 2.440379e-05
-0.28 1.100000e+01 7.711359e-06
-0.28 1.150000e+01 2.436583e-06
-0.28 1.200000e+01 7.698820e-07
-0.28 1.250000e+01 2.432567e-07
-0.28 1.300000e+01 7.686078e-08
-0.28 1.350000e+01 2.428536e-08
-0.28 1.400000e+01 8.102542e-09

-0.27 7.000000e+00 1.495940e-02
-0.27 7.500000e+00 1.052961e-02
-0.27 8.000000e+00 4.814587e-03
-0.27 8.500000e+00 1.638816e-03
-0.27 9.000000e+00 5.238744e-04
-0.27 9.500000e+00 1.659089e-04
-0.27 1.000000e+01 5.245247e-05
-0.27 1.050000e+01 1.657603e-05
-0.27 1.100000e+01 5.237732e-06
-0.27 1.150000e+01 1.654970e-06
-0.27 1.200000e+01 5.229161e-07
-0.27 1.250000e+01 1.652237e-07
-0.27 1.300000e+01 5.220501e-08
-0.27 1.350000e+01 1.649498e-08
-0.27 1.400000e+01 5.456609e-09

-0.26 7.000000e+00 1.305811e-02
-0.26 7.500000e+00 8.261797e-03
-0.26 8.000000e+00 3.386583e-03
-0.26 8.500000e+00 1.119355e-03
-0.26 9.000000e+00 3.562143e-04
-0.26 9.500000e+00 1.127193e-04
-0.26 1.000000e+01 3.562941e-05
-0.26 1.050000e+01 1.125897e-05
-0.26 1.100000e+01 3.557575e-06
-0.26 1.150000e+01 1.124084e-06
-0.26 1.200000e+01 3.551728e-07
-0.26 1.250000e+01 1.122225e-07
-0.26 1.300000e+01 3.545844e-08
-0.26 1.350000e+01 1.120364e-08
-0.26 1.400000e+01 3.723468e-09

-0.25 7.000000e+00 1.130977e-02
-0.25 7.500000e+00 6.256230e-03
-0.25 8.000000e+00 2.350179e-03
-0.25 8.500000e+00 7.628957e-04
-0.25 9.000000e+00 2.421173e-04
-0.25 9.500000e+00 7.657482e-05
-0.25 1.000000e+01 2.420136e-05
-0.25 1.050000e+01 7.647395e-06
-0.25 1.100000e+01 2.416372e-06
-0.25 1.150000e+01 7.634959e-07
-0.25 1.200000e+01 2.412389e-07
-0.25 1.250000e+01 7.622322e-08
-0.25 1.300000e+01 2.408391e-08
-0.25 1.350000e+01 7.609685e-09
-0.25 1.400000e+01 2.607947e-09

-0.24 7.000000e+00 8.580421e-03
-0.24 7.500000e+00 4.586620e-03
-0.24 8.000000e+00 1.617121e-03
-0.24 8.500000e+00 5.192700e-04
-0.24 9.000000e+00 1.645252e-04
-0.24 9.500000e+00 5.201721e-05
-0.24 1.000000e+01 1.643854e-05
-0.24 1.050000e+01 5.194286e-06
-0.24 1.100000e+01 1.641242e-06
-0.24 1.150000e+01 5.185786e-07
-0.24 1.200000e+01 1.638532e-07
-0.24 1.250000e+01 5.177197e-08
-0.24 1.300000e+01 1.635816e-08
-0.24 1.350000e+01 5.168613e-09
-0.24 1.400000e+01 1.470471e-09

-0.23 7.000000e+00 7.505563e-03
-0.23 7.500000e+00 3.276143e-03
-0.23 8.000000e+00 1.106955e-03
-0.23 8.500000e+00 3.531623e-04
-0.23 9.000000e+00 1.117815e-04
-0.23 9.500000e+00 3.533381e-05
-0.23 1.000000e+01 1.116558e-05
-0.23 1.050000e+01 3.528066e-06
-0.23 1.100000e+01 1.114759e-06
-0.23 1.150000e+01 3.522267e-07
-0.23 1.200000e+01 1.112916e-07
-0.23 1.250000e+01 3.516431e-08
-0.23 1.300000e+01 1.111071e-08
-0.23 1.350000e+01 3.510601e-09
-0.23 1.400000e+01 1.159945e-09

-0.22 7.000000e+00 5.464634e-03
-0.22 7.500000e+00 2.296626e-03
-0.22 8.000000e+00 7.553808e-04
-0.22 8.500000e+00 2.400726e-04
-0.22 9.000000e+00 7.593864e-05
-0.22 9.500000e+00 2.400059e-05
-0.22 1.000000e+01 7.583962e-06
-0.22 1.050000e+01 2.396328e-06
-0.22 1.100000e+01 7.571628e-07
-0.22 1.150000e+01 2.392379e-07
-0.22 1.200000e+01 7.559096e-08
-0.22 1.250000e+01 2.388414e-08
-0.22 1.300000e+01 7.546563e-09
-0.22 1.350000e+01 2.384453e-09
-0.22 1.400000e+01 7.105878e-10

-0.21 7.000000e+00 4.420724e-03
-0.21 7.500000e+00 1.590136e-03
-0.21 8.000000e+00 5.145130e-04
-0.21 8.500000e+00 1.631469e-04
-0.21 9.000000e+00 5.158538e-05
-0.21 9.500000e+00 1.630218e-05
-0.21 1.000000e+01 5.151201e-06
-0.21 1.050000e+01 1.627628e-06
-0.21 1.100000e+01 5.142770e-07
-0.21 1.150000e+01 1.624940e-07
-0.21 1.200000e+01 5.134253e-08
-0.21 1.250000e+01 1.622247e-08
-0.21 1.300000e+01 5.125740e-09
-0.21 1.350000e+01 1.619557e-09
-0.21 1.400000e+01 5.330447e-10

-0.20 7.000000e+00 3.487966e-03
-0.20 7.500000e+00 1.092488e-03
-0.20 8.000000e+00 3.500631e-04
-0.20 8.500000e+00 1.108492e-04
-0.20 9.000000e+00 3.504059e-05
-0.20 9.500000e+00 1.107296e-05
-0.20 1.000000e+01 3.498801e-06
-0.20 1.050000e+01 1.105513e-06
-0.20 1.100000e+01 3.493050e-07
-0.20 1.150000e+01 1.103684e-07
-0.20 1.200000e+01 3.487263e-08
-0.20 1.250000e+01 1.101855e-08
-0.20 1.300000e+01 3.481480e-09
-0.20 1.350000e+01 1.100028e-09
-0.20 1.400000e+01 3.962687e-10

-0.19 7.000000e+00 2.298857e-03
-0.19 7.500000e+00 7.470844e-04
-0.19 8.000000e+00 2.380173e-04
-0.19 8.500000e+00 7.530686e-05
-0.19 9.000000e+00 2.380147e-05
-0.19 9.500000e+00 7.521053e-06
-0.19 1.000000e+01 2.376451e-06
-0.19 1.050000e+01 7.508822e-07
-0.19 1.100000e+01 2.372534e-07
-0.19 1.150000e+01 7.496393e-08
-0.19 1.200000e+01 2.368602e-08
-0.19 1.250000e+01 7.483964e-09
-0.19 1.300000e+01 2.364674e-09
-0.19 1.350000e+01 7.471554e-10
-0.19 1.400000e+01 2.449571e-10

-0.18 7.000000e+00 1.854166e-03
-0.18 7.500000e+00 5.094714e-04
-0.18 8.000000e+00 1.617696e-04
-0.18 8.500000e+00 5.115679e-05
-0.18 9.000000e+00 1.616694e-05
-0.18 9.500000e+00 5.108472e-06
-0.18 1.000000e+01 1.614127e-06
-0.18 1.050000e+01 5.100111e-07
-0.18 1.100000e+01 1.611462e-07
-0.18 1.150000e+01 5.091665e-08
-0.18 1.200000e+01 1.608790e-08
-0.18 1.250000e+01 5.083222e-09
-0.18 1.300000e+01 1.606123e-09
-0.18 1.350000e+01 5.074793e-10
-0.18 1.400000e+01 1.936140e-10

-0.17 7.000000e+00 1.054351e-03
-0.17 7.500000e+00 3.468659e-04
-0.17 8.000000e+00 1.099207e-04
-0.17 8.500000e+00 3.474968e-05
-0.17 9.000000e+00 1.098111e-05
-0.17 9.500000e+00 3.469779e-06
-0.17 1.000000e+01 1.096342e-06
-0.17 1.050000e+01 3.464076e-07
-0.17 1.100000e+01 1.094529e-07
-0.17 1.150000e+01 3.458336e-08
-0.17 1.200000e+01 1.092715e-08
-0.17 1.250000e+01 3.452602e-09
-0.17 1.300000e+01 1.090903e-09
-0.17 1.350000e+01 3.446876e-10
-0.17 1.400000e+01 1.067882e-10

-0.16 7.000000e+00 7.602531e-04
-0.16 7.500000e+00 2.359320e-04
-0.16 8.000000e+00 7.467883e-05
-0.16 8.500000e+00 2.360394e-05
-0.16 9.000000e+00 7.458665e-06
-0.16 9.500000e+00 2.356739e-06
-0.16 1.000000e+01 7.446537e-07
-0.16 1.050000e+01 2.352854e-07
-0.16 1.100000e+01 7.434211e-08
-0.16 1.150000e+01 2.348954e-08
-0.16 1.200000e+01 7.421885e-09
-0.16 1.250000e+01 2.345059e-09
-0.16 1.300000e+01 7.409578e-10
-0.16 1.350000e+01 2.341171e-10
-0.16 1.400000e+01 7.630968e-11

-0.15 7.000000e+00 5.287883e-04
-0.15 7.500000e+00 1.603859e-04
-0.15 8.000000e+00 5.073119e-05
-0.15 8.500000e+00 1.603280e-05
-0.15 9.000000e+00 5.066097e-06
-0.15 9.500000e+00 1.600738e-06
-0.15 1.000000e+01 5.057806e-07
-0.15 1.050000e+01 1.598095e-07
-0.15 1.100000e+01 5.049430e-08
-0.15 1.150000e+01 1.595446e-08
-0.15 1.200000e+01 5.041057e-09
-0.15 1.250000e+01 1.592800e-09
-0.15 1.300000e+01 5.032698e-10
-0.15 1.350000e+01 1.590159e-10
-0.15 1.400000e+01 5.275402e-11

-0.14 7.000000e+00 3.528933e-04
-0.14 7.500000e+00 1.089932e-04
-0.14 8.000000e+00 3.446097e-05
-0.14 8.500000e+00 1.089001e-05
-0.14 9.000000e+00 3.440997e-06
-0.14 9.500000e+00 1.087248e-06
-0.14 1.000000e+01 3.435341e-07
-0.14 1.050000e+01 1.085450e-07
-0.14 1.100000e+01 3.429649e-08
-0.14 1.150000e+01 1.083651e-08
-0.14 1.200000e+01 3.423963e-09
-0.14 1.250000e+01 1.081854e-09
-0.14 1.300000e+01 3.418285e-10
-0.14 1.350000e+01 1.080060e-10
-0.14 1.400000e+01 3.506760e-11

-0.13 7.000000e+00 2.775190e-04
-0.13 7.500000e+00 7.405346e-05
-0.13 8.000000e+00 2.340798e-05
-0.13 8.500000e+00 7.396792e-06
-0.13 9.000000e+00 2.337190e-06
-0.13 9.500000e+00 7.384768e-07
-0.13 1.000000e+01 2.333337e-07
-0.13 1.050000e+01 7.372545e-08
-0.13 1.100000e+01 2.329470e-08
-0.13 1.150000e+01 7.360321e-09
-0.13 1.200000e+01 2.325607e-09
-0.13 1.250000e+01 7.348116e-10
-0.13 1.300000e+01 2.321751e-10
-0.13 1.350000e+01 7.335931e-11
-0.13 1.400000e+01 2.753690e-11

-0.12 7.000000e+00 1.451820e-04
-0.12 7.500000e+00 5.030816e-05
-0.12 8.000000e+00 1.589974e-05
-0.12 8.500000e+00 5.024073e-06
-0.12 9.000000e+00 1.587460e-06
-0.12 9.500000e+00 5.015852e-07
-0.12 1.000000e+01 1.584839e-07
-0.12 1.050000e+01 5.007545e-08
-0.12 1.100000e+01 1.582211e-08
-0.12 1.150000e+01 4.999242e-09
-0.12 1.200000e+01 1.579588e-09
-0.12 1.250000e+01 4.990952e-10
-0.12 1.300000e+01 1.576968e-10
-0.12 1.350000e+01 4.982675e-11
-0.12 1.400000e+01 1.437390e-11

-0.11 7.000000e+00 1.103939e-04
-0.11 7.500000e+00 3.417428e-05
-0.11 8.000000e+00 1.079966e-05
-0.11 8.500000e+00 3.412454e-06
-0.11 9.000000e+00 1.078230e-06
-0.11 9.500000e+00 3.406845e-07
-0.11 1.000000e+01 1.076447e-07
-0.11 1.050000e+01 3.401201e-08
-0.11 1.100000e+01 1.074662e-08
-0.11 1.150000e+01 3.395561e-09
-0.11 1.200000e+01 1.072880e-09
-0.11 1.250000e+01 3.389930e-10
-0.11 1.300000e+01 1.071101e-10
-0.11 1.350000e+01 3.384309e-11
-0.11 1.400000e+01 1.092435e-11

-0.10 7.000000e+00 7.839980e-05
-0.10 7.500000e+00 2.321350e-05
-0.10 8.000000e+00 7.335428e-06
-0.10 8.500000e+00 2.317803e-06
-0.10 9.000000e+00 7.323512e-07
-0.10 9.500000e+00 2.313982e-07
-0.10 1.000000e+01 7.311390e-08
-0.10 1.050000e+01 2.310147e-08
-0.10 1.100000e+01 7.299268e-09
-0.10 1.150000e+01 2.306317e-09
-0.10 1.200000e+01 7.287164e-10
-0.10 1.250000e+01 2.302492e-10
-0.10 1.300000e+01 7.275079e-11
-0.10 1.350000e+01 2.298674e-11
-0.10 1.400000e+01 7.755151e-12

-0.09 7.000000e+00 5.076693e-05
-0.09 7.500000e+00 1.576774e-05
-0.09 8.000000e+00 4.982396e-06
-0.09 8.500000e+00 1.574292e-06
-0.09 9.000000e+00 4.974246e-07
-0.09 9.500000e+00 1.571692e-07
-0.09 1.000000e+01 4.966008e-08
-0.09 1.050000e+01 1.569087e-08
-0.09 1.100000e+01 4.957774e-09
-0.09 1.150000e+01 1.566485e-09
-0.09 1.200000e+01 4.949552e-10
-0.09 1.250000e+01 1.563888e-10
-0.09 1.300000e+01 4.941344e-11
-0.09 1.350000e+01 1.561294e-11
-0.09 1.400000e+01 5.020211e-12

-0.08 7.000000e+00 3.960968e-05
-0.08 7.500000e+00 1.071003e-05
-0.08 8.000000e+00 3.384147e-06
-0.08 8.500000e+00 1.069286e-06
-0.08 9.000000e+00 3.378586e-07
-0.08 9.500000e+00 1.067518e-07
-0.08 1.000000e+01 3.372988e-08
-0.08 1.050000e+01 1.065748e-08
-0.08 1.100000e+01 3.367395e-09
-0.08 1.150000e+01 1.063981e-09
-0.08 1.200000e+01 3.361811e-10
-0.08 1.250000e+01 1.062216e-10
-0.08 1.300000e+01 3.356236e-11
-0.08 1.350000e+01 1.060455e-11
-0.08 1.400000e+01 3.916458e-12

-0.07 7.000000e+00 2.113997e-05
-0.07 7.500000e+00 7.274565e-06
-0.07 8.000000e+00 2.298576e-06
-0.07 8.500000e+00 7.262764e-07
-0.07 9.000000e+00 2.294788e-07
-0.07 9.500000e+00 7.250743e-08
-0.07 1.000000e+01 2.290985e-08
-0.07 1.050000e+01 7.238721e-09
-0.07 1.100000e+01 2.287186e-09
-0.07 1.150000e+01 7.226717e-10
-0.07 1.200000e+01 2.283393e-10
-0.07 1.250000e+01 7.214733e-11
-0.07 1.300000e+01 2.279606e-11
-0.07 1.350000e+01 7.202769e-12
-0.07 1.400000e+01 2.089892e-12

-0.06 7.000000e+00 1.582016e-05
-0.06 7.500000e+00 4.941061e-06
-0.06 8.000000e+00 1.561234e-06
-0.06 8.500000e+00 4.932985e-07
-0.06 9.000000e+00 1.558655e-07
-0.06 9.500000e+00 4.924815e-08
-0.06 1.000000e+01 1.556072e-08
-0.06 1.050000e+01 4.916649e-09
-0.06 1.100000e+01 1.553491e-09
-0.06 1.150000e+01 4.908496e-10
-0.06 1.200000e+01 1.550915e-10
-0.06 1.250000e+01 4.900356e-11
-0.06 1.300000e+01 1.548343e-11
-0.06 1.350000e+01 4.892230e-12
-0.06 1.400000e+01 1.563909e-12

-0.05 7.000000e+00 1.079513e-05
-0.05 7.500000e+00 3.356073e-06
-0.05 8.000000e+00 1.060416e-06
-0.05 8.500000e+00 3.350561e-07
-0.05 9.000000e+00 1.058663e-07
-0.05 9.500000e+00 3.345009e-08
-0.05 1.000000e+01 1.056907e-08
-0.05 1.050000e+01 3.339463e-09
-0.05 1.100000e+01 1.055155e-09
-0.05 1.150000e+01 3.333925e-10
-0.05 1.200000e+01 1.053405e-10
-0.05 1.250000e+01 3.328396e-11
-0.05 1.300000e+01 1.051658e-11
-0.05 1.350000e+01 3.322877e-12
-0.05 1.400000e+01 1.067118e-12

-0.04 7.000000e+00 7.270502e-06
-0.04 7.500000e+00 2.279509e-06
-0.04 8.000000e+00 7.202520e-07
-0.04 8.500000e+00 2.275753e-07
-0.04 9.000000e+00 7.190598e-08
-0.04 9.500000e+00 2.271981e-08
-0.04 1.000000e+01 7.178676e-09
-0.04 1.050000e+01 2.268214e-09
-0.04 1.100000e+01 7.166772e-10
-0.04 1.150000e+01 2.264452e-10
-0.04 1.200000e+01 7.154887e-11
-0.04 1.250000e+01 2.260697e-11
-0.04 1.300000e+01 7.143022e-12
-0.04 1.350000e+01 2.256948e-12
-0.04 1.400000e+01 7.186840e-13

-0.03 7.000000e+00 5.697551e-06
-0.03 7.500000e+00 1.548283e-06
-0.03 8.000000e+00 4.892066e-07
-0.03 8.500000e+00 1.545726e-07
-0.03 9.000000e+00 4.883964e-08
-0.03 9.500000e+00 1.543164e-08
-0.03 1.000000e+01 4.875866e-09
-0.03 1.050000e+01 1.540605e-09
-0.03 1.100000e+01 4.867780e-10
-0.03 1.150000e+01 1.538050e-10
-0.03 1.200000e+01 4.859708e-11
-0.03 1.250000e+01 1.535500e-11
-0.03 1.300000e+01 4.851649e-12
-0.03 1.350000e+01 1.532954e-12
-0.03 1.400000e+01 5.631930e-13

-0.02 7.000000e+00 2.941506e-06
-0.02 7.500000e+00 1.051620e-06
-0.02 8.000000e+00 3.322768e-07
-0.02 8.500000e+00 1.049881e-07
-0.02 9.000000e+00 3.317263e-08
-0.02 9.500000e+00 1.048141e-08
-0.02 1.000000e+01 3.311762e-09
-0.02 1.050000e+01 1.046402e-09
-0.02 1.100000e+01 3.306270e-10
-0.02 1.150000e+01 1.044667e-10
-0.02 1.200000e+01 3.300787e-11
-0.02 1.250000e+01 1.042935e-11
-0.02 1.300000e+01 3.295314e-12
-0.02 1.350000e+01 1.041205e-12
-0.02 1.400000e+01 2.907577e-13

-0.01 7.000000e+00 2.264998e-06
-0.01 7.500000e+00 7.142775e-07
-0.01 8.000000e+00 2.256876e-07
-0.01 8.500000e+00 7.130953e-08
-0.01 9.000000e+00 2.253135e-08
-0.01 9.500000e+00 7.119129e-09
-0.01 1.000000e+01 2.249399e-09
-0.01 1.050000e+01 7.107324e-10
-0.01 1.100000e+01 2.245669e-10
-0.01 1.150000e+01 7.095538e-11
-0.01 1.200000e+01 2.241945e-11
-0.01 1.250000e+01 7.083771e-12
-0.01 1.300000e+01 2.238227e-12
-0.01 1.350000e+01 7.072024e-13
-0.01 1.400000e+01 2.238863e-13

0.00 7.000000e+00 1.535440e-06
0.00 7.500000e+00 4.851487e-07
0.00 8.000000e+00 1.532905e-07
0.00 8.500000e+00 4.843452e-08
0.00 9.000000e+00 1.530364e-08
0.00 9.500000e+00 4.835421e-09
0.00 1.000000e+01 1.527826e-09
0.00 1.050000e+01 4.827402e-10
0.00 1.100000e+01 1.525292e-10
0.00 1.150000e+01 4.819397e-11
0.00 1.200000e+01 1.522763e-11
0.00 1.250000e+01 4.811405e-12
0.00 1.300000e+01 1.520238e-12
0.00 1.350000e+01 4.803426e-13
0.00 1.400000e+01 1.517717e-13
