
-3.00 7.000000e+00 2.024485e+09 1.996593e+04 2.024445e+09
-3.00 9.333333e+00 2.024485e+09 1.996593e+04 2.024445e+09
-3.00 1.166667e+01 2.024485e+09 1.996593e+04 2.024445e+09
-3.00 1.400000e+01 2.024485e+09 1.996593e+04 2.024445e+09

-2.90 7.000000e+00 1.917124e+08 1.958246e+04 1.916733e+08
-2.90 9.333333e+00 1.917124e+08 1.958246e+04 1.916733e+08
-2.90 1.166667e+01 1.917124e+08 1.958246e+04 1.916733e+08
-2.90 1.400000e+01 1.917124e+08 1.958246e+04 1.916733e+08

-2.79 7.000000e+00 1.809944e+07 1.902448e+04 1.806139e+07
-2.79 9.333333e+00 1.809944e+07 1.902448e+04 1.806139e+07
-2.79 1.166667e+01 1.809944e+07 1.902448e+04 1.806139e+07
-2.79 1.400000e+01 1.809944e+07 1.902448e+04 1.806139e+07

-2.69 7.000000e+00 1.738093e+06 1.846580e+04 1.701161e+06
-2.69 9.333333e+00 1.738093e+06 1.846580e+04 1.701161e+06
-2.69 1.166667e+01 1.738093e+06 1.846580e+04 1.701161e+06
-2.69 1.400000e+01 1.738093e+06 1.846580e+04 1.701161e+06

-2.59 7.000000e+00 1.960658e+05 1.792201e+04 1.602217e+05
-2.59 9.333333e+00 1.960658e+05 1.792201e+04 1.602217e+05
-2.59 1.166667e+01 1.960658e+05 1.792201e+04 1.602217e+05
-2.59 1.400000e+01 1.960658e+05 1.792201e+04 1.602217e+05

-2.48 7.000000e+00 4.987842e+04 1.739410e+04 1.509022e+04
-2.48 9.333333e+00 4.987842e+04 1.739410e+04 1.509022e+04
-2.48 1.166667e+01 4.987842e+04 1.739410e+04 1.509022e+04
-2.48 1.400000e+01 4.987842e+04 1.739410e+04 1.509022e+04

-2.38 7.000000e+00 3.518469e+04 1.688172e+04 1.421248e+03
-2.38 9.333333e+00 3.518469e+04 1.688172e+04 1.421248e+03
-2.38 1.166667e+01 3.518469e+04 1.688172e+04 1.421248e+03
-2.38 1.400000e+01 3.518469e+04 1.688172e+04 1.421248e+03

-2.28 7.000000e+00 3.290273e+04 1.638443e+04 1.338578e+02
-2.28 9.333333e+00 3.290273e+04 1.638443e+04 1.338578e+02
-2.28 1.166667e+01 3.290273e+04 1.638443e+04 1.338578e+02
-2.28 1.400000e+01 3.290273e+04 1.638443e+04 1.338578e+02

-2.17 7.000000e+00 3.181620e+04 1.590180e+04 1.260718e+01
-2.17 9.333333e+00 3.181620e+04 1.590180e+04 1.260718e+01
-2.17 1.166667e+01 3.181620e+04 1.590180e+04 1.260718e+01
-2.17 1.400000e+01 3.181620e+04 1.590180e+04 1.260718e+01

-2.07 7.000000e+00 3.086793e+04 1.543337e+04 1.187386e+00
-2.07 9.333333e+00 3.086793e+04 1.543337e+04 1.187386e+00
-2.07 1.166667e+01 3.086793e+04 1.543337e+04 1.187386e+00
-2.07 1.400000e+01 3.086793e+04 1.543337e+04 1.187386e+00

-1.97 7.000000e+00 2.995749e+04 1.497869e+04 1.118317e-01
-1.97 9.333333e+00 2.995749e+04 1.497869e+04 1.118317e-01
-1.97 1.166667e+01 2.995749e+04 1.497869e+04 1.118317e-01
-1.97 1.400000e+01 2.995749e+04 1.497869e+04 1.118317e-01

-1.86 7.000000e+00 2.907418e+04 1.453709e+04 1.053255e-02
-1.86 9.333333e+00 2.907418e+04 1.453709e+04 1.053255e-02
-1.86 1.166667e+01 2.907418e+04 1.453709e+04 1.053255e-02
-1.86 1.400000e+01 2.907418e+04 1.453709e+04 1.053255e-02

-1.76 7.000000e+00 2.821274e+04 1.410637e+04 9.919027e-04
-1.76 9.333333e+00 2.821274e+04 1.410637e+04 9.919027e-04
-1.76 1.166667e+01 2.821274e+04 1.410637e+04 9.919027e-04
-1.76 1.400000e+01 2.821274e+04 1.410637e+04 9.919027e-04

-1.66 7.000000e+00 2.734863e+04 1.367432e+04 9.336433e-05
-1.66 9.333333e+00 2.734863e+04 1.367432e+04 9.336433e-05
-1.66 1.166667e+01 2.734863e+04 1.367432e+04 9.336433e-05
-1.66 1.400000e+01 2.734863e+04 1.367432e+04 9.336433e-05

-1.55 7.000000e+00 2.632667e+04 1.316334e+04 8.757454e-06
-1.55 9.333333e+00 2.632667e+04 1.316334e+04 8.757454e-06
-1.55 1.166667e+01 2.632667e+04 1.316334e+04 8.757454e-06
-1.55 1.400000e+01 2.632667e+04 1.316334e+04 8.757454e-06

-1.45 7.000000e+00 2.422354e+04 1.211177e+04 8.030920e-07
-1.45 9.333333e+00 2.422354e+04 1.211177e+04 8.030920e-07
-1.45 1.166667e+01 2.422354e+04 1.211177e+04 8.030920e-07
-1.45 1.400000e+01 2.422354e+04 1.211177e+04 8.030920e-07

-1.34 7.000000e+00 1.769801e+04 8.849004e+03 6.562592e-08
-1.34 9.333333e+00 1.769801e+04 8.849004e+03 6.562592e-08
-1.34 1.166667e+01 1.769801e+04 8.849004e+03 6.562592e-08
-1.34 1.400000e+01 1.769801e+04 8.849004e+03 6.562592e-08

-1.24 7.000000e+00 7.199479e+03 3.599740e+03 4.001570e-09
-1.24 9.333333e+00 7.199479e+03 3.599740e+03 4.001570e-09
-1.24 1.166667e+01 7.199479e+03 3.599740e+03 4.001570e-09
-1.24 1.400000e+01 7.199479e+03 3.599740e+03 4.001570e-09

-1.14 7.000000e+00 1.651689e+03 8.258444e+02 1.832360e-10
-1.14 9.333333e+00 1.651689e+03 8.258444e+02 1.832360e-10
-1.14 1.166667e+01 1.651689e+03 8.258444e+02 1.832360e-10
-1.14 1.400000e+01 1.651689e+03 8.258444e+02 1.832360e-10

-1.03 7.000000e+00 2.837641e+02 1.418821e+02 7.260926e-12
-1.03 9.333333e+00 2.837641e+02 1.418821e+02 7.260926e-12
-1.03 1.166667e+01 2.837641e+02 1.418821e+02 7.260926e-12
-1.03 1.400000e+01 2.837641e+02 1.418821e+02 7.260926e-12

-0.93 7.000000e+00 4.338986e+01 2.169493e+01 2.714401e-13
-0.93 9.333333e+00 4.338986e+01 2.169493e+01 2.714401e-13
-0.93 1.166667e+01 4.338986e+01 2.169493e+01 2.714401e-13
-0.93 1.400000e+01 4.338982e+01 2.169491e+01 2.714400e-13

-0.83 7.000000e+00 6.343090e+00 3.171545e+00 9.921951e-15
-0.83 9.333333e+00 6.343090e+00 3.171545e+00 9.921951e-15
-0.83 1.166667e+01 6.343089e+00 3.171545e+00 9.921950e-15
-0.83 1.400000e+01 6.342958e+00 3.171479e+00 9.921848e-15

-0.72 7.000000e+00 9.114538e-01 4.557269e-01 3.595677e-16
-0.72 9.333333e+00 9.114538e-01 4.557269e-01 3.595677e-16
-0.72 1.166667e+01 9.114520e-01 4.557260e-01 3.595673e-16
-0.72 1.400000e+01 9.110634e-01 4.555317e-01 3.594907e-16

-0.62 7.000000e+00 1.301085e-01 6.505424e-02 1.298772e-17
-0.62 9.333333e+00 1.301085e-01 6.505423e-02 1.298771e-17
-0.62 1.166667e+01 1.301032e-01 6.505158e-02 1.298745e-17
-0.62 1.400000e+01 1.289644e-01 6.448218e-02 1.293049e-17

-0.52 7.000000e+00 1.852596e-02 9.262982e-03 4.685296e-19
-0.52 9.333333e+00 1.852589e-02 9.262946e-03 4.685287e-19
-0.52 1.166667e+01 1.851037e-02 9.255185e-03 4.683324e-19
-0.52 1.400000e+01 1.544549e-02 7.722746e-03 4.278067e-19

-0.41 7.000000e+00 2.635339e-03 1.317670e-03 1.689397e-20
-0.41 9.333333e+00 2.635128e-03 1.317564e-03 1.689329e-20
-0.41 1.166667e+01 2.589984e-03 1.294992e-03 1.674796e-20
-0.41 1.400000e+01 1.643688e-04 8.218438e-05 4.219131e-21

-0.31 7.000000e+00 3.747388e-04 1.873694e-04 6.090380e-22
-0.31 9.333333e+00 3.741220e-04 1.870610e-04 6.085365e-22
-0.31 1.166667e+01 2.624789e-04 1.312394e-04 5.097147e-22
-0.31 1.400000e+01 6.251234e-08 3.125617e-08 7.866163e-24

-0.21 7.000000e+00 5.327180e-05 2.663590e-05 2.195308e-23
-0.21 9.333333e+00 5.149282e-05 2.574641e-05 2.158341e-23
-0.21 1.166667e+01 9.438496e-07 4.719248e-07 2.922121e-24
-0.21 1.400000e+01 2.091233e-11 1.045617e-11 1.375460e-26

-0.10 7.000000e+00 7.550288e-06 3.775144e-06 7.901238e-25
-0.10 9.333333e+00 3.800055e-06 1.900028e-06 5.605422e-25
-0.10 1.166667e+01 3.271042e-10 1.635521e-10 5.200636e-27
-0.10 1.400000e+01 6.993481e-15 3.496741e-15 2.404696e-29

0.00 7.000000e+00 1.007056e-06 5.035278e-07 2.758715e-26
0.00 9.333333e+00 5.069276e-09 2.534638e-09 1.957280e-27
0.00 1.166667e+01 1.093992e-13 5.469962e-14 9.092582e-30
0.00 1.400000e+01 2.338751e-18 1.169376e-18 4.204091e-32
