0.00 1.400000e+01 0.000000e+00 1.169376e-18 2.338751e-18 0.000000e+00
-0.10 1.400000e+01 0.000000e+00 3.496741e-15 6.993481e-15 0.000000e+00
-0.21 1.400000e+01 0.000000e+00 1.045617e-11 2.091233e-11 0.000000e+00
-0.31 1.400000e+01 0.000000e+00 3.125617e-08 6.251234e-08 0.000000e+00
-0.41 1.400000e+01 0.000000e+00 8.218438e-05 1.643688e-04 0.000000e+00
-0.52 1.400000e+01 0.000000e+00 7.722746e-03 1.544549e-02 0.000000e+00
-0.62 1.400000e+01 0.000000e+00 6.448218e-02 1.289644e-01 0.000000e+00
-0.72 1.400000e+01 0.000000e+00 4.555317e-01 9.110634e-01 0.000000e+00
-0.83 1.400000e+01 0.000000e+00 3.171479e+00 6.342958e+00 0.000000e+00
-0.93 1.400000e+01 0.000000e+00 2.169491e+01 4.338982e+01 0.000000e+00
-1.03 1.400000e+01 0.000000e+00 1.418821e+02 2.837641e+02 0.000000e+00
-1.14 1.400000e+01 0.000000e+00 8.258444e+02 1.651689e+03 0.000000e+00
-1.24 1.400000e+01 0.000000e+00 3.599740e+03 7.199479e+03 0.000000e+00
-1.34 1.400000e+01 0.000000e+00 8.849004e+03 1.769801e+04 0.000000e+00
-1.45 1.400000e+01 0.000000e+00 1.211177e+04 2.422354e+04 0.000000e+00
-1.55 1.400000e+01 0.000000e+00 1.316334e+04 2.632667e+04 0.000000e+00
-1.66 1.400000e+01 0.000000e+00 1.367432e+04 2.734863e+04 0.000000e+00
-1.76 1.400000e+01 0.000000e+00 1.410637e+04 2.821274e+04 0.000000e+00
-1.86 1.400000e+01 0.000000e+00 1.453710e+04 2.907419e+04 0.000000e+00
-1.97 1.400000e+01 0.000000e+00 1.497880e+04 2.995761e+04 0.000000e+00
-2.07 1.400000e+01 0.000000e+00 1.543456e+04 3.086911e+04 0.000000e+00
-2.17 1.400000e+01 0.000000e+00 1.591440e+04 3.182881e+04 0.000000e+00
-2.28 1.400000e+01 0.000000e+00 1.651829e+04 3.303658e+04 0.000000e+00
-2.38 1.400000e+01 0.000000e+00 1.830297e+04 3.660594e+04 0.000000e+00
-2.48 1.400000e+01 0.000000e+00 3.248432e+04 6.496864e+04 0.000000e+00
-2.59 1.400000e+01 0.000000e+00 1.781437e+05 3.562875e+05 0.000000e+00
-2.69 1.400000e+01 0.000000e+00 1.719627e+06 3.439254e+06 0.000000e+00
-2.79 1.400000e+01 0.000000e+00 1.808041e+07 3.616082e+07 0.000000e+00
-2.90 1.400000e+01 0.000000e+00 1.916928e+08 3.833857e+08 0.000000e+00
-3.00 1.400000e+01 0.000000e+00 2.024465e+09 4.048931e+09 0.000000e+00
0.00 1.166667e+01 0.000000e+00 5.469962e-14 1.093992e-13 0.000000e+00
-0.10 1.166667e+01 0.000000e+00 1.635521e-10 3.271042e-10 0.000000e+00
-0.21 1.166667e+01 0.000000e+00 4.719248e-07 9.438496e-07 0.000000e+00
-0.31 1.166667e+01 0.000000e+00 1.312394e-04 2.624789e-04 0.000000e+00
-0.41 1.166667e+01 0.000000e+00 1.294992e-03 2.589984e-03 0.000000e+00
-0.52 1.166667e+01 0.000000e+00 9.255185e-03 1.851037e-02 0.000000e+00
-0.62 1.166667e+01 0.000000e+00 6.505158e-02 1.301032e-01 0.000000e+00
-0.72 1.166667e+01 0.000000e+00 4.557260e-01 9.114520e-01 0.000000e+00
-0.83 1.166667e+01 0.000000e+00 3.171545e+00 6.343089e+00 0.000000e+00
-0.93 1.166667e+01 0.000000e+00 2.169493e+01 4.338986e+01 0.000000e+00
-1.03 1.166667e+01 0.000000e+00 1.418821e+02 2.837641e+02 0.000000e+00
-1.14 1.166667e+01 0.000000e+00 8.258444e+02 1.651689e+03 0.000000e+00
-1.24 1.166667e+01 0.000000e+00 3.599740e+03 7.199479e+03 0.000000e+00
-1.34 1.166667e+01 0.000000e+00 8.849004e+03 1.769801e+04 0.000000e+00
-1.45 1.166667e+01 0.000000e+00 1.211177e+04 2.422354e+04 0.000000e+00
-1.55 1.166667e+01 0.000000e+00 1.316334e+04 2.632667e+04 0.000000e+00
-1.66 1.166667e+01 0.000000e+00 1.367432e+04 2.734863e+04 0.000000e+00
-1.76 1.166667e+01 0.000000e+00 1.410637e+04 2.821274e+04 0.000000e+00
-1.86 1.166667e+01 0.000000e+00 1.453710e+04 2.907419e+04 0.000000e+00
-1.97 1.166667e+01 0.000000e+00 1.497880e+04 2.995761e+04 0.000000e+00
-2.07 1.166667e+01 0.000000e+00 1.543456e+04 3.086911e+04 0.000000e+00
-2.17 1.166667e+01 0.000000e+00 1.591440e+04 3.182881e+04 0.000000e+00
-2.28 1.166667e+01 0.000000e+00 1.651829e+04 3.303658e+04 0.000000e+00
-2.38 1.166667e+01 0.000000e+00 1.830297e+04 3.660594e+04 0.000000e+00
-2.48 1.166667e+01 0.000000e+00 3.248432e+04 6.496864e+04 0.000000e+00
-2.59 1.166667e+01 0.000000e+00 1.781437e+05 3.562875e+05 0.000000e+00
-2.69 1.166667e+01 0.000000e+00 1.719627e+06 3.439254e+06 0.000000e+00
-2.79 1.166667e+01 0.000000e+00 1.808041e+07 3.616082e+07 0.000000e+00
-2.90 1.166667e+01 0.000000e+00 1.916928e+08 3.833857e+08 0.000000e+00
-3.00 1.166667e+01 0.000000e+00 2.024465e+09 4.048931e+09 0.000000e+00
0.00 9.333333e+00 0.000000e+00 2.534638e-09 5.069276e-09 0.000000e+00
-0.10 9.333333e+00 0.000000e+00 1.900028e-06 3.800055e-06 0.000000e+00
-0.21 9.333333e+00 0.000000e+00 2.574641e-05 5.149282e-05 0.000000e+00
-0.31 9.333333e+00 0.000000e+00 1.870610e-04 3.741220e-04 0.000000e+00
-0.41 9.333333e+00 0.000000e+00 1.317564e-03 2.635128e-03 0.000000e+00
-0.52 9.333333e+00 0.000000e+00 9.262946e-03 1.852589e-02 0.000000e+00
-0.62 9.333333e+00 0.000000e+00 6.505423e-02 1.301085e-01 0.000000e+00
-0.72 9.333333e+00 0.000000e+00 4.557269e-01 9.114538e-01 0.000000e+00
-0.83 9.333333e+00 0.000000e+00 3.171545e+00 6.343090e+00 0.000000e+00
-0.93 9.333333e+00 0.000000e+00 2.169493e+01 4.338986e+01 0.000000e+00
-1.03 9.333333e+00 0.000000e+00 1.418821e+02 2.837641e+02 0.000000e+00
-1.14 9.333333e+00 0.000000e+00 8.258444e+02 1.651689e+03 0.000000e+00
-1.24 9.333333e+00 0.000000e+00 3.599740e+03 7.199479e+03 0.000000e+00
-1.34 9.333333e+00 0.000000e+00 8.849004e+03 1.769801e+04 0.000000e+00
-1.45 9.333333e+00 0.000000e+00 1.211177e+04 2.422354e+04 0.000000e+00
-1.55 9.333333e+00 0.000000e+00 1.316334e+04 2.632667e+04 0.000000e+00
-1.66 9.333333e+00 0.000000e+00 1.367432e+04 2.734863e+04 0.000000e+00
-1.76 9.333333e+00 0.000000e+00 1.410637e+04 2.821274e+04 0.000000e+00
-1.86 9.333333e+00 0.000000e+00 1.453710e+04 2.907419e+04 0.000000e+00
-1.97 9.333333e+00 0.000000e+00 1.497880e+04 2.995761e+04 0.000000e+00
-2.07 9.333333e+00 0.000000e+00 1.543456e+04 3.086911e+04 0.000000e+00
-2.17 9.333333e+00 0.000000e+00 1.591440e+04 3.182881e+04 0.000000e+00
-2.28 9.333333e+00 0.000000e+00 1.651829e+04 3.303658e+04 0.000000e+00
-2.38 9.333333e+00 0.000000e+00 1.830297e+04 3.660594e+04 0.000000e+00
-2.48 9.333333e+00 0.000000e+00 3.248432e+04 6.496864e+04 0.000000e+00
-2.59 9.333333e+00 0.000000e+00 1.781437e+05 3.562875e+05 0.000000e+00
-2.69 9.333333e+00 0.000000e+00 1.719627e+06 3.439254e+06 0.000000e+00
-2.79 9.333333e+00 0.000000e+00 1.808041e+07 3.616082e+07 0.000000e+00
-2.90 9.333333e+00 0.000000e+00 1.916928e+08 3.833857e+08 0.000000e+00
-3.00 9.333333e+00 0.000000e+00 2.024465e+09 4.048931e+09 0.000000e+00
0.00 7.000000e+00 0.000000e+00 5.035278e-07 1.007056e-06 0.000000e+00
-0.10 7.000000e+00 0.000000e+00 3.775144e-06 7.550288e-06 0.000000e+00
-0.21 7.000000e+00 0.000000e+00 2.663590e-05 5.327180e-05 0.000000e+00
-0.31 7.000000e+00 0.000000e+00 1.873694e-04 3.747388e-04 0.000000e+00
-0.41 7.000000e+00 0.000000e+00 1.317670e-03 2.635339e-03 0.000000e+00
-0.52 7.000000e+00 0.000000e+00 9.262982e-03 1.852596e-02 0.000000e+00
-0.62 7.000000e+00 0.000000e+00 6.505424e-02 1.301085e-01 0.000000e+00
-0.72 7.000000e+00 0.000000e+00 4.557269e-01 9.114538e-01 0.000000e+00
-0.83 7.000000e+00 0.000000e+00 3.171545e+00 6.343090e+00 0.000000e+00
-0.93 7.000000e+00 0.000000e+00 2.169493e+01 4.338986e+01 0.000000e+00
-1.03 7.000000e+00 0.000000e+00 1.418821e+02 2.837641e+02 0.000000e+00
-1.14 7.000000e+00 0.000000e+00 8.258444e+02 1.651689e+03 0.000000e+00
-1.24 7.000000e+00 0.000000e+00 3.599740e+03 7.199479e+03 0.000000e+00
-1.34 7.000000e+00 0.000000e+00 8.849004e+03 1.769801e+04 0.000000e+00
-1.45 7.000000e+00 0.000000e+00 1.211177e+04 2.422354e+04 0.000000e+00
-1.55 7.000000e+00 0.000000e+00 1.316334e+04 2.632667e+04 0.000000e+00
-1.66 7.000000e+00 0.000000e+00 1.367432e+04 2.734863e+04 0.000000e+00
-1.76 7.000000e+00 0.000000e+00 1.410637e+04 2.821274e+04 0.000000e+00
-1.86 7.000000e+00 0.000000e+00 1.453710e+04 2.907419e+04 0.000000e+00
-1.97 7.000000e+00 0.000000e+00 1.497880e+04 2.995761e+04 0.000000e+00
-2.07 7.000000e+00 0.000000e+00 1.543456e+04 3.086911e+04 0.000000e+00
-2.17 7.000000e+00 0.000000e+00 1.591440e+04 3.182881e+04 0.000000e+00
-2.28 7.000000e+00 0.000000e+00 1.651829e+04 3.303658e+04 0.000000e+00
-2.38 7.000000e+00 0.000000e+00 1.830297e+04 3.660594e+04 0.000000e+00
-2.48 7.000000e+00 0.000000e+00 3.248432e+04 6.496864e+04 0.000000e+00
-2.59 7.000000e+00 0.000000e+00 1.781437e+05 3.562875e+05 0.000000e+00
-2.69 7.000000e+00 0.000000e+00 1.719627e+06 3.439254e+06 0.000000e+00
-2.79 7.000000e+00 0.000000e+00 1.808041e+07 3.616082e+07 0.000000e+00
-2.90 7.000000e+00 0.000000e+00 1.916928e+08 3.833857e+08 0.000000e+00
-3.00 7.000000e+00 0.000000e+00 2.024465e+09 4.048931e+09 0.000000e+00
