
-2.00 7.000000e+00 6.751510e-15
-2.00 7.500000e+00 6.751510e-15
-2.00 8.000000e+00 6.751510e-15
-2.00 8.500000e+00 6.751510e-15
-2.00 9.000000e+00 6.751510e-15
-2.00 9.500000e+00 6.751510e-15
-2.00 1.000000e+01 6.751510e-15
-2.00 1.050000e+01 6.751510e-15
-2.00 1.100000e+01 6.751510e-15
-2.00 1.150000e+01 6.751510e-15
-2.00 1.200000e+01 6.751510e-15
-2.00 1.250000e+01 6.751510e-15
-2.00 1.300000e+01 6.751510e-15
-2.00 1.350000e+01 6.751510e-15
-2.00 1.400000e+01 6.751510e-15

-1.99 7.000000e+00 5.931174e-15
-1.99 7.500000e+00 5.935017e-15
-1.99 8.000000e+00 5.935017e-15
-1.99 8.500000e+00 5.935017e-15
-1.99 9.000000e+00 5.935017e-15
-1.99 9.500000e+00 5.935017e-15
-1.99 1.000000e+01 5.935017e-15
-1.99 1.050000e+01 5.935017e-15
-1.99 1.100000e+01 5.935017e-15
-1.99 1.150000e+01 5.935017e-15
-1.99 1.200000e+01 5.935017e-15
-1.99 1.250000e+01 5.935017e-15
-1.99 1.300000e+01 5.935017e-15
-1.99 1.350000e+01 5.935017e-15
-1.99 1.400000e+01 5.931174e-15

-1.98 7.000000e+00 5.436491e-15
-1.98 7.500000e+00 5.217267e-15
-1.98 8.000000e+00 5.217267e-15
-1.98 8.500000e+00 5.217267e-15
-1.98 9.000000e+00 5.217267e-15
-1.98 9.500000e+00 5.217267e-15
-1.98 1.000000e+01 5.217267e-15
-1.98 1.050000e+01 5.217267e-15
-1.98 1.100000e+01 5.217267e-15
-1.98 1.150000e+01 5.217267e-15
-1.98 1.200000e+01 5.217267e-15
-1.98 1.250000e+01 5.217267e-15
-1.98 1.300000e+01 5.217267e-15
-1.98 1.350000e+01 5.217267e-15
-1.98 1.400000e+01 5.436491e-15

-1.97 7.000000e+00 4.361560e-15
-1.97 7.500000e+00 4.586318e-15
-1.97 8.000000e+00 4.586318e-15
-1.97 8.500000e+00 4.586318e-15
-1.97 9.000000e+00 4.586318e-15
-1.97 9.500000e+00 4.586318e-15
-1.97 1.000000e+01 4.586318e-15
-1.97 1.050000e+01 4.586318e-15
-1.97 1.100000e+01 4.586318e-15
-1.97 1.150000e+01 4.586318e-15
-1.97 1.200000e+01 4.586318e-15
-1.97 1.250000e+01 4.586318e-15
-1.97 1.300000e+01 4.586318e-15
-1.97 1.350000e+01 4.586318e-15
-1.97 1.400000e+01 4.361560e-15

-1.96 7.000000e+00 4.021241e-15
-1.96 7.500000e+00 4.031673e-15
-1.96 8.000000e+00 4.031673e-15
-1.96 8.500000e+00 4.031673e-15
-1.96 9.000000e+00 4.031673e-15
-1.96 9.500000e+00 4.031673e-15
-1.96 1.000000e+01 4.031673e-15
-1.96 1.050000e+01 4.031673e-15
-1.96 1.100000e+01 4.031673e-15
-1.96 1.150000e+01 4.031673e-15
-1.96 1.200000e+01 4.031673e-15
-1.96 1.250000e+01 4.031673e-15
-1.96 1.300000e+01 4.031673e-15
-1.96 1.350000e+01 4.031673e-15
-1.96 1.400000e+01 4.021241e-15

-1.95 7.000000e+00 3.524961e-15
-1.95 7.500000e+00 3.544103e-15
-1.95 8.000000e+00 3.544103e-15
-1.95 8.500000e+00 3.544103e-15
-1.95 9.000000e+00 3.544103e-15
-1.95 9.500000e+00 3.544103e-15
-1.95 1.000000e+01 3.544103e-15
-1.95 1.050000e+01 3.544103e-15
-1.95 1.100000e+01 3.544103e-15
-1.95 1.150000e+01 3.544103e-15
-1.95 1.200000e+01 3.544103e-15
-1.95 1.250000e+01 3.544103e-15
-1.95 1.300000e+01 3.544103e-15
-1.95 1.350000e+01 3.544103e-15
-1.95 1.400000e+01 3.524961e-15

-1.94 7.000000e+00 3.103414e-15
-1.94 7.500000e+00 3.115498e-15
-1.94 8.000000e+00 3.115498e-15
-1.94 8.500000e+00 3.115498e-15
-1.94 9.000000e+00 3.115498e-15
-1.94 9.500000e+00 3.115498e-15
-1.94 1.000000e+01 3.115498e-15
-1.94 1.050000e+01 3.115498e-15
-1.94 1.100000e+01 3.115498e-15
-1.94 1.150000e+01 3.115498e-15
-1.94 1.200000e+01 3.115498e-15
-1.94 1.250000e+01 3.115498e-15
-1.94 1.300000e+01 3.115498e-15
-1.94 1.350000e+01 3.115498e-15
-1.94 1.400000e+01 3.103414e-15

-1.93 7.000000e+00 2.817623e-15
-1.93 7.500000e+00 2.738726e-15
-1.93 8.000000e+00 2.738726e-15
-1.93 8.500000e+00 2.738726e-15
-1.93 9.000000e+00 2.738726e-15
-1.93 9.500000e+00 2.738726e-15
-1.93 1.000000e+01 2.738726e-15
-1.93 1.050000e+01 2.738726e-15
-1.93 1.100000e+01 2.738726e-15
-1.93 1.150000e+01 2.738726e-15
-1.93 1.200000e+01 2.738726e-15
-1.93 1.250000e+01 2.738726e-15
-1.93 1.300000e+01 2.738726e-15
-1.93 1.350000e+01 2.738726e-15
-1.93 1.400000e+01 2.817623e-15

-1.92 7.000000e+00 2.285546e-15
-1.92 7.500000e+00 2.407519e-15
-1.92 8.000000e+00 2.407519e-15
-1.92 8.500000e+00 2.407519e-15
-1.92 9.000000e+00 2.407519e-15
-1.92 9.500000e+00 2.407519e-15
-1.92 1.000000e+01 2.407519e-15
-1.92 1.050000e+01 2.407519e-15
-1.92 1.100000e+01 2.407519e-15
-1.92 1.150000e+01 2.407519e-15
-1.92 1.200000e+01 2.407519e-15
-1.92 1.250000e+01 2.407519e-15
-1.92 1.300000e+01 2.407519e-15
-1.92 1.350000e+01 2.407519e-15
-1.92 1.400000e+01 2.285546e-15

-1.91 7.000000e+00 2.104064e-15
-1.91 7.500000e+00 2.116366e-15
-1.91 8.000000e+00 2.116366e-15
-1.91 8.500000e+00 2.116366e-15
-1.91 9.000000e+00 2.116366e-15
-1.91 9.500000e+00 2.116366e-15
-1.91 1.000000e+01 2.116366e-15
-1.91 1.050000e+01 2.116366e-15
-1.91 1.100000e+01 2.116366e-15
-1.91 1.150000e+01 2.116366e-15
-1.91 1.200000e+01 2.116366e-15
-1.91 1.250000e+01 2.116366e-15
-1.91 1.300000e+01 2.116366e-15
-1.91 1.350000e+01 2.116366e-15
-1.91 1.400000e+01 2.104064e-15

-1.90 7.000000e+00 1.820220e-15
-1.90 7.500000e+00 1.860424e-15
-1.90 8.000000e+00 1.860424e-15
-1.90 8.500000e+00 1.860424e-15
-1.90 9.000000e+00 1.860424e-15
-1.90 9.500000e+00 1.860424e-15
-1.90 1.000000e+01 1.860424e-15
-1.90 1.050000e+01 1.860424e-15
-1.90 1.100000e+01 1.860424e-15
-1.90 1.150000e+01 1.860424e-15
-1.90 1.200000e+01 1.860424e-15
-1.90 1.250000e+01 1.860424e-15
-1.90 1.300000e+01 1.860424e-15
-1.90 1.350000e+01 1.860424e-15
-1.90 1.400000e+01 1.820220e-15

-1.89 7.000000e+00 1.623823e-15
-1.89 7.500000e+00 1.635434e-15
-1.89 8.000000e+00 1.635434e-15
-1.89 8.500000e+00 1.635434e-15
-1.89 9.000000e+00 1.635434e-15
-1.89 9.500000e+00 1.635434e-15
-1.89 1.000000e+01 1.635434e-15
-1.89 1.050000e+01 1.635434e-15
-1.89 1.100000e+01 1.635434e-15
-1.89 1.150000e+01 1.635434e-15
-1.89 1.200000e+01 1.635434e-15
-1.89 1.250000e+01 1.635434e-15
-1.89 1.300000e+01 1.635434e-15
-1.89 1.350000e+01 1.635434e-15
-1.89 1.400000e+01 1.623823e-15

-1.88 7.000000e+00 1.481923e-15
-1.88 7.500000e+00 1.437653e-15
-1.88 8.000000e+00 1.437653e-15
-1.88 8.500000e+00 1.437653e-15
-1.88 9.000000e+00 1.437653e-15
-1.88 9.500000e+00 1.437653e-15
-1.88 1.000000e+01 1.437653e-15
-1.88 1.050000e+01 1.437653e-15
-1.88 1.100000e+01 1.437653e-15
-1.88 1.150000e+01 1.437653e-15
-1.88 1.200000e+01 1.437653e-15
-1.88 1.250000e+01 1.437653e-15
-1.88 1.300000e+01 1.437653e-15
-1.88 1.350000e+01 1.437653e-15
-1.88 1.400000e+01 1.481923e-15

-1.87 7.000000e+00 1.193283e-15
-1.87 7.500000e+00 1.263791e-15
-1.87 8.000000e+00 1.263791e-15
-1.87 8.500000e+00 1.263791e-15
-1.87 9.000000e+00 1.263791e-15
-1.87 9.500000e+00 1.263791e-15
-1.87 1.000000e+01 1.263791e-15
-1.87 1.050000e+01 1.263791e-15
-1.87 1.100000e+01 1.263791e-15
-1.87 1.150000e+01 1.263791e-15
-1.87 1.200000e+01 1.263791e-15
-1.87 1.250000e+01 1.263791e-15
-1.87 1.300000e+01 1.263791e-15
-1.87 1.350000e+01 1.263791e-15
-1.87 1.400000e+01 1.193283e-15

-1.86 7.000000e+00 1.100926e-15
-1.86 7.500000e+00 1.110954e-15
-1.86 8.000000e+00 1.110954e-15
-1.86 8.500000e+00 1.110954e-15
-1.86 9.000000e+00 1.110954e-15
-1.86 9.500000e+00 1.110954e-15
-1.86 1.000000e+01 1.110954e-15
-1.86 1.050000e+01 1.110954e-15
-1.86 1.100000e+01 1.110954e-15
-1.86 1.150000e+01 1.110954e-15
-1.86 1.200000e+01 1.110954e-15
-1.86 1.250000e+01 1.110954e-15
-1.86 1.300000e+01 1.110954e-15
-1.86 1.350000e+01 1.110954e-15
-1.86 1.400000e+01 1.100926e-15

-1.85 7.000000e+00 9.608623e-16
-1.85 7.500000e+00 9.766014e-16
-1.85 8.000000e+00 9.766014e-16
-1.85 8.500000e+00 9.766014e-16
-1.85 9.000000e+00 9.766014e-16
-1.85 9.500000e+00 9.766014e-16
-1.85 1.000000e+01 9.766014e-16
-1.85 1.050000e+01 9.766014e-16
-1.85 1.100000e+01 9.766014e-16
-1.85 1.150000e+01 9.766014e-16
-1.85 1.200000e+01 9.766014e-16
-1.85 1.250000e+01 9.766014e-16
-1.85 1.300000e+01 9.766014e-16
-1.85 1.350000e+01 9.766014e-16
-1.85 1.400000e+01 9.608623e-16

-1.84 7.000000e+00 8.496452e-16
-1.84 7.500000e+00 8.584963e-16
-1.84 8.000000e+00 8.584963e-16
-1.84 8.500000e+00 8.584963e-16
-1.84 9.000000e+00 8.584963e-16
-1.84 9.500000e+00 8.584963e-16
-1.84 1.000000e+01 8.584963e-16
-1.84 1.050000e+01 8.584963e-16
-1.84 1.100000e+01 8.584963e-16
-1.84 1.150000e+01 8.584963e-16
-1.84 1.200000e+01 8.584963e-16
-1.84 1.250000e+01 8.584963e-16
-1.84 1.300000e+01 8.584963e-16
-1.84 1.350000e+01 8.584963e-16
-1.84 1.400000e+01 8.496452e-16

-1.83 7.000000e+00 7.596367e-16
-1.83 7.500000e+00 7.546742e-16
-1.83 8.000000e+00 7.546742e-16
-1.83 8.500000e+00 7.546742e-16
-1.83 9.000000e+00 7.546742e-16
-1.83 9.500000e+00 7.546742e-16
-1.83 1.000000e+01 7.546742e-16
-1.83 1.050000e+01 7.546742e-16
-1.83 1.100000e+01 7.546742e-16
-1.83 1.150000e+01 7.546742e-16
-1.83 1.200000e+01 7.546742e-16
-1.83 1.250000e+01 7.546742e-16
-1.83 1.300000e+01 7.546742e-16
-1.83 1.350000e+01 7.546742e-16
-1.83 1.400000e+01 7.596367e-16

-1.82 7.000000e+00 6.230125e-16
-1.82 7.500000e+00 6.634079e-16
-1.82 8.000000e+00 6.634079e-16
-1.82 8.500000e+00 6.634079e-16
-1.82 9.000000e+00 6.634079e-16
-1.82 9.500000e+00 6.634079e-16
-1.82 1.000000e+01 6.634079e-16
-1.82 1.050000e+01 6.634079e-16
-1.82 1.100000e+01 6.634079e-16
-1.82 1.150000e+01 6.634079e-16
-1.82 1.200000e+01 6.634079e-16
-1.82 1.250000e+01 6.634079e-16
-1.82 1.300000e+01 6.634079e-16
-1.82 1.350000e+01 6.634079e-16
-1.82 1.400000e+01 6.230125e-16

-1.81 7.000000e+00 5.760458e-16
-1.81 7.500000e+00 5.831788e-16
-1.81 8.000000e+00 5.831788e-16
-1.81 8.500000e+00 5.831788e-16
-1.81 9.000000e+00 5.831788e-16
-1.81 9.500000e+00 5.831788e-16
-1.81 1.000000e+01 5.831788e-16
-1.81 1.050000e+01 5.831788e-16
-1.81 1.100000e+01 5.831788e-16
-1.81 1.150000e+01 5.831788e-16
-1.81 1.200000e+01 5.831788e-16
-1.81 1.250000e+01 5.831788e-16
-1.81 1.300000e+01 5.831788e-16
-1.81 1.350000e+01 5.831788e-16
-1.81 1.400000e+01 5.760458e-16

-1.80 7.000000e+00 4.907349e-16
-1.80 7.500000e+00 5.126522e-16
-1.80 8.000000e+00 5.126522e-16
-1.80 8.500000e+00 5.126522e-16
-1.80 9.000000e+00 5.126522e-16
-1.80 9.500000e+00 5.126522e-16
-1.80 1.000000e+01 5.126522e-16
-1.80 1.050000e+01 5.126522e-16
-1.80 1.100000e+01 5.126522e-16
-1.80 1.150000e+01 5.126522e-16
-1.80 1.200000e+01 5.126522e-16
-1.80 1.250000e+01 5.126522e-16
-1.80 1.300000e+01 5.126522e-16
-1.80 1.350000e+01 5.126522e-16
-1.80 1.400000e+01 4.907349e-16

-1.79 7.000000e+00 4.445664e-16
-1.79 7.500000e+00 4.506547e-16
-1.79 8.000000e+00 4.506547e-16
-1.79 8.500000e+00 4.506547e-16
-1.79 9.000000e+00 4.506547e-16
-1.79 9.500000e+00 4.506547e-16
-1.79 1.000000e+01 4.506547e-16
-1.79 1.050000e+01 4.506547e-16
-1.79 1.100000e+01 4.506547e-16
-1.79 1.150000e+01 4.506547e-16
-1.79 1.200000e+01 4.506547e-16
-1.79 1.250000e+01 4.506547e-16
-1.79 1.300000e+01 4.506547e-16
-1.79 1.350000e+01 4.506547e-16
-1.79 1.400000e+01 4.445664e-16

-1.78 7.000000e+00 4.039545e-16
-1.78 7.500000e+00 3.961549e-16
-1.78 8.000000e+00 3.961549e-16
-1.78 8.500000e+00 3.961549e-16
-1.78 9.000000e+00 3.961549e-16
-1.78 9.500000e+00 3.961549e-16
-1.78 1.000000e+01 3.961549e-16
-1.78 1.050000e+01 3.961549e-16
-1.78 1.100000e+01 3.961549e-16
-1.78 1.150000e+01 3.961549e-16
-1.78 1.200000e+01 3.961549e-16
-1.78 1.250000e+01 3.961549e-16
-1.78 1.300000e+01 3.961549e-16
-1.78 1.350000e+01 3.961549e-16
-1.78 1.400000e+01 4.039545e-16

-1.77 7.000000e+00 3.430964e-16
-1.77 7.500000e+00 3.482460e-16
-1.77 8.000000e+00 3.482460e-16
-1.77 8.500000e+00 3.482460e-16
-1.77 9.000000e+00 3.482460e-16
-1.77 9.500000e+00 3.482460e-16
-1.77 1.000000e+01 3.482460e-16
-1.77 1.050000e+01 3.482460e-16
-1.77 1.100000e+01 3.482460e-16
-1.77 1.150000e+01 3.482460e-16
-1.77 1.200000e+01 3.482460e-16
-1.77 1.250000e+01 3.482460e-16
-1.77 1.300000e+01 3.482460e-16
-1.77 1.350000e+01 3.482460e-16
-1.77 1.400000e+01 3.430964e-16

-1.76 7.000000e+00 3.170209e-16
-1.76 7.500000e+00 3.061309e-16
-1.76 8.000000e+00 3.061309e-16
-1.76 8.500000e+00 3.061309e-16
-1.76 9.000000e+00 3.061309e-16
-1.76 9.500000e+00 3.061309e-16
-1.76 1.000000e+01 3.061309e-16
-1.76 1.050000e+01 3.061309e-16
-1.76 1.100000e+01 3.061309e-16
-1.76 1.150000e+01 3.061309e-16
-1.76 1.200000e+01 3.061309e-16
-1.76 1.250000e+01 3.061309e-16
-1.76 1.300000e+01 3.061309e-16
-1.76 1.350000e+01 3.061309e-16
-1.76 1.400000e+01 3.170209e-16

-1.75 7.000000e+00 2.619196e-16
-1.75 7.500000e+00 2.691090e-16
-1.75 8.000000e+00 2.691090e-16
-1.75 8.500000e+00 2.691090e-16
-1.75 9.000000e+00 2.691090e-16
-1.75 9.500000e+00 2.691090e-16
-1.75 1.000000e+01 2.691090e-16
-1.75 1.050000e+01 2.691090e-16
-1.75 1.100000e+01 2.691090e-16
-1.75 1.150000e+01 2.691090e-16
-1.75 1.200000e+01 2.691090e-16
-1.75 1.250000e+01 2.691090e-16
-1.75 1.300000e+01 2.691090e-16
-1.75 1.350000e+01 2.691090e-16
-1.75 1.400000e+01 2.619196e-16

-1.74 7.000000e+00 2.326138e-16
-1.74 7.500000e+00 2.365644e-16
-1.74 8.000000e+00 2.365644e-16
-1.74 8.500000e+00 2.365644e-16
-1.74 9.000000e+00 2.365644e-16
-1.74 9.500000e+00 2.365644e-16
-1.74 1.000000e+01 2.365644e-16
-1.74 1.050000e+01 2.365644e-16
-1.74 1.100000e+01 2.365644e-16
-1.74 1.150000e+01 2.365644e-16
-1.74 1.200000e+01 2.365644e-16
-1.74 1.250000e+01 2.365644e-16
-1.74 1.300000e+01 2.365644e-16
-1.74 1.350000e+01 2.365644e-16
-1.74 1.400000e+01 2.326138e-16

-1.73 7.000000e+00 2.047995e-16
-1.73 7.500000e+00 2.079555e-16
-1.73 8.000000e+00 2.079555e-16
-1.73 8.500000e+00 2.079555e-16
-1.73 9.000000e+00 2.079555e-16
-1.73 9.500000e+00 2.079555e-16
-1.73 1.000000e+01 2.079555e-16
-1.73 1.050000e+01 2.079555e-16
-1.73 1.100000e+01 2.079555e-16
-1.73 1.150000e+01 2.079555e-16
-1.73 1.200000e+01 2.079555e-16
-1.73 1.250000e+01 2.079555e-16
-1.73 1.300000e+01 2.079555e-16
-1.73 1.350000e+01 2.079555e-16
-1.73 1.400000e+01 2.047995e-16

-1.72 7.000000e+00 1.795210e-16
-1.72 7.500000e+00 1.828065e-16
-1.72 8.000000e+00 1.828065e-16
-1.72 8.500000e+00 1.828065e-16
-1.72 9.000000e+00 1.828065e-16
-1.72 9.500000e+00 1.828065e-16
-1.72 1.000000e+01 1.828065e-16
-1.72 1.050000e+01 1.828065e-16
-1.72 1.100000e+01 1.828065e-16
-1.72 1.150000e+01 1.828065e-16
-1.72 1.200000e+01 1.828065e-16
-1.72 1.250000e+01 1.828065e-16
-1.72 1.300000e+01 1.828065e-16
-1.72 1.350000e+01 1.828065e-16
-1.72 1.400000e+01 1.795210e-16

-1.71 7.000000e+00 1.698258e-16
-1.71 7.500000e+00 1.606988e-16
-1.71 8.000000e+00 1.606988e-16
-1.71 8.500000e+00 1.606988e-16
-1.71 9.000000e+00 1.606988e-16
-1.71 9.500000e+00 1.606988e-16
-1.71 1.000000e+01 1.606988e-16
-1.71 1.050000e+01 1.606988e-16
-1.71 1.100000e+01 1.606988e-16
-1.71 1.150000e+01 1.606988e-16
-1.71 1.200000e+01 1.606988e-16
-1.71 1.250000e+01 1.606988e-16
-1.71 1.300000e+01 1.606988e-16
-1.71 1.350000e+01 1.606988e-16
-1.71 1.400000e+01 1.698258e-16

-1.70 7.000000e+00 1.367481e-16
-1.70 7.500000e+00 1.412647e-16
-1.70 8.000000e+00 1.412647e-16
-1.70 8.500000e+00 1.412647e-16
-1.70 9.000000e+00 1.412647e-16
-1.70 9.500000e+00 1.412647e-16
-1.70 1.000000e+01 1.412647e-16
-1.70 1.050000e+01 1.412647e-16
-1.70 1.100000e+01 1.412647e-16
-1.70 1.150000e+01 1.412647e-16
-1.70 1.200000e+01 1.412647e-16
-1.70 1.250000e+01 1.412647e-16
-1.70 1.300000e+01 1.412647e-16
-1.70 1.350000e+01 1.412647e-16
-1.70 1.400000e+01 1.367481e-16

-1.69 7.000000e+00 1.217123e-16
-1.69 7.500000e+00 1.241809e-16
-1.69 8.000000e+00 1.241809e-16
-1.69 8.500000e+00 1.241809e-16
-1.69 9.000000e+00 1.241809e-16
-1.69 9.500000e+00 1.241809e-16
-1.69 1.000000e+01 1.241809e-16
-1.69 1.050000e+01 1.241809e-16
-1.69 1.100000e+01 1.241809e-16
-1.69 1.150000e+01 1.241809e-16
-1.69 1.200000e+01 1.241809e-16
-1.69 1.250000e+01 1.241809e-16
-1.69 1.300000e+01 1.241809e-16
-1.69 1.350000e+01 1.241809e-16
-1.69 1.400000e+01 1.217123e-16

-1.68 7.000000e+00 1.101132e-16
-1.68 7.500000e+00 1.091631e-16
-1.68 8.000000e+00 1.091631e-16
-1.68 8.500000e+00 1.091631e-16
-1.68 9.000000e+00 1.091631e-16
-1.68 9.500000e+00 1.091631e-16
-1.68 1.000000e+01 1.091631e-16
-1.68 1.050000e+01 1.091631e-16
-1.68 1.100000e+01 1.091631e-16
-1.68 1.150000e+01 1.091631e-16
-1.68 1.200000e+01 1.091631e-16
-1.68 1.250000e+01 1.091631e-16
-1.68 1.300000e+01 1.091631e-16
-1.68 1.350000e+01 1.091631e-16
-1.68 1.400000e+01 1.101132e-16

-1.67 7.000000e+00 9.393212e-17
-1.67 7.500000e+00 9.596151e-17
-1.67 8.000000e+00 9.596151e-17
-1.67 8.500000e+00 9.596151e-17
-1.67 9.000000e+00 9.596151e-17
-1.67 9.500000e+00 9.596151e-17
-1.67 1.000000e+01 9.596151e-17
-1.67 1.050000e+01 9.596151e-17
-1.67 1.100000e+01 9.596151e-17
-1.67 1.150000e+01 9.596151e-17
-1.67 1.200000e+01 9.596151e-17
-1.67 1.250000e+01 9.596151e-17
-1.67 1.300000e+01 9.596151e-17
-1.67 1.350000e+01 9.596151e-17
-1.67 1.400000e+01 9.393212e-17

-1.66 7.000000e+00 8.546945e-17
-1.66 7.500000e+00 8.435642e-17
-1.66 8.000000e+00 8.435642e-17
-1.66 8.500000e+00 8.435642e-17
-1.66 9.000000e+00 8.435642e-17
-1.66 9.500000e+00 8.435642e-17
-1.66 1.000000e+01 8.435642e-17
-1.66 1.050000e+01 8.435642e-17
-1.66 1.100000e+01 8.435642e-17
-1.66 1.150000e+01 8.435642e-17
-1.66 1.200000e+01 8.435642e-17
-1.66 1.250000e+01 8.435642e-17
-1.66 1.300000e+01 8.435642e-17
-1.66 1.350000e+01 8.435642e-17
-1.66 1.400000e+01 8.546945e-17

-1.65 7.000000e+00 8.832664e-17
-1.65 7.500000e+00 8.634970e-17
-1.65 8.000000e+00 8.634970e-17
-1.65 8.500000e+00 8.634970e-17
-1.65 9.000000e+00 8.634970e-17
-1.65 9.500000e+00 8.634970e-17
-1.65 1.000000e+01 8.634970e-17
-1.65 1.050000e+01 8.634970e-17
-1.65 1.100000e+01 8.634970e-17
-1.65 1.150000e+01 8.634970e-17
-1.65 1.200000e+01 8.634970e-17
-1.65 1.250000e+01 8.634970e-17
-1.65 1.300000e+01 8.634970e-17
-1.65 1.350000e+01 8.634970e-17
-1.65 1.400000e+01 8.832664e-17

-1.64 7.000000e+00 9.456549e-17
-1.64 7.500000e+00 9.325796e-17
-1.64 8.000000e+00 9.325796e-17
-1.64 8.500000e+00 9.325796e-17
-1.64 9.000000e+00 9.325796e-17
-1.64 9.500000e+00 9.325796e-17
-1.64 1.000000e+01 9.325796e-17
-1.64 1.050000e+01 9.325796e-17
-1.64 1.100000e+01 9.325796e-17
-1.64 1.150000e+01 9.325796e-17
-1.64 1.200000e+01 9.325796e-17
-1.64 1.250000e+01 9.325796e-17
-1.64 1.300000e+01 9.325796e-17
-1.64 1.350000e+01 9.325796e-17
-1.64 1.400000e+01 9.456549e-17

-1.63 7.000000e+00 1.029774e-16
-1.63 7.500000e+00 1.007189e-16
-1.63 8.000000e+00 1.007189e-16
-1.63 8.500000e+00 1.007189e-16
-1.63 9.000000e+00 1.007189e-16
-1.63 9.500000e+00 1.007189e-16
-1.63 1.000000e+01 1.007189e-16
-1.63 1.050000e+01 1.007189e-16
-1.63 1.100000e+01 1.007189e-16
-1.63 1.150000e+01 1.007189e-16
-1.63 1.200000e+01 1.007189e-16
-1.63 1.250000e+01 1.007189e-16
-1.63 1.300000e+01 1.007189e-16
-1.63 1.350000e+01 1.007189e-16
-1.63 1.400000e+01 1.029774e-16

-1.62 7.000000e+00 1.103872e-16
-1.62 7.500000e+00 1.087768e-16
-1.62 8.000000e+00 1.087768e-16
-1.62 8.500000e+00 1.087768e-16
-1.62 9.000000e+00 1.087768e-16
-1.62 9.500000e+00 1.087768e-16
-1.62 1.000000e+01 1.087768e-16
-1.62 1.050000e+01 1.087768e-16
-1.62 1.100000e+01 1.087768e-16
-1.62 1.150000e+01 1.087768e-16
-1.62 1.200000e+01 1.087768e-16
-1.62 1.250000e+01 1.087768e-16
-1.62 1.300000e+01 1.087768e-16
-1.62 1.350000e+01 1.087768e-16
-1.62 1.400000e+01 1.103872e-16

-1.61 7.000000e+00 1.144050e-16
-1.61 7.500000e+00 1.174793e-16
-1.61 8.000000e+00 1.174793e-16
-1.61 8.500000e+00 1.174793e-16
-1.61 9.000000e+00 1.174793e-16
-1.61 9.500000e+00 1.174793e-16
-1.61 1.000000e+01 1.174793e-16
-1.61 1.050000e+01 1.174793e-16
-1.61 1.100000e+01 1.174793e-16
-1.61 1.150000e+01 1.174793e-16
-1.61 1.200000e+01 1.174793e-16
-1.61 1.250000e+01 1.174793e-16
-1.61 1.300000e+01 1.174793e-16
-1.61 1.350000e+01 1.174793e-16
-1.61 1.400000e+01 1.144050e-16

-1.60 7.000000e+00 1.302032e-16
-1.60 7.500000e+00 1.268780e-16
-1.60 8.000000e+00 1.268780e-16
-1.60 8.500000e+00 1.268780e-16
-1.60 9.000000e+00 1.268780e-16
-1.60 9.500000e+00 1.268780e-16
-1.60 1.000000e+01 1.268780e-16
-1.60 1.050000e+01 1.268780e-16
-1.60 1.100000e+01 1.268780e-16
-1.60 1.150000e+01 1.268780e-16
-1.60 1.200000e+01 1.268780e-16
-1.60 1.250000e+01 1.268780e-16
-1.60 1.300000e+01 1.268780e-16
-1.60 1.350000e+01 1.268780e-16
-1.60 1.400000e+01 1.302032e-16

-1.59 7.000000e+00 1.392188e-16
-1.59 7.500000e+00 1.370286e-16
-1.59 8.000000e+00 1.370286e-16
-1.59 8.500000e+00 1.370286e-16
-1.59 9.000000e+00 1.370286e-16
-1.59 9.500000e+00 1.370286e-16
-1.59 1.000000e+01 1.370286e-16
-1.59 1.050000e+01 1.370286e-16
-1.59 1.100000e+01 1.370286e-16
-1.59 1.150000e+01 1.370286e-16
-1.59 1.200000e+01 1.370286e-16
-1.59 1.250000e+01 1.370286e-16
-1.59 1.300000e+01 1.370286e-16
-1.59 1.350000e+01 1.370286e-16
-1.59 1.400000e+01 1.392188e-16

-1.58 7.000000e+00 1.481829e-16
-1.58 7.500000e+00 1.479914e-16
-1.58 8.000000e+00 1.479914e-16
-1.58 8.500000e+00 1.479914e-16
-1.58 9.000000e+00 1.479914e-16
-1.58 9.500000e+00 1.479914e-16
-1.58 1.000000e+01 1.479914e-16
-1.58 1.050000e+01 1.479914e-16
-1.58 1.100000e+01 1.479914e-16
-1.58 1.150000e+01 1.479914e-16
-1.58 1.200000e+01 1.479914e-16
-1.58 1.250000e+01 1.479914e-16
-1.58 1.300000e+01 1.479914e-16
-1.58 1.350000e+01 1.479914e-16
-1.58 1.400000e+01 1.481829e-16

-1.57 7.000000e+00 1.625115e-16
-1.57 7.500000e+00 1.598312e-16
-1.57 8.000000e+00 1.598312e-16
-1.57 8.500000e+00 1.598312e-16
-1.57 9.000000e+00 1.598312e-16
-1.57 9.500000e+00 1.598312e-16
-1.57 1.000000e+01 1.598312e-16
-1.57 1.050000e+01 1.598312e-16
-1.57 1.100000e+01 1.598312e-16
-1.57 1.150000e+01 1.598312e-16
-1.57 1.200000e+01 1.598312e-16
-1.57 1.250000e+01 1.598312e-16
-1.57 1.300000e+01 1.598312e-16
-1.57 1.350000e+01 1.598312e-16
-1.57 1.400000e+01 1.625115e-16

-1.56 7.000000e+00 1.735213e-16
-1.56 7.500000e+00 1.726182e-16
-1.56 8.000000e+00 1.726182e-16
-1.56 8.500000e+00 1.726182e-16
-1.56 9.000000e+00 1.726182e-16
-1.56 9.500000e+00 1.726182e-16
-1.56 1.000000e+01 1.726182e-16
-1.56 1.050000e+01 1.726182e-16
-1.56 1.100000e+01 1.726182e-16
-1.56 1.150000e+01 1.726182e-16
-1.56 1.200000e+01 1.726182e-16
-1.56 1.250000e+01 1.726182e-16
-1.56 1.300000e+01 1.726182e-16
-1.56 1.350000e+01 1.726182e-16
-1.56 1.400000e+01 1.735213e-16

-1.55 7.000000e+00 1.919338e-16
-1.55 7.500000e+00 1.864282e-16
-1.55 8.000000e+00 1.864282e-16
-1.55 8.500000e+00 1.864282e-16
-1.55 9.000000e+00 1.864282e-16
-1.55 9.500000e+00 1.864282e-16
-1.55 1.000000e+01 1.864282e-16
-1.55 1.050000e+01 1.864282e-16
-1.55 1.100000e+01 1.864282e-16
-1.55 1.150000e+01 1.864282e-16
-1.55 1.200000e+01 1.864282e-16
-1.55 1.250000e+01 1.864282e-16
-1.55 1.300000e+01 1.864282e-16
-1.55 1.350000e+01 1.864282e-16
-1.55 1.400000e+01 1.919338e-16

-1.54 7.000000e+00 2.049572e-16
-1.54 7.500000e+00 2.013431e-16
-1.54 8.000000e+00 2.013431e-16
-1.54 8.500000e+00 2.013431e-16
-1.54 9.000000e+00 2.013431e-16
-1.54 9.500000e+00 2.013431e-16
-1.54 1.000000e+01 2.013431e-16
-1.54 1.050000e+01 2.013431e-16
-1.54 1.100000e+01 2.013431e-16
-1.54 1.150000e+01 2.013431e-16
-1.54 1.200000e+01 2.013431e-16
-1.54 1.250000e+01 2.013431e-16
-1.54 1.300000e+01 2.013431e-16
-1.54 1.350000e+01 2.013431e-16
-1.54 1.400000e+01 2.049572e-16

-1.53 7.000000e+00 2.252465e-16
-1.53 7.500000e+00 2.174512e-16
-1.53 8.000000e+00 2.174512e-16
-1.53 8.500000e+00 2.174512e-16
-1.53 9.000000e+00 2.174512e-16
-1.53 9.500000e+00 2.174512e-16
-1.53 1.000000e+01 2.174512e-16
-1.53 1.050000e+01 2.174512e-16
-1.53 1.100000e+01 2.174512e-16
-1.53 1.150000e+01 2.174512e-16
-1.53 1.200000e+01 2.174512e-16
-1.53 1.250000e+01 2.174512e-16
-1.53 1.300000e+01 2.174512e-16
-1.53 1.350000e+01 2.174512e-16
-1.53 1.400000e+01 2.252465e-16

-1.52 7.000000e+00 2.392486e-16
-1.52 7.500000e+00 2.348481e-16
-1.52 8.000000e+00 2.348481e-16
-1.52 8.500000e+00 2.348481e-16
-1.52 9.000000e+00 2.348481e-16
-1.52 9.500000e+00 2.348481e-16
-1.52 1.000000e+01 2.348481e-16
-1.52 1.050000e+01 2.348481e-16
-1.52 1.100000e+01 2.348481e-16
-1.52 1.150000e+01 2.348481e-16
-1.52 1.200000e+01 2.348481e-16
-1.52 1.250000e+01 2.348481e-16
-1.52 1.300000e+01 2.348481e-16
-1.52 1.350000e+01 2.348481e-16
-1.52 1.400000e+01 2.392486e-16

-1.51 7.000000e+00 2.486020e-16
-1.51 7.500000e+00 2.536367e-16
-1.51 8.000000e+00 2.536367e-16
-1.51 8.500000e+00 2.536367e-16
-1.51 9.000000e+00 2.536367e-16
-1.51 9.500000e+00 2.536367e-16
-1.51 1.000000e+01 2.536367e-16
-1.51 1.050000e+01 2.536367e-16
-1.51 1.100000e+01 2.536367e-16
-1.51 1.150000e+01 2.536367e-16
-1.51 1.200000e+01 2.536367e-16
-1.51 1.250000e+01 2.536367e-16
-1.51 1.300000e+01 2.536367e-16
-1.51 1.350000e+01 2.536367e-16
-1.51 1.400000e+01 2.486020e-16

-1.50 7.000000e+00 2.829315e-16
-1.50 7.500000e+00 2.739285e-16
-1.50 8.000000e+00 2.739285e-16
-1.50 8.500000e+00 2.739285e-16
-1.50 9.000000e+00 2.739285e-16
-1.50 9.500000e+00 2.739285e-16
-1.50 1.000000e+01 2.739285e-16
-1.50 1.050000e+01 2.739285e-16
-1.50 1.100000e+01 2.739285e-16
-1.50 1.150000e+01 2.739285e-16
-1.50 1.200000e+01 2.739285e-16
-1.50 1.250000e+01 2.739285e-16
-1.50 1.300000e+01 2.739285e-16
-1.50 1.350000e+01 2.739285e-16
-1.50 1.400000e+01 2.829315e-16

-1.49 7.000000e+00 3.017369e-16
-1.49 7.500000e+00 2.958437e-16
-1.49 8.000000e+00 2.958437e-16
-1.49 8.500000e+00 2.958437e-16
-1.49 9.000000e+00 2.958437e-16
-1.49 9.500000e+00 2.958437e-16
-1.49 1.000000e+01 2.958437e-16
-1.49 1.050000e+01 2.958437e-16
-1.49 1.100000e+01 2.958437e-16
-1.49 1.150000e+01 2.958437e-16
-1.49 1.200000e+01 2.958437e-16
-1.49 1.250000e+01 2.958437e-16
-1.49 1.300000e+01 2.958437e-16
-1.49 1.350000e+01 2.958437e-16
-1.49 1.400000e+01 3.017369e-16

-1.48 7.000000e+00 3.220015e-16
-1.48 7.500000e+00 3.195121e-16
-1.48 8.000000e+00 3.195121e-16
-1.48 8.500000e+00 3.195121e-16
-1.48 9.000000e+00 3.195121e-16
-1.48 9.500000e+00 3.195121e-16
-1.48 1.000000e+01 3.195121e-16
-1.48 1.050000e+01 3.195121e-16
-1.48 1.100000e+01 3.195121e-16
-1.48 1.150000e+01 3.195121e-16
-1.48 1.200000e+01 3.195121e-16
-1.48 1.250000e+01 3.195121e-16
-1.48 1.300000e+01 3.195121e-16
-1.48 1.350000e+01 3.195121e-16
-1.48 1.400000e+01 3.220015e-16

-1.47 7.000000e+00 3.522205e-16
-1.47 7.500000e+00 3.450742e-16
-1.47 8.000000e+00 3.450742e-16
-1.47 8.500000e+00 3.450742e-16
-1.47 9.000000e+00 3.450742e-16
-1.47 9.500000e+00 3.450742e-16
-1.47 1.000000e+01 3.450742e-16
-1.47 1.050000e+01 3.450742e-16
-1.47 1.100000e+01 3.450742e-16
-1.47 1.150000e+01 3.450742e-16
-1.47 1.200000e+01 3.450742e-16
-1.47 1.250000e+01 3.450742e-16
-1.47 1.300000e+01 3.450742e-16
-1.47 1.350000e+01 3.450742e-16
-1.47 1.400000e+01 3.522205e-16

-1.46 7.000000e+00 3.795499e-16
-1.46 7.500000e+00 3.726812e-16
-1.46 8.000000e+00 3.726812e-16
-1.46 8.500000e+00 3.726812e-16
-1.46 9.000000e+00 3.726812e-16
-1.46 9.500000e+00 3.726812e-16
-1.46 1.000000e+01 3.726812e-16
-1.46 1.050000e+01 3.726812e-16
-1.46 1.100000e+01 3.726812e-16
-1.46 1.150000e+01 3.726812e-16
-1.46 1.200000e+01 3.726812e-16
-1.46 1.250000e+01 3.726812e-16
-1.46 1.300000e+01 3.726812e-16
-1.46 1.350000e+01 3.726812e-16
-1.46 1.400000e+01 3.795499e-16

-1.45 7.000000e+00 4.170721e-16
-1.45 7.500000e+00 4.024970e-16
-1.45 8.000000e+00 4.024970e-16
-1.45 8.500000e+00 4.024970e-16
-1.45 9.000000e+00 4.024970e-16
-1.45 9.500000e+00 4.024970e-16
-1.45 1.000000e+01 4.024970e-16
-1.45 1.050000e+01 4.024970e-16
-1.45 1.100000e+01 4.024970e-16
-1.45 1.150000e+01 4.024970e-16
-1.45 1.200000e+01 4.024970e-16
-1.45 1.250000e+01 4.024970e-16
-1.45 1.300000e+01 4.024970e-16
-1.45 1.350000e+01 4.024970e-16
-1.45 1.400000e+01 4.170721e-16

-1.44 7.000000e+00 4.442156e-16
-1.44 7.500000e+00 4.346981e-16
-1.44 8.000000e+00 4.346981e-16
-1.44 8.500000e+00 4.346981e-16
-1.44 9.000000e+00 4.346981e-16
-1.44 9.500000e+00 4.346981e-16
-1.44 1.000000e+01 4.346981e-16
-1.44 1.050000e+01 4.346981e-16
-1.44 1.100000e+01 4.346981e-16
-1.44 1.150000e+01 4.346981e-16
-1.44 1.200000e+01 4.346981e-16
-1.44 1.250000e+01 4.346981e-16
-1.44 1.300000e+01 4.346981e-16
-1.44 1.350000e+01 4.346981e-16
-1.44 1.400000e+01 4.442156e-16

-1.43 7.000000e+00 4.746657e-16
-1.43 7.500000e+00 4.694753e-16
-1.43 8.000000e+00 4.694753e-16
-1.43 8.500000e+00 4.694753e-16
-1.43 9.000000e+00 4.694753e-16
-1.43 9.500000e+00 4.694753e-16
-1.43 1.000000e+01 4.694753e-16
-1.43 1.050000e+01 4.694753e-16
-1.43 1.100000e+01 4.694753e-16
-1.43 1.150000e+01 4.694753e-16
-1.43 1.200000e+01 4.694753e-16
-1.43 1.250000e+01 4.694753e-16
-1.43 1.300000e+01 4.694753e-16
-1.43 1.350000e+01 4.694753e-16
-1.43 1.400000e+01 4.746657e-16

-1.42 7.000000e+00 5.185371e-16
-1.42 7.500000e+00 5.070349e-16
-1.42 8.000000e+00 5.070349e-16
-1.42 8.500000e+00 5.070349e-16
-1.42 9.000000e+00 5.070349e-16
-1.42 9.500000e+00 5.070349e-16
-1.42 1.000000e+01 5.070349e-16
-1.42 1.050000e+01 5.070349e-16
-1.42 1.100000e+01 5.070349e-16
-1.42 1.150000e+01 5.070349e-16
-1.42 1.200000e+01 5.070349e-16
-1.42 1.250000e+01 5.070349e-16
-1.42 1.300000e+01 5.070349e-16
-1.42 1.350000e+01 5.070349e-16
-1.42 1.400000e+01 5.185371e-16

-1.41 7.000000e+00 5.402122e-16
-1.41 7.500000e+00 5.475994e-16
-1.41 8.000000e+00 5.475994e-16
-1.41 8.500000e+00 5.475994e-16
-1.41 9.000000e+00 5.475994e-16
-1.41 9.500000e+00 5.475994e-16
-1.41 1.000000e+01 5.475994e-16
-1.41 1.050000e+01 5.475994e-16
-1.41 1.100000e+01 5.475994e-16
-1.41 1.150000e+01 5.475994e-16
-1.41 1.200000e+01 5.475994e-16
-1.41 1.250000e+01 5.475994e-16
-1.41 1.300000e+01 5.475994e-16
-1.41 1.350000e+01 5.475994e-16
-1.41 1.400000e+01 5.402122e-16

-1.40 7.000000e+00 6.052935e-16
-1.40 7.500000e+00 5.914092e-16
-1.40 8.000000e+00 5.914092e-16
-1.40 8.500000e+00 5.914092e-16
-1.40 9.000000e+00 5.914092e-16
-1.40 9.500000e+00 5.914092e-16
-1.40 1.000000e+01 5.914092e-16
-1.40 1.050000e+01 5.914092e-16
-1.40 1.100000e+01 5.914092e-16
-1.40 1.150000e+01 5.914092e-16
-1.40 1.200000e+01 5.914092e-16
-1.40 1.250000e+01 5.914092e-16
-1.40 1.300000e+01 5.914092e-16
-1.40 1.350000e+01 5.914092e-16
-1.40 1.400000e+01 6.052935e-16

-1.39 7.000000e+00 6.395576e-16
-1.39 7.500000e+00 6.387239e-16
-1.39 8.000000e+00 6.387239e-16
-1.39 8.500000e+00 6.387239e-16
-1.39 9.000000e+00 6.387239e-16
-1.39 9.500000e+00 6.387239e-16
-1.39 1.000000e+01 6.387239e-16
-1.39 1.050000e+01 6.387239e-16
-1.39 1.100000e+01 6.387239e-16
-1.39 1.150000e+01 6.387239e-16
-1.39 1.200000e+01 6.387239e-16
-1.39 1.250000e+01 6.387239e-16
-1.39 1.300000e+01 6.387239e-16
-1.39 1.350000e+01 6.387239e-16
-1.39 1.400000e+01 6.395576e-16

-1.38 7.000000e+00 6.997093e-16
-1.38 7.500000e+00 6.898239e-16
-1.38 8.000000e+00 6.898239e-16
-1.38 8.500000e+00 6.898239e-16
-1.38 9.000000e+00 6.898239e-16
-1.38 9.500000e+00 6.898239e-16
-1.38 1.000000e+01 6.898239e-16
-1.38 1.050000e+01 6.898239e-16
-1.38 1.100000e+01 6.898239e-16
-1.38 1.150000e+01 6.898239e-16
-1.38 1.200000e+01 6.898239e-16
-1.38 1.250000e+01 6.898239e-16
-1.38 1.300000e+01 6.898239e-16
-1.38 1.350000e+01 6.898239e-16
-1.38 1.400000e+01 6.997093e-16

-1.37 7.000000e+00 7.633877e-16
-1.37 7.500000e+00 7.450121e-16
-1.37 8.000000e+00 7.450121e-16
-1.37 8.500000e+00 7.450121e-16
-1.37 9.000000e+00 7.450121e-16
-1.37 9.500000e+00 7.450121e-16
-1.37 1.000000e+01 7.450121e-16
-1.37 1.050000e+01 7.450121e-16
-1.37 1.100000e+01 7.450121e-16
-1.37 1.150000e+01 7.450121e-16
-1.37 1.200000e+01 7.450121e-16
-1.37 1.250000e+01 7.450121e-16
-1.37 1.300000e+01 7.450121e-16
-1.37 1.350000e+01 7.450121e-16
-1.37 1.400000e+01 7.633877e-16

-1.36 7.000000e+00 8.302045e-16
-1.36 7.500000e+00 8.046155e-16
-1.36 8.000000e+00 8.046155e-16
-1.36 8.500000e+00 8.046155e-16
-1.36 9.000000e+00 8.046155e-16
-1.36 9.500000e+00 8.046155e-16
-1.36 1.000000e+01 8.046155e-16
-1.36 1.050000e+01 8.046155e-16
-1.36 1.100000e+01 8.046155e-16
-1.36 1.150000e+01 8.046155e-16
-1.36 1.200000e+01 8.046155e-16
-1.36 1.250000e+01 8.046155e-16
-1.36 1.300000e+01 8.046155e-16
-1.36 1.350000e+01 8.046155e-16
-1.36 1.400000e+01 8.302045e-16

-1.35 7.000000e+00 8.911099e-16
-1.35 7.500000e+00 8.689875e-16
-1.35 8.000000e+00 8.689875e-16
-1.35 8.500000e+00 8.689875e-16
-1.35 9.000000e+00 8.689875e-16
-1.35 9.500000e+00 8.689875e-16
-1.35 1.000000e+01 8.689875e-16
-1.35 1.050000e+01 8.689875e-16
-1.35 1.100000e+01 8.689875e-16
-1.35 1.150000e+01 8.689875e-16
-1.35 1.200000e+01 8.689875e-16
-1.35 1.250000e+01 8.689875e-16
-1.35 1.300000e+01 8.689875e-16
-1.35 1.350000e+01 8.689875e-16
-1.35 1.400000e+01 8.911099e-16

-1.34 7.000000e+00 9.062978e-16
-1.34 7.500000e+00 9.385093e-16
-1.34 8.000000e+00 9.385093e-16
-1.34 8.500000e+00 9.385093e-16
-1.34 9.000000e+00 9.385093e-16
-1.34 9.500000e+00 9.385093e-16
-1.34 1.000000e+01 9.385093e-16
-1.34 1.050000e+01 9.385093e-16
-1.34 1.100000e+01 9.385093e-16
-1.34 1.150000e+01 9.385093e-16
-1.34 1.200000e+01 9.385093e-16
-1.34 1.250000e+01 9.385093e-16
-1.34 1.300000e+01 9.385093e-16
-1.34 1.350000e+01 9.385093e-16
-1.34 1.400000e+01 9.062978e-16

-1.33 7.000000e+00 1.031448e-15
-1.33 7.500000e+00 1.013593e-15
-1.33 8.000000e+00 1.013593e-15
-1.33 8.500000e+00 1.013593e-15
-1.33 9.000000e+00 1.013593e-15
-1.33 9.500000e+00 1.013593e-15
-1.33 1.000000e+01 1.013593e-15
-1.33 1.050000e+01 1.013593e-15
-1.33 1.100000e+01 1.013593e-15
-1.33 1.150000e+01 1.013593e-15
-1.33 1.200000e+01 1.013593e-15
-1.33 1.250000e+01 1.013593e-15
-1.33 1.300000e+01 1.013593e-15
-1.33 1.350000e+01 1.013593e-15
-1.33 1.400000e+01 1.031448e-15

-1.32 7.000000e+00 1.123855e-15
-1.32 7.500000e+00 1.094684e-15
-1.32 8.000000e+00 1.094684e-15
-1.32 8.500000e+00 1.094684e-15
-1.32 9.000000e+00 1.094684e-15
-1.32 9.500000e+00 1.094684e-15
-1.32 1.000000e+01 1.094684e-15
-1.32 1.050000e+01 1.094684e-15
-1.32 1.100000e+01 1.094684e-15
-1.32 1.150000e+01 1.094684e-15
-1.32 1.200000e+01 1.094684e-15
-1.32 1.250000e+01 1.094684e-15
-1.32 1.300000e+01 1.094684e-15
-1.32 1.350000e+01 1.094684e-15
-1.32 1.400000e+01 1.123855e-15

-1.31 7.000000e+00 1.173881e-15
-1.31 7.500000e+00 1.182262e-15
-1.31 8.000000e+00 1.182262e-15
-1.31 8.500000e+00 1.182262e-15
-1.31 9.000000e+00 1.182262e-15
-1.31 9.500000e+00 1.182262e-15
-1.31 1.000000e+01 1.182262e-15
-1.31 1.050000e+01 1.182262e-15
-1.31 1.100000e+01 1.182262e-15
-1.31 1.150000e+01 1.182262e-15
-1.31 1.200000e+01 1.182262e-15
-1.31 1.250000e+01 1.182262e-15
-1.31 1.300000e+01 1.182262e-15
-1.31 1.350000e+01 1.182262e-15
-1.31 1.400000e+01 1.173881e-15

-1.30 7.000000e+00 1.311887e-15
-1.30 7.500000e+00 1.276847e-15
-1.30 8.000000e+00 1.276847e-15
-1.30 8.500000e+00 1.276847e-15
-1.30 9.000000e+00 1.276847e-15
-1.30 9.500000e+00 1.276847e-15
-1.30 1.000000e+01 1.276847e-15
-1.30 1.050000e+01 1.276847e-15
-1.30 1.100000e+01 1.276847e-15
-1.30 1.150000e+01 1.276847e-15
-1.30 1.200000e+01 1.276847e-15
-1.30 1.250000e+01 1.276847e-15
-1.30 1.300000e+01 1.276847e-15
-1.30 1.350000e+01 1.276847e-15
-1.30 1.400000e+01 1.311887e-15

-1.29 7.000000e+00 1.398930e-15
-1.29 7.500000e+00 1.378999e-15
-1.29 8.000000e+00 1.378999e-15
-1.29 8.500000e+00 1.378999e-15
-1.29 9.000000e+00 1.378999e-15
-1.29 9.500000e+00 1.378999e-15
-1.29 1.000000e+01 1.378999e-15
-1.29 1.050000e+01 1.378999e-15
-1.29 1.100000e+01 1.378999e-15
-1.29 1.150000e+01 1.378999e-15
-1.29 1.200000e+01 1.378999e-15
-1.29 1.250000e+01 1.378999e-15
-1.29 1.300000e+01 1.378999e-15
-1.29 1.350000e+01 1.378999e-15
-1.29 1.400000e+01 1.398930e-15

-1.28 7.000000e+00 1.520468e-15
-1.28 7.500000e+00 1.489324e-15
-1.28 8.000000e+00 1.489324e-15
-1.28 8.500000e+00 1.489324e-15
-1.28 9.000000e+00 1.489324e-15
-1.28 9.500000e+00 1.489324e-15
-1.28 1.000000e+01 1.489324e-15
-1.28 1.050000e+01 1.489324e-15
-1.28 1.100000e+01 1.489324e-15
-1.28 1.150000e+01 1.489324e-15
-1.28 1.200000e+01 1.489324e-15
-1.28 1.250000e+01 1.489324e-15
-1.28 1.300000e+01 1.489324e-15
-1.28 1.350000e+01 1.489324e-15
-1.28 1.400000e+01 1.520468e-15

-1.27 7.000000e+00 1.654534e-15
-1.27 7.500000e+00 1.608475e-15
-1.27 8.000000e+00 1.608475e-15
-1.27 8.500000e+00 1.608475e-15
-1.27 9.000000e+00 1.608475e-15
-1.27 9.500000e+00 1.608475e-15
-1.27 1.000000e+01 1.608475e-15
-1.27 1.050000e+01 1.608475e-15
-1.27 1.100000e+01 1.608475e-15
-1.27 1.150000e+01 1.608475e-15
-1.27 1.200000e+01 1.608475e-15
-1.27 1.250000e+01 1.608475e-15
-1.27 1.300000e+01 1.608475e-15
-1.27 1.350000e+01 1.608475e-15
-1.27 1.400000e+01 1.654534e-15

-1.26 7.000000e+00 1.730430e-15
-1.26 7.500000e+00 1.737158e-15
-1.26 8.000000e+00 1.737158e-15
-1.26 8.500000e+00 1.737158e-15
-1.26 9.000000e+00 1.737158e-15
-1.26 9.500000e+00 1.737158e-15
-1.26 1.000000e+01 1.737158e-15
-1.26 1.050000e+01 1.737158e-15
-1.26 1.100000e+01 1.737158e-15
-1.26 1.150000e+01 1.737158e-15
-1.26 1.200000e+01 1.737158e-15
-1.26 1.250000e+01 1.737158e-15
-1.26 1.300000e+01 1.737158e-15
-1.26 1.350000e+01 1.737158e-15
-1.26 1.400000e+01 1.730430e-15

-1.25 7.000000e+00 1.931354e-15
-1.25 7.500000e+00 1.876136e-15
-1.25 8.000000e+00 1.876136e-15
-1.25 8.500000e+00 1.876136e-15
-1.25 9.000000e+00 1.876136e-15
-1.25 9.500000e+00 1.876136e-15
-1.25 1.000000e+01 1.876136e-15
-1.25 1.050000e+01 1.876136e-15
-1.25 1.100000e+01 1.876136e-15
-1.25 1.150000e+01 1.876136e-15
-1.25 1.200000e+01 1.876136e-15
-1.25 1.250000e+01 1.876136e-15
-1.25 1.300000e+01 1.876136e-15
-1.25 1.350000e+01 1.876136e-15
-1.25 1.400000e+01 1.931354e-15

-1.24 7.000000e+00 1.969385e-15
-1.24 7.500000e+00 2.026234e-15
-1.24 8.000000e+00 2.026234e-15
-1.24 8.500000e+00 2.026234e-15
-1.24 9.000000e+00 2.026234e-15
-1.24 9.500000e+00 2.026234e-15
-1.24 1.000000e+01 2.026234e-15
-1.24 1.050000e+01 2.026234e-15
-1.24 1.100000e+01 2.026234e-15
-1.24 1.150000e+01 2.026234e-15
-1.24 1.200000e+01 2.026234e-15
-1.24 1.250000e+01 2.026234e-15
-1.24 1.300000e+01 2.026234e-15
-1.24 1.350000e+01 2.026234e-15
-1.24 1.400000e+01 1.969385e-15

-1.23 7.000000e+00 2.241338e-15
-1.23 7.500000e+00 2.188339e-15
-1.23 8.000000e+00 2.188339e-15
-1.23 8.500000e+00 2.188339e-15
-1.23 9.000000e+00 2.188339e-15
-1.23 9.500000e+00 2.188339e-15
-1.23 1.000000e+01 2.188339e-15
-1.23 1.050000e+01 2.188339e-15
-1.23 1.100000e+01 2.188339e-15
-1.23 1.150000e+01 2.188339e-15
-1.23 1.200000e+01 2.188339e-15
-1.23 1.250000e+01 2.188339e-15
-1.23 1.300000e+01 2.188339e-15
-1.23 1.350000e+01 2.188339e-15
-1.23 1.400000e+01 2.241338e-15

-1.22 7.000000e+00 2.435796e-15
-1.22 7.500000e+00 2.363413e-15
-1.22 8.000000e+00 2.363413e-15
-1.22 8.500000e+00 2.363413e-15
-1.22 9.000000e+00 2.363413e-15
-1.22 9.500000e+00 2.363413e-15
-1.22 1.000000e+01 2.363413e-15
-1.22 1.050000e+01 2.363413e-15
-1.22 1.100000e+01 2.363413e-15
-1.22 1.150000e+01 2.363413e-15
-1.22 1.200000e+01 2.363413e-15
-1.22 1.250000e+01 2.363413e-15
-1.22 1.300000e+01 2.363413e-15
-1.22 1.350000e+01 2.363413e-15
-1.22 1.400000e+01 2.435796e-15

-1.21 7.000000e+00 2.550844e-15
-1.21 7.500000e+00 2.552494e-15
-1.21 8.000000e+00 2.552494e-15
-1.21 8.500000e+00 2.552494e-15
-1.21 9.000000e+00 2.552494e-15
-1.21 9.500000e+00 2.552494e-15
-1.21 1.000000e+01 2.552494e-15
-1.21 1.050000e+01 2.552494e-15
-1.21 1.100000e+01 2.552494e-15
-1.21 1.150000e+01 2.552494e-15
-1.21 1.200000e+01 2.552494e-15
-1.21 1.250000e+01 2.552494e-15
-1.21 1.300000e+01 2.552494e-15
-1.21 1.350000e+01 2.552494e-15
-1.21 1.400000e+01 2.550844e-15

-1.20 7.000000e+00 2.843329e-15
-1.20 7.500000e+00 2.756702e-15
-1.20 8.000000e+00 2.756702e-15
-1.20 8.500000e+00 2.756702e-15
-1.20 9.000000e+00 2.756702e-15
-1.20 9.500000e+00 2.756702e-15
-1.20 1.000000e+01 2.756702e-15
-1.20 1.050000e+01 2.756702e-15
-1.20 1.100000e+01 2.756702e-15
-1.20 1.150000e+01 2.756702e-15
-1.20 1.200000e+01 2.756702e-15
-1.20 1.250000e+01 2.756702e-15
-1.20 1.300000e+01 2.756702e-15
-1.20 1.350000e+01 2.756702e-15
-1.20 1.400000e+01 2.843329e-15

-1.19 7.000000e+00 3.059934e-15
-1.19 7.500000e+00 2.977248e-15
-1.19 8.000000e+00 2.977248e-15
-1.19 8.500000e+00 2.977248e-15
-1.19 9.000000e+00 2.977248e-15
-1.19 9.500000e+00 2.977248e-15
-1.19 1.000000e+01 2.977248e-15
-1.19 1.050000e+01 2.977248e-15
-1.19 1.100000e+01 2.977248e-15
-1.19 1.150000e+01 2.977248e-15
-1.19 1.200000e+01 2.977248e-15
-1.19 1.250000e+01 2.977248e-15
-1.19 1.300000e+01 2.977248e-15
-1.19 1.350000e+01 2.977248e-15
-1.19 1.400000e+01 3.059934e-15

-1.18 7.000000e+00 3.303978e-15
-1.18 7.500000e+00 3.215437e-15
-1.18 8.000000e+00 3.215437e-15
-1.18 8.500000e+00 3.215437e-15
-1.18 9.000000e+00 3.215437e-15
-1.18 9.500000e+00 3.215437e-15
-1.18 1.000000e+01 3.215437e-15
-1.18 1.050000e+01 3.215437e-15
-1.18 1.100000e+01 3.215437e-15
-1.18 1.150000e+01 3.215437e-15
-1.18 1.200000e+01 3.215437e-15
-1.18 1.250000e+01 3.215437e-15
-1.18 1.300000e+01 3.215437e-15
-1.18 1.350000e+01 3.215437e-15
-1.18 1.400000e+01 3.303978e-15

-1.17 7.000000e+00 3.585967e-15
-1.17 7.500000e+00 3.472683e-15
-1.17 8.000000e+00 3.472683e-15
-1.17 8.500000e+00 3.472683e-15
-1.17 9.000000e+00 3.472683e-15
-1.17 9.500000e+00 3.472683e-15
-1.17 1.000000e+01 3.472683e-15
-1.17 1.050000e+01 3.472683e-15
-1.17 1.100000e+01 3.472683e-15
-1.17 1.150000e+01 3.472683e-15
-1.17 1.200000e+01 3.472683e-15
-1.17 1.250000e+01 3.472683e-15
-1.17 1.300000e+01 3.472683e-15
-1.17 1.350000e+01 3.472683e-15
-1.17 1.400000e+01 3.585967e-15

-1.16 7.000000e+00 3.760224e-15
-1.16 7.500000e+00 3.750509e-15
-1.16 8.000000e+00 3.750509e-15
-1.16 8.500000e+00 3.750509e-15
-1.16 9.000000e+00 3.750509e-15
-1.16 9.500000e+00 3.750509e-15
-1.16 1.000000e+01 3.750509e-15
-1.16 1.050000e+01 3.750509e-15
-1.16 1.100000e+01 3.750509e-15
-1.16 1.150000e+01 3.750509e-15
-1.16 1.200000e+01 3.750509e-15
-1.16 1.250000e+01 3.750509e-15
-1.16 1.300000e+01 3.750509e-15
-1.16 1.350000e+01 3.750509e-15
-1.16 1.400000e+01 3.760224e-15

-1.15 7.000000e+00 4.185934e-15
-1.15 7.500000e+00 4.050562e-15
-1.15 8.000000e+00 4.050562e-15
-1.15 8.500000e+00 4.050562e-15
-1.15 9.000000e+00 4.050562e-15
-1.15 9.500000e+00 4.050562e-15
-1.15 1.000000e+01 4.050562e-15
-1.15 1.050000e+01 4.050562e-15
-1.15 1.100000e+01 4.050562e-15
-1.15 1.150000e+01 4.050562e-15
-1.15 1.200000e+01 4.050562e-15
-1.15 1.250000e+01 4.050562e-15
-1.15 1.300000e+01 4.050562e-15
-1.15 1.350000e+01 4.050562e-15
-1.15 1.400000e+01 4.185934e-15

-1.14 7.000000e+00 4.279474e-15
-1.14 7.500000e+00 4.374621e-15
-1.14 8.000000e+00 4.374621e-15
-1.14 8.500000e+00 4.374621e-15
-1.14 9.000000e+00 4.374621e-15
-1.14 9.500000e+00 4.374621e-15
-1.14 1.000000e+01 4.374621e-15
-1.14 1.050000e+01 4.374621e-15
-1.14 1.100000e+01 4.374621e-15
-1.14 1.150000e+01 4.374621e-15
-1.14 1.200000e+01 4.374621e-15
-1.14 1.250000e+01 4.374621e-15
-1.14 1.300000e+01 4.374621e-15
-1.14 1.350000e+01 4.374621e-15
-1.14 1.400000e+01 4.279474e-15

-1.13 7.000000e+00 4.870426e-15
-1.13 7.500000e+00 4.724605e-15
-1.13 8.000000e+00 4.724605e-15
-1.13 8.500000e+00 4.724605e-15
-1.13 9.000000e+00 4.724605e-15
-1.13 9.500000e+00 4.724605e-15
-1.13 1.000000e+01 4.724605e-15
-1.13 1.050000e+01 4.724605e-15
-1.13 1.100000e+01 4.724605e-15
-1.13 1.150000e+01 4.724605e-15
-1.13 1.200000e+01 4.724605e-15
-1.13 1.250000e+01 4.724605e-15
-1.13 1.300000e+01 4.724605e-15
-1.13 1.350000e+01 4.724605e-15
-1.13 1.400000e+01 4.870426e-15

-1.12 7.000000e+00 5.279241e-15
-1.12 7.500000e+00 5.102589e-15
-1.12 8.000000e+00 5.102589e-15
-1.12 8.500000e+00 5.102589e-15
-1.12 9.000000e+00 5.102589e-15
-1.12 9.500000e+00 5.102589e-15
-1.12 1.000000e+01 5.102589e-15
-1.12 1.050000e+01 5.102589e-15
-1.12 1.100000e+01 5.102589e-15
-1.12 1.150000e+01 5.102589e-15
-1.12 1.200000e+01 5.102589e-15
-1.12 1.250000e+01 5.102589e-15
-1.12 1.300000e+01 5.102589e-15
-1.12 1.350000e+01 5.102589e-15
-1.12 1.400000e+01 5.279241e-15

-1.11 7.000000e+00 5.542984e-15
-1.11 7.500000e+00 5.510813e-15
-1.11 8.000000e+00 5.510813e-15
-1.11 8.500000e+00 5.510813e-15
-1.11 9.000000e+00 5.510813e-15
-1.11 9.500000e+00 5.510813e-15
-1.11 1.000000e+01 5.510813e-15
-1.11 1.050000e+01 5.510813e-15
-1.11 1.100000e+01 5.510813e-15
-1.11 1.150000e+01 5.510813e-15
-1.11 1.200000e+01 5.510813e-15
-1.11 1.250000e+01 5.510813e-15
-1.11 1.300000e+01 5.510813e-15
-1.11 1.350000e+01 5.510813e-15
-1.11 1.400000e+01 5.542984e-15

-1.10 7.000000e+00 6.162510e-15
-1.10 7.500000e+00 5.951696e-15
-1.10 8.000000e+00 5.951696e-15
-1.10 8.500000e+00 5.951696e-15
-1.10 9.000000e+00 5.951696e-15
-1.10 9.500000e+00 5.951696e-15
-1.10 1.000000e+01 5.951696e-15
-1.10 1.050000e+01 5.951696e-15
-1.10 1.100000e+01 5.951696e-15
-1.10 1.150000e+01 5.951696e-15
-1.10 1.200000e+01 5.951696e-15
-1.10 1.250000e+01 5.951696e-15
-1.10 1.300000e+01 5.951696e-15
-1.10 1.350000e+01 5.951696e-15
-1.10 1.400000e+01 6.162510e-15

-1.09 7.000000e+00 6.308415e-15
-1.09 7.500000e+00 6.427852e-15
-1.09 8.000000e+00 6.427852e-15
-1.09 8.500000e+00 6.427852e-15
-1.09 9.000000e+00 6.427852e-15
-1.09 9.500000e+00 6.427852e-15
-1.09 1.000000e+01 6.427852e-15
-1.09 1.050000e+01 6.427852e-15
-1.09 1.100000e+01 6.427852e-15
-1.09 1.150000e+01 6.427852e-15
-1.09 1.200000e+01 6.427852e-15
-1.09 1.250000e+01 6.427852e-15
-1.09 1.300000e+01 6.427852e-15
-1.09 1.350000e+01 6.427852e-15
-1.09 1.400000e+01 6.308415e-15

-1.08 7.000000e+00 6.693113e-15
-1.08 7.500000e+00 6.942101e-15
-1.08 8.000000e+00 6.942101e-15
-1.08 8.500000e+00 6.942101e-15
-1.08 9.000000e+00 6.942101e-15
-1.08 9.500000e+00 6.942101e-15
-1.08 1.000000e+01 6.942101e-15
-1.08 1.050000e+01 6.942101e-15
-1.08 1.100000e+01 6.942101e-15
-1.08 1.150000e+01 6.942101e-15
-1.08 1.200000e+01 6.942101e-15
-1.08 1.250000e+01 6.942101e-15
-1.08 1.300000e+01 6.942101e-15
-1.08 1.350000e+01 6.942101e-15
-1.08 1.400000e+01 6.693113e-15

-1.07 7.000000e+00 7.772071e-15
-1.07 7.500000e+00 7.497492e-15
-1.07 8.000000e+00 7.497492e-15
-1.07 8.500000e+00 7.497492e-15
-1.07 9.000000e+00 7.497492e-15
-1.07 9.500000e+00 7.497492e-15
-1.07 1.000000e+01 7.497492e-15
-1.07 1.050000e+01 7.497492e-15
-1.07 1.100000e+01 7.497492e-15
-1.07 1.150000e+01 7.497492e-15
-1.07 1.200000e+01 7.497492e-15
-1.07 1.250000e+01 7.497492e-15
-1.07 1.300000e+01 7.497492e-15
-1.07 1.350000e+01 7.497492e-15
-1.07 1.400000e+01 7.772071e-15

-1.06 7.000000e+00 8.170967e-15
-1.06 7.500000e+00 8.097316e-15
-1.06 8.000000e+00 8.097316e-15
-1.06 8.500000e+00 8.097316e-15
-1.06 9.000000e+00 8.097316e-15
-1.06 9.500000e+00 8.097316e-15
-1.06 1.000000e+01 8.097316e-15
-1.06 1.050000e+01 8.097316e-15
-1.06 1.100000e+01 8.097316e-15
-1.06 1.150000e+01 8.097316e-15
-1.06 1.200000e+01 8.097316e-15
-1.06 1.250000e+01 8.097316e-15
-1.06 1.300000e+01 8.097316e-15
-1.06 1.350000e+01 8.097316e-15
-1.06 1.400000e+01 8.170967e-15

-1.05 7.000000e+00 9.072415e-15
-1.05 7.500000e+00 8.745129e-15
-1.05 8.000000e+00 8.745129e-15
-1.05 8.500000e+00 8.745129e-15
-1.05 9.000000e+00 8.745129e-15
-1.05 9.500000e+00 8.745129e-15
-1.05 1.000000e+01 8.745129e-15
-1.05 1.050000e+01 8.745129e-15
-1.05 1.100000e+01 8.745129e-15
-1.05 1.150000e+01 8.745129e-15
-1.05 1.200000e+01 8.745129e-15
-1.05 1.250000e+01 8.745129e-15
-1.05 1.300000e+01 8.745128e-15
-1.05 1.350000e+01 8.745128e-15
-1.05 1.400000e+01 9.072415e-15

-1.04 7.000000e+00 9.299296e-15
-1.04 7.500000e+00 9.444768e-15
-1.04 8.000000e+00 9.444768e-15
-1.04 8.500000e+00 9.444768e-15
-1.04 9.000000e+00 9.444768e-15
-1.04 9.500000e+00 9.444768e-15
-1.04 1.000000e+01 9.444768e-15
-1.04 1.050000e+01 9.444768e-15
-1.04 1.100000e+01 9.444768e-15
-1.04 1.150000e+01 9.444768e-15
-1.04 1.200000e+01 9.444768e-15
-1.04 1.250000e+01 9.444768e-15
-1.04 1.300000e+01 9.444768e-15
-1.04 1.350000e+01 9.444768e-15
-1.04 1.400000e+01 9.299296e-15

-1.03 7.000000e+00 1.058344e-14
-1.03 7.500000e+00 1.020038e-14
-1.03 8.000000e+00 1.020038e-14
-1.03 8.500000e+00 1.020038e-14
-1.03 9.000000e+00 1.020038e-14
-1.03 9.500000e+00 1.020038e-14
-1.03 1.000000e+01 1.020038e-14
-1.03 1.050000e+01 1.020038e-14
-1.03 1.100000e+01 1.020038e-14
-1.03 1.150000e+01 1.020038e-14
-1.03 1.200000e+01 1.020038e-14
-1.03 1.250000e+01 1.020038e-14
-1.03 1.300000e+01 1.020038e-14
-1.03 1.350000e+01 1.020038e-14
-1.03 1.400000e+01 1.058344e-14

-1.02 7.000000e+00 1.144200e-14
-1.02 7.500000e+00 1.101644e-14
-1.02 8.000000e+00 1.101644e-14
-1.02 8.500000e+00 1.101644e-14
-1.02 9.000000e+00 1.101644e-14
-1.02 9.500000e+00 1.101644e-14
-1.02 1.000000e+01 1.101644e-14
-1.02 1.050000e+01 1.101644e-14
-1.02 1.100000e+01 1.101644e-14
-1.02 1.150000e+01 1.101644e-14
-1.02 1.200000e+01 1.101644e-14
-1.02 1.250000e+01 1.101644e-14
-1.02 1.300000e+01 1.101644e-14
-1.02 1.350000e+01 1.101644e-14
-1.02 1.400000e+01 1.144200e-14

-1.01 7.000000e+00 1.204490e-14
-1.01 7.500000e+00 1.189780e-14
-1.01 8.000000e+00 1.189780e-14
-1.01 8.500000e+00 1.189780e-14
-1.01 9.000000e+00 1.189780e-14
-1.01 9.500000e+00 1.189780e-14
-1.01 1.000000e+01 1.189780e-14
-1.01 1.050000e+01 1.189780e-14
-1.01 1.100000e+01 1.189780e-14
-1.01 1.150000e+01 1.189780e-14
-1.01 1.200000e+01 1.189780e-14
-1.01 1.250000e+01 1.189780e-14
-1.01 1.300000e+01 1.189780e-14
-1.01 1.350000e+01 1.189780e-14
-1.01 1.400000e+01 1.204490e-14

-1.00 7.000000e+00 1.284966e-14
-1.00 7.500000e+00 1.284966e-14
-1.00 8.000000e+00 1.284966e-14
-1.00 8.500000e+00 1.284966e-14
-1.00 9.000000e+00 1.284966e-14
-1.00 9.500000e+00 1.284966e-14
-1.00 1.000000e+01 1.284966e-14
-1.00 1.050000e+01 1.284966e-14
-1.00 1.100000e+01 1.284966e-14
-1.00 1.150000e+01 1.284966e-14
-1.00 1.200000e+01 1.284966e-14
-1.00 1.250000e+01 1.284966e-14
-1.00 1.300000e+01 1.284966e-14
-1.00 1.350000e+01 1.284966e-14
-1.00 1.400000e+01 1.284966e-14

-0.99 7.000000e+00 1.370818e-14
-0.99 7.500000e+00 1.387768e-14
-0.99 8.000000e+00 1.387768e-14
-0.99 8.500000e+00 1.387768e-14
-0.99 9.000000e+00 1.387768e-14
-0.99 9.500000e+00 1.387768e-14
-0.99 1.000000e+01 1.387768e-14
-0.99 1.050000e+01 1.387768e-14
-0.99 1.100000e+01 1.387768e-14
-0.99 1.150000e+01 1.387768e-14
-0.99 1.200000e+01 1.387768e-14
-0.99 1.250000e+01 1.387768e-14
-0.99 1.300000e+01 1.387768e-14
-0.99 1.350000e+01 1.387768e-14
-0.99 1.400000e+01 1.370818e-14

-0.98 7.000000e+00 1.443049e-14
-0.98 7.500000e+00 1.498794e-14
-0.98 8.000000e+00 1.498794e-14
-0.98 8.500000e+00 1.498794e-14
-0.98 9.000000e+00 1.498794e-14
-0.98 9.500000e+00 1.498794e-14
-0.98 1.000000e+01 1.498794e-14
-0.98 1.050000e+01 1.498794e-14
-0.98 1.100000e+01 1.498794e-14
-0.98 1.150000e+01 1.498794e-14
-0.98 1.200000e+01 1.498794e-14
-0.98 1.250000e+01 1.498794e-14
-0.98 1.300000e+01 1.498794e-14
-0.98 1.350000e+01 1.498794e-14
-0.98 1.400000e+01 1.443049e-14

-0.97 7.000000e+00 1.560115e-14
-0.97 7.500000e+00 1.618702e-14
-0.97 8.000000e+00 1.618702e-14
-0.97 8.500000e+00 1.618702e-14
-0.97 9.000000e+00 1.618702e-14
-0.97 9.500000e+00 1.618702e-14
-0.97 1.000000e+01 1.618702e-14
-0.97 1.050000e+01 1.618702e-14
-0.97 1.100000e+01 1.618702e-14
-0.97 1.150000e+01 1.618702e-14
-0.97 1.200000e+01 1.618702e-14
-0.97 1.250000e+01 1.618702e-14
-0.97 1.300000e+01 1.618702e-14
-0.97 1.350000e+01 1.618702e-14
-0.97 1.400000e+01 1.560115e-14

-0.96 7.000000e+00 1.775551e-14
-0.96 7.500000e+00 1.748204e-14
-0.96 8.000000e+00 1.748204e-14
-0.96 8.500000e+00 1.748204e-14
-0.96 9.000000e+00 1.748204e-14
-0.96 9.500000e+00 1.748204e-14
-0.96 1.000000e+01 1.748204e-14
-0.96 1.050000e+01 1.748204e-14
-0.96 1.100000e+01 1.748204e-14
-0.96 1.150000e+01 1.748204e-14
-0.96 1.200000e+01 1.748204e-14
-0.96 1.250000e+01 1.748204e-14
-0.96 1.300000e+01 1.748204e-14
-0.96 1.350000e+01 1.748203e-14
-0.96 1.400000e+01 1.775551e-14

-0.95 7.000000e+00 1.819954e-14
-0.95 7.500000e+00 1.888066e-14
-0.95 8.000000e+00 1.888066e-14
-0.95 8.500000e+00 1.888066e-14
-0.95 9.000000e+00 1.888066e-14
-0.95 9.500000e+00 1.888066e-14
-0.95 1.000000e+01 1.888066e-14
-0.95 1.050000e+01 1.888066e-14
-0.95 1.100000e+01 1.888066e-14
-0.95 1.150000e+01 1.888066e-14
-0.95 1.200000e+01 1.888066e-14
-0.95 1.250000e+01 1.888066e-14
-0.95 1.300000e+01 1.888066e-14
-0.95 1.350000e+01 1.888065e-14
-0.95 1.400000e+01 1.819953e-14

-0.94 7.000000e+00 2.020737e-14
-0.94 7.500000e+00 2.039117e-14
-0.94 8.000000e+00 2.039117e-14
-0.94 8.500000e+00 2.039117e-14
-0.94 9.000000e+00 2.039117e-14
-0.94 9.500000e+00 2.039117e-14
-0.94 1.000000e+01 2.039117e-14
-0.94 1.050000e+01 2.039117e-14
-0.94 1.100000e+01 2.039117e-14
-0.94 1.150000e+01 2.039117e-14
-0.94 1.200000e+01 2.039117e-14
-0.94 1.250000e+01 2.039117e-14
-0.94 1.300000e+01 2.039117e-14
-0.94 1.350000e+01 2.039117e-14
-0.94 1.400000e+01 2.020736e-14

-0.93 7.000000e+00 2.124450e-14
-0.93 7.500000e+00 2.202253e-14
-0.93 8.000000e+00 2.202253e-14
-0.93 8.500000e+00 2.202253e-14
-0.93 9.000000e+00 2.202253e-14
-0.93 9.500000e+00 2.202253e-14
-0.93 1.000000e+01 2.202253e-14
-0.93 1.050000e+01 2.202253e-14
-0.93 1.100000e+01 2.202253e-14
-0.93 1.150000e+01 2.202253e-14
-0.93 1.200000e+01 2.202253e-14
-0.93 1.250000e+01 2.202253e-14
-0.93 1.300000e+01 2.202253e-14
-0.93 1.350000e+01 2.202252e-14
-0.93 1.400000e+01 2.124448e-14

-0.92 7.000000e+00 2.466920e-14
-0.92 7.500000e+00 2.378441e-14
-0.92 8.000000e+00 2.378441e-14
-0.92 8.500000e+00 2.378441e-14
-0.92 9.000000e+00 2.378441e-14
-0.92 9.500000e+00 2.378441e-14
-0.92 1.000000e+01 2.378441e-14
-0.92 1.050000e+01 2.378441e-14
-0.92 1.100000e+01 2.378441e-14
-0.92 1.150000e+01 2.378441e-14
-0.92 1.200000e+01 2.378441e-14
-0.92 1.250000e+01 2.378441e-14
-0.92 1.300000e+01 2.378440e-14
-0.92 1.350000e+01 2.378439e-14
-0.92 1.400000e+01 2.466914e-14

-0.91 7.000000e+00 2.617358e-14
-0.91 7.500000e+00 2.568724e-14
-0.91 8.000000e+00 2.568724e-14
-0.91 8.500000e+00 2.568724e-14
-0.91 9.000000e+00 2.568724e-14
-0.91 9.500000e+00 2.568724e-14
-0.91 1.000000e+01 2.568724e-14
-0.91 1.050000e+01 2.568724e-14
-0.91 1.100000e+01 2.568724e-14
-0.91 1.150000e+01 2.568724e-14
-0.91 1.200000e+01 2.568724e-14
-0.91 1.250000e+01 2.568724e-14
-0.91 1.300000e+01 2.568723e-14
-0.91 1.350000e+01 2.568721e-14
-0.91 1.400000e+01 2.617348e-14

-0.90 7.000000e+00 2.679327e-14
-0.90 7.500000e+00 2.774230e-14
-0.90 8.000000e+00 2.774230e-14
-0.90 8.500000e+00 2.774230e-14
-0.90 9.000000e+00 2.774230e-14
-0.90 9.500000e+00 2.774230e-14
-0.90 1.000000e+01 2.774230e-14
-0.90 1.050000e+01 2.774230e-14
-0.90 1.100000e+01 2.774230e-14
-0.90 1.150000e+01 2.774230e-14
-0.90 1.200000e+01 2.774230e-14
-0.90 1.250000e+01 2.774230e-14
-0.90 1.300000e+01 2.774229e-14
-0.90 1.350000e+01 2.774226e-14
-0.90 1.400000e+01 2.679316e-14

-0.89 7.000000e+00 2.978789e-14
-0.89 7.500000e+00 2.996178e-14
-0.89 8.000000e+00 2.996178e-14
-0.89 8.500000e+00 2.996178e-14
-0.89 9.000000e+00 2.996178e-14
-0.89 9.500000e+00 2.996178e-14
-0.89 1.000000e+01 2.996178e-14
-0.89 1.050000e+01 2.996178e-14
-0.89 1.100000e+01 2.996178e-14
-0.89 1.150000e+01 2.996178e-14
-0.89 1.200000e+01 2.996178e-14
-0.89 1.250000e+01 2.996177e-14
-0.89 1.300000e+01 2.996176e-14
-0.89 1.350000e+01 2.996171e-14
-0.89 1.400000e+01 2.978766e-14

-0.88 7.000000e+00 3.127604e-14
-0.88 7.500000e+00 3.235882e-14
-0.88 8.000000e+00 3.235882e-14
-0.88 8.500000e+00 3.235882e-14
-0.88 9.000000e+00 3.235882e-14
-0.88 9.500000e+00 3.235882e-14
-0.88 1.000000e+01 3.235882e-14
-0.88 1.050000e+01 3.235882e-14
-0.88 1.100000e+01 3.235882e-14
-0.88 1.150000e+01 3.235882e-14
-0.88 1.200000e+01 3.235882e-14
-0.88 1.250000e+01 3.235881e-14
-0.88 1.300000e+01 3.235878e-14
-0.88 1.350000e+01 3.235869e-14
-0.88 1.400000e+01 3.127572e-14

-0.87 7.000000e+00 3.390130e-14
-0.87 7.500000e+00 3.494764e-14
-0.87 8.000000e+00 3.494764e-14
-0.87 8.500000e+00 3.494764e-14
-0.87 9.000000e+00 3.494764e-14
-0.87 9.500000e+00 3.494764e-14
-0.87 1.000000e+01 3.494764e-14
-0.87 1.050000e+01 3.494764e-14
-0.87 1.100000e+01 3.494764e-14
-0.87 1.150000e+01 3.494763e-14
-0.87 1.200000e+01 3.494763e-14
-0.87 1.250000e+01 3.494761e-14
-0.87 1.300000e+01 3.494757e-14
-0.87 1.350000e+01 3.494741e-14
-0.87 1.400000e+01 3.390073e-14

-0.86 7.000000e+00 3.858273e-14
-0.86 7.500000e+00 3.774356e-14
-0.86 8.000000e+00 3.774356e-14
-0.86 8.500000e+00 3.774356e-14
-0.86 9.000000e+00 3.774356e-14
-0.86 9.500000e+00 3.774356e-14
-0.86 1.000000e+01 3.774356e-14
-0.86 1.050000e+01 3.774356e-14
-0.86 1.100000e+01 3.774356e-14
-0.86 1.150000e+01 3.774356e-14
-0.86 1.200000e+01 3.774355e-14
-0.86 1.250000e+01 3.774352e-14
-0.86 1.300000e+01 3.774344e-14
-0.86 1.350000e+01 3.774318e-14
-0.86 1.400000e+01 3.858132e-14

-0.85 7.000000e+00 3.944491e-14
-0.85 7.500000e+00 4.076317e-14
-0.85 8.000000e+00 4.076317e-14
-0.85 8.500000e+00 4.076317e-14
-0.85 9.000000e+00 4.076317e-14
-0.85 9.500000e+00 4.076317e-14
-0.85 1.000000e+01 4.076317e-14
-0.85 1.050000e+01 4.076317e-14
-0.85 1.100000e+01 4.076317e-14
-0.85 1.150000e+01 4.076317e-14
-0.85 1.200000e+01 4.076315e-14
-0.85 1.250000e+01 4.076311e-14
-0.85 1.300000e+01 4.076297e-14
-0.85 1.350000e+01 4.076252e-14
-0.85 1.400000e+01 3.944326e-14

-0.84 7.000000e+00 4.391062e-14
-0.84 7.500000e+00 4.402436e-14
-0.84 8.000000e+00 4.402436e-14
-0.84 8.500000e+00 4.402436e-14
-0.84 9.000000e+00 4.402436e-14
-0.84 9.500000e+00 4.402436e-14
-0.84 1.000000e+01 4.402436e-14
-0.84 1.050000e+01 4.402436e-14
-0.84 1.100000e+01 4.402436e-14
-0.84 1.150000e+01 4.402435e-14
-0.84 1.200000e+01 4.402433e-14
-0.84 1.250000e+01 4.402425e-14
-0.84 1.300000e+01 4.402401e-14
-0.84 1.350000e+01 4.402324e-14
-0.84 1.400000e+01 4.390712e-14

-0.83 7.000000e+00 4.604442e-14
-0.83 7.500000e+00 4.754646e-14
-0.83 8.000000e+00 4.754646e-14
-0.83 8.500000e+00 4.754646e-14
-0.83 9.000000e+00 4.754646e-14
-0.83 9.500000e+00 4.754646e-14
-0.83 1.000000e+01 4.754646e-14
-0.83 1.050000e+01 4.754646e-14
-0.83 1.100000e+01 4.754645e-14
-0.83 1.150000e+01 4.754644e-14
-0.83 1.200000e+01 4.754640e-14
-0.83 1.250000e+01 4.754626e-14
-0.83 1.300000e+01 4.754585e-14
-0.83 1.350000e+01 4.754452e-14
-0.83 1.400000e+01 4.603954e-14

-0.82 7.000000e+00 4.997424e-14
-0.82 7.500000e+00 5.135033e-14
-0.82 8.000000e+00 5.135033e-14
-0.82 8.500000e+00 5.135033e-14
-0.82 9.000000e+00 5.135033e-14
-0.82 9.500000e+00 5.135033e-14
-0.82 1.000000e+01 5.135033e-14
-0.82 1.050000e+01 5.135033e-14
-0.82 1.100000e+01 5.135032e-14
-0.82 1.150000e+01 5.135030e-14
-0.82 1.200000e+01 5.135023e-14
-0.82 1.250000e+01 5.135000e-14
-0.82 1.300000e+01 5.134928e-14
-0.82 1.350000e+01 5.134701e-14
-0.82 1.400000e+01 4.996556e-14

-0.81 7.000000e+00 5.395992e-14
-0.81 7.500000e+00 5.545853e-14
-0.81 8.000000e+00 5.545853e-14
-0.81 8.500000e+00 5.545853e-14
-0.81 9.000000e+00 5.545853e-14
-0.81 9.500000e+00 5.545853e-14
-0.81 1.000000e+01 5.545853e-14
-0.81 1.050000e+01 5.545852e-14
-0.81 1.100000e+01 5.545851e-14
-0.81 1.150000e+01 5.545847e-14
-0.81 1.200000e+01 5.545835e-14
-0.81 1.250000e+01 5.545796e-14
-0.81 1.300000e+01 5.545673e-14
-0.81 1.350000e+01 5.545283e-14
-0.81 1.400000e+01 5.394504e-14

-0.80 7.000000e+00 5.807059e-14
-0.80 7.500000e+00 5.989539e-14
-0.80 8.000000e+00 5.989539e-14
-0.80 8.500000e+00 5.989539e-14
-0.80 9.000000e+00 5.989539e-14
-0.80 9.500000e+00 5.989539e-14
-0.80 1.000000e+01 5.989539e-14
-0.80 1.050000e+01 5.989539e-14
-0.80 1.100000e+01 5.989536e-14
-0.80 1.150000e+01 5.989530e-14
-0.80 1.200000e+01 5.989509e-14
-0.80 1.250000e+01 5.989442e-14
-0.80 1.300000e+01 5.989230e-14
-0.80 1.350000e+01 5.988561e-14
-0.80 1.400000e+01 5.804567e-14

-0.79 7.000000e+00 6.472908e-14
-0.79 7.500000e+00 6.468723e-14
-0.79 8.000000e+00 6.468723e-14
-0.79 8.500000e+00 6.468723e-14
-0.79 9.000000e+00 6.468722e-14
-0.79 9.500000e+00 6.468722e-14
-0.79 1.000000e+01 6.468722e-14
-0.79 1.050000e+01 6.468721e-14
-0.79 1.100000e+01 6.468717e-14
-0.79 1.150000e+01 6.468706e-14
-0.79 1.200000e+01 6.468670e-14
-0.79 1.250000e+01 6.468555e-14
-0.79 1.300000e+01 6.468191e-14
-0.79 1.350000e+01 6.467042e-14
-0.79 1.400000e+01 6.467568e-14

-0.78 7.000000e+00 6.778636e-14
-0.78 7.500000e+00 6.986242e-14
-0.78 8.000000e+00 6.986242e-14
-0.78 8.500000e+00 6.986242e-14
-0.78 9.000000e+00 6.986242e-14
-0.78 9.500000e+00 6.986242e-14
-0.78 1.000000e+01 6.986241e-14
-0.78 1.050000e+01 6.986239e-14
-0.78 1.100000e+01 6.986233e-14
-0.78 1.150000e+01 6.986213e-14
-0.78 1.200000e+01 6.986151e-14
-0.78 1.250000e+01 6.985954e-14
-0.78 1.300000e+01 6.985330e-14
-0.78 1.350000e+01 6.983356e-14
-0.78 1.400000e+01 6.771253e-14

-0.77 7.000000e+00 7.366752e-14
-0.77 7.500000e+00 7.545164e-14
-0.77 8.000000e+00 7.545164e-14
-0.77 8.500000e+00 7.545164e-14
-0.77 9.000000e+00 7.545164e-14
-0.77 9.500000e+00 7.545164e-14
-0.77 1.000000e+01 7.545163e-14
-0.77 1.050000e+01 7.545159e-14
-0.77 1.100000e+01 7.545149e-14
-0.77 1.150000e+01 7.545115e-14
-0.77 1.200000e+01 7.545008e-14
-0.77 1.250000e+01 7.544669e-14
-0.77 1.300000e+01 7.543598e-14
-0.77 1.350000e+01 7.540211e-14
-0.77 1.400000e+01 7.353515e-14

-0.76 7.000000e+00 8.384027e-14
-0.76 7.500000e+00 8.148802e-14
-0.76 8.000000e+00 8.148802e-14
-0.76 8.500000e+00 8.148802e-14
-0.76 9.000000e+00 8.148802e-14
-0.76 9.500000e+00 8.148802e-14
-0.76 1.000000e+01 8.148800e-14
-0.76 1.050000e+01 8.148794e-14
-0.76 1.100000e+01 8.148776e-14
-0.76 1.150000e+01 8.148718e-14
-0.76 1.200000e+01 8.148534e-14
-0.76 1.250000e+01 8.147953e-14
-0.76 1.300000e+01 8.146114e-14
-0.76 1.350000e+01 8.140299e-14
-0.76 1.400000e+01 8.351251e-14

-0.75 7.000000e+00 8.549121e-14
-0.75 7.500000e+00 8.800734e-14
-0.75 8.000000e+00 8.800734e-14
-0.75 8.500000e+00 8.800734e-14
-0.75 9.000000e+00 8.800733e-14
-0.75 9.500000e+00 8.800732e-14
-0.75 1.000000e+01 8.800729e-14
-0.75 1.050000e+01 8.800719e-14
-0.75 1.100000e+01 8.800688e-14
-0.75 1.150000e+01 8.800588e-14
-0.75 1.200000e+01 8.800273e-14
-0.75 1.250000e+01 8.799275e-14
-0.75 1.300000e+01 8.796117e-14
-0.75 1.350000e+01 8.786139e-14
-0.75 1.400000e+01 8.511551e-14

-0.74 7.000000e+00 9.541777e-14
-0.74 7.500000e+00 9.504822e-14
-0.74 8.000000e+00 9.504822e-14
-0.74 8.500000e+00 9.504821e-14
-0.74 9.000000e+00 9.504821e-14
-0.74 9.500000e+00 9.504819e-14
-0.74 1.000000e+01 9.504814e-14
-0.74 1.050000e+01 9.504797e-14
-0.74 1.100000e+01 9.504743e-14
-0.74 1.150000e+01 9.504571e-14
-0.74 1.200000e+01 9.504030e-14
-0.74 1.250000e+01 9.502316e-14
-0.74 1.300000e+01 9.496896e-14
-0.74 1.350000e+01 9.479783e-14
-0.74 1.400000e+01 9.460821e-14

-0.73 7.000000e+00 9.979473e-14
-0.73 7.500000e+00 1.026524e-13
-0.73 8.000000e+00 1.026524e-13
-0.73 8.500000e+00 1.026524e-13
-0.73 9.000000e+00 1.026524e-13
-0.73 9.500000e+00 1.026523e-13
-0.73 1.000000e+01 1.026523e-13
-0.73 1.050000e+01 1.026520e-13
-0.73 1.100000e+01 1.026510e-13
-0.73 1.150000e+01 1.026481e-13
-0.73 1.200000e+01 1.026388e-13
-0.73 1.250000e+01 1.026094e-13
-0.73 1.300000e+01 1.025164e-13
-0.73 1.350000e+01 1.022231e-13
-0.73 1.400000e+01 9.868820e-14

-0.72 7.000000e+00 1.085940e-13
-0.72 7.500000e+00 1.108649e-13
-0.72 8.000000e+00 1.108649e-13
-0.72 8.500000e+00 1.108649e-13
-0.72 9.000000e+00 1.108649e-13
-0.72 9.500000e+00 1.108648e-13
-0.72 1.000000e+01 1.108647e-13
-0.72 1.050000e+01 1.108642e-13
-0.72 1.100000e+01 1.108626e-13
-0.72 1.150000e+01 1.108575e-13
-0.72 1.200000e+01 1.108416e-13
-0.72 1.250000e+01 1.107911e-13
-0.72 1.300000e+01 1.106315e-13
-0.72 1.350000e+01 1.101295e-13
-0.72 1.400000e+01 1.066051e-13

-0.71 7.000000e+00 1.180287e-13
-0.71 7.500000e+00 1.197345e-13
-0.71 8.000000e+00 1.197345e-13
-0.71 8.500000e+00 1.197345e-13
-0.71 9.000000e+00 1.197344e-13
-0.71 9.500000e+00 1.197344e-13
-0.71 1.000000e+01 1.197341e-13
-0.71 1.050000e+01 1.197332e-13
-0.71 1.100000e+01 1.197305e-13
-0.71 1.150000e+01 1.197218e-13
-0.71 1.200000e+01 1.196944e-13
-0.71 1.250000e+01 1.196077e-13
-0.71 1.300000e+01 1.193341e-13
-0.71 1.350000e+01 1.184765e-13
-0.71 1.400000e+01 1.144995e-13

-0.70 7.000000e+00 1.258597e-13
-0.70 7.500000e+00 1.293136e-13
-0.70 8.000000e+00 1.293136e-13
-0.70 8.500000e+00 1.293136e-13
-0.70 9.000000e+00 1.293136e-13
-0.70 9.500000e+00 1.293134e-13
-0.70 1.000000e+01 1.293130e-13
-0.70 1.050000e+01 1.293115e-13
-0.70 1.100000e+01 1.293068e-13
-0.70 1.150000e+01 1.292919e-13
-0.70 1.200000e+01 1.292448e-13
-0.70 1.250000e+01 1.290960e-13
-0.70 1.300000e+01 1.286274e-13
-0.70 1.350000e+01 1.271666e-13
-0.70 1.400000e+01 1.203947e-13

-0.69 7.000000e+00 1.406563e-13
-0.69 7.500000e+00 1.396592e-13
-0.69 8.000000e+00 1.396591e-13
-0.69 8.500000e+00 1.396591e-13
-0.69 9.000000e+00 1.396590e-13
-0.69 9.500000e+00 1.396588e-13
-0.69 1.000000e+01 1.396580e-13
-0.69 1.050000e+01 1.396554e-13
-0.69 1.100000e+01 1.396474e-13
-0.69 1.150000e+01 1.396218e-13
-0.69 1.200000e+01 1.395410e-13
-0.69 1.250000e+01 1.392858e-13
-0.69 1.300000e+01 1.384844e-13
-0.69 1.350000e+01 1.360078e-13
-0.69 1.400000e+01 1.291978e-13

-0.68 7.000000e+00 1.469173e-13
-0.68 7.500000e+00 1.508323e-13
-0.68 8.000000e+00 1.508323e-13
-0.68 8.500000e+00 1.508323e-13
-0.68 9.000000e+00 1.508322e-13
-0.68 9.500000e+00 1.508317e-13
-0.68 1.000000e+01 1.508303e-13
-0.68 1.050000e+01 1.508259e-13
-0.68 1.100000e+01 1.508121e-13
-0.68 1.150000e+01 1.507682e-13
-0.68 1.200000e+01 1.506295e-13
-0.68 1.250000e+01 1.501923e-13
-0.68 1.300000e+01 1.488250e-13
-0.68 1.350000e+01 1.446571e-13
-0.68 1.400000e+01 1.317284e-13

-0.67 7.000000e+00 1.600795e-13
-0.67 7.500000e+00 1.628994e-13
-0.67 8.000000e+00 1.628994e-13
-0.67 8.500000e+00 1.628993e-13
-0.67 9.000000e+00 1.628991e-13
-0.67 9.500000e+00 1.628983e-13
-0.67 1.000000e+01 1.628960e-13
-0.67 1.050000e+01 1.628884e-13
-0.67 1.100000e+01 1.628646e-13
-0.67 1.150000e+01 1.627893e-13
-0.67 1.200000e+01 1.625514e-13
-0.67 1.250000e+01 1.618030e-13
-0.67 1.300000e+01 1.594791e-13
-0.67 1.350000e+01 1.525450e-13
-0.67 1.400000e+01 1.341407e-13

-0.66 7.000000e+00 1.821849e-13
-0.66 7.500000e+00 1.759319e-13
-0.66 8.000000e+00 1.759319e-13
-0.66 8.500000e+00 1.759317e-13
-0.66 9.000000e+00 1.759313e-13
-0.66 9.500000e+00 1.759301e-13
-0.66 1.000000e+01 1.759260e-13
-0.66 1.050000e+01 1.759130e-13
-0.66 1.100000e+01 1.758722e-13
-0.66 1.150000e+01 1.757429e-13
-0.66 1.200000e+01 1.753350e-13
-0.66 1.250000e+01 1.740564e-13
-0.66 1.300000e+01 1.701301e-13
-0.66 1.350000e+01 1.587932e-13
-0.66 1.400000e+01 1.281543e-13

-0.65 7.000000e+00 1.852900e-13
-0.65 7.500000e+00 1.900070e-13
-0.65 8.000000e+00 1.900070e-13
-0.65 8.500000e+00 1.900068e-13
-0.65 9.000000e+00 1.900061e-13
-0.65 9.500000e+00 1.900038e-13
-0.65 1.000000e+01 1.899968e-13
-0.65 1.050000e+01 1.899746e-13
-0.65 1.100000e+01 1.899044e-13
-0.65 1.150000e+01 1.896826e-13
-0.65 1.200000e+01 1.889840e-13
-0.65 1.250000e+01 1.868064e-13
-0.65 1.300000e+01 1.802338e-13
-0.65 1.350000e+01 1.621748e-13
-0.65 1.400000e+01 1.263222e-13

-0.64 7.000000e+00 1.988832e-13
-0.64 7.500000e+00 2.052082e-13
-0.64 8.000000e+00 2.052081e-13
-0.64 8.500000e+00 2.052077e-13
-0.64 9.000000e+00 2.052065e-13
-0.64 9.500000e+00 2.052027e-13
-0.64 1.000000e+01 2.051907e-13
-0.64 1.050000e+01 2.051526e-13
-0.64 1.100000e+01 2.050321e-13
-0.64 1.150000e+01 2.046517e-13
-0.64 1.200000e+01 2.034569e-13
-0.64 1.250000e+01 1.997660e-13
-0.64 1.300000e+01 1.889191e-13
-0.64 1.350000e+01 1.612149e-13
-0.64 1.400000e+01 1.159553e-13

-0.63 7.000000e+00 2.162908e-13
-0.63 7.500000e+00 2.216255e-13
-0.63 8.000000e+00 2.216253e-13
-0.63 8.500000e+00 2.216247e-13
-0.63 9.000000e+00 2.216226e-13
-0.63 9.500000e+00 2.216161e-13
-0.63 1.000000e+01 2.215954e-13
-0.63 1.050000e+01 2.215300e-13
-0.63 1.100000e+01 2.213232e-13
-0.63 1.150000e+01 2.206713e-13
-0.63 1.200000e+01 2.186331e-13
-0.63 1.250000e+01 2.124236e-13
-0.63 1.300000e+01 1.949041e-13
-0.63 1.350000e+01 1.545603e-13
-0.63 1.400000e+01 9.895474e-14

-0.62 7.000000e+00 2.359747e-13
-0.62 7.500000e+00 2.393562e-13
-0.62 8.000000e+00 2.393559e-13
-0.62 8.500000e+00 2.393548e-13
-0.62 9.000000e+00 2.393512e-13
-0.62 9.500000e+00 2.393400e-13
-0.62 1.000000e+01 2.393045e-13
-0.62 1.050000e+01 2.391922e-13
-0.62 1.100000e+01 2.388375e-13
-0.62 1.150000e+01 2.377217e-13
-0.62 1.200000e+01 2.342580e-13
-0.62 1.250000e+01 2.239318e-13
-0.62 1.300000e+01 1.965159e-13
-0.62 1.350000e+01 1.416352e-13
-0.62 1.400000e+01 7.854827e-14

-0.61 7.000000e+00 2.581686e-13
-0.61 7.500000e+00 2.585054e-13
-0.61 8.000000e+00 2.585048e-13
-0.61 8.500000e+00 2.585029e-13
-0.61 9.000000e+00 2.584968e-13
-0.61 9.500000e+00 2.584775e-13
-0.61 1.000000e+01 2.584166e-13
-0.61 1.050000e+01 2.582238e-13
-0.61 1.100000e+01 2.576157e-13
-0.61 1.150000e+01 2.557097e-13
-0.61 1.200000e+01 2.498590e-13
-0.61 1.250000e+01 2.329876e-13
-0.61 1.300000e+01 1.919639e-13
-0.61 1.350000e+01 1.232698e-13
-0.61 1.400000e+01 5.808145e-14

-0.60 7.000000e+00 2.727829e-13
-0.60 7.500000e+00 2.791865e-13
-0.60 8.000000e+00 2.791855e-13
-0.60 8.500000e+00 2.791822e-13
-0.60 9.000000e+00 2.791717e-13
-0.60 9.500000e+00 2.791386e-13
-0.60 1.000000e+01 2.790340e-13
-0.60 1.050000e+01 2.787033e-13
-0.60 1.100000e+01 2.776617e-13
-0.60 1.150000e+01 2.744159e-13
-0.60 1.200000e+01 2.646256e-13
-0.60 1.250000e+01 2.377773e-13
-0.60 1.300000e+01 1.799837e-13
-0.60 1.350000e+01 1.017287e-13
-0.60 1.400000e+01 4.702766e-14

-0.59 7.000000e+00 3.056458e-13
-0.59 7.500000e+00 3.015221e-13
-0.59 8.000000e+00 3.015203e-13
-0.59 8.500000e+00 3.015146e-13
-0.59 9.000000e+00 3.014967e-13
-0.59 9.500000e+00 3.014398e-13
-0.59 1.000000e+01 3.012602e-13
-0.59 1.050000e+01 3.006930e-13
-0.59 1.100000e+01 2.989119e-13
-0.59 1.150000e+01 2.934113e-13
-0.59 1.200000e+01 2.772634e-13
-0.59 1.250000e+01 2.361335e-13
-0.59 1.300000e+01 1.606908e-13
-0.59 1.350000e+01 7.989959e-14
-0.59 1.400000e+01 2.903332e-14

-0.58 7.000000e+00 3.184219e-13
-0.58 7.500000e+00 3.256443e-13
-0.58 8.000000e+00 3.256412e-13
-0.58 8.500000e+00 3.256315e-13
-0.58 9.000000e+00 3.256007e-13
-0.58 9.500000e+00 3.255031e-13
-0.58 1.000000e+01 3.251948e-13
-0.58 1.050000e+01 3.242229e-13
-0.58 1.100000e+01 3.211846e-13
-0.58 1.150000e+01 3.119335e-13
-0.58 1.200000e+01 2.858734e-13
-0.58 1.250000e+01 2.260927e-13
-0.58 1.300000e+01 1.360503e-13
-0.58 1.350000e+01 6.018765e-14
-0.58 1.400000e+01 2.413396e-14

-0.57 7.000000e+00 3.478521e-13
-0.57 7.500000e+00 3.516960e-13
-0.57 8.000000e+00 3.516908e-13
-0.57 8.500000e+00 3.516740e-13
-0.57 9.000000e+00 3.516211e-13
-0.57 9.500000e+00 3.514536e-13
-0.57 1.000000e+01 3.509247e-13
-0.57 1.050000e+01 3.492613e-13
-0.57 1.100000e+01 3.440989e-13
-0.57 1.150000e+01 3.287215e-13
-0.57 1.200000e+01 2.879894e-13
-0.57 1.250000e+01 2.068643e-13
-0.57 1.300000e+01 1.093631e-13
-0.57 1.350000e+01 4.389077e-14
-0.57 1.400000e+01 1.597656e-14

-0.56 7.000000e+00 3.716963e-13
-0.56 7.500000e+00 3.798313e-13
-0.56 8.000000e+00 3.798223e-13
-0.56 8.500000e+00 3.797935e-13
-0.56 9.000000e+00 3.797026e-13
-0.56 9.500000e+00 3.794152e-13
-0.56 1.000000e+01 3.785085e-13
-0.56 1.050000e+01 3.756672e-13
-0.56 1.100000e+01 3.669492e-13
-0.56 1.150000e+01 3.418421e-13
-0.56 1.200000e+01 2.809939e-13
-0.56 1.250000e+01 1.797377e-13
-0.56 1.300000e+01 8.397099e-14
-0.56 1.350000e+01 3.125893e-14
-0.56 1.400000e+01 1.162481e-14

-0.55 7.000000e+00 3.958860e-13
-0.55 7.500000e+00 4.102164e-13
-0.55 8.000000e+00 4.102008e-13
-0.55 8.500000e+00 4.101515e-13
-0.55 9.000000e+00 4.099954e-13
-0.55 9.500000e+00 4.095023e-13
-0.55 1.000000e+01 4.079494e-13
-0.55 1.050000e+01 4.031114e-13
-0.55 1.100000e+01 3.885285e-13
-0.55 1.150000e+01 3.486144e-13
-0.55 1.200000e+01 2.630785e-13
-0.55 1.250000e+01 1.480848e-13
-0.55 1.300000e+01 6.213162e-14
-0.55 1.350000e+01 2.190038e-14
-0.55 1.400000e+01 8.552193e-15

-0.54 7.000000e+00 4.350217e-13
-0.54 7.500000e+00 4.430305e-13
-0.54 8.000000e+00 4.430037e-13
-0.54 8.500000e+00 4.429190e-13
-0.54 9.000000e+00 4.426512e-13
-0.54 9.500000e+00 4.418055e-13
-0.54 1.000000e+01 4.391502e-13
-0.54 1.050000e+01 4.309529e-13
-0.54 1.100000e+01 4.069136e-13
-0.54 1.150000e+01 3.458550e-13
-0.54 1.200000e+01 2.344935e-13
-0.54 1.250000e+01 1.161397e-13
-0.54 1.300000e+01 4.471393e-14
-0.54 1.350000e+01 1.517573e-14
-0.54 1.400000e+01 5.375131e-15

-0.53 7.000000e+00 4.687738e-13
-0.53 7.500000e+00 4.784665e-13
-0.53 8.000000e+00 4.784206e-13
-0.53 8.500000e+00 4.782751e-13
-0.53 9.000000e+00 4.778154e-13
-0.53 9.500000e+00 4.763663e-13
-0.53 1.000000e+01 4.718374e-13
-0.53 1.050000e+01 4.580548e-13
-0.53 1.100000e+01 4.192919e-13
-0.53 1.150000e+01 3.307162e-13
-0.53 1.200000e+01 1.982012e-13
-0.53 1.250000e+01 8.738461e-14
-0.53 1.300000e+01 3.155210e-14
-0.53 1.350000e+01 1.044029e-14
-0.53 1.400000e+01 3.708732e-15

-0.52 7.000000e+00 5.127623e-13
-0.52 7.500000e+00 5.167319e-13
-0.52 8.000000e+00 5.166530e-13
-0.52 8.500000e+00 5.164033e-13
-0.52 9.000000e+00 5.156147e-13
-0.52 9.500000e+00 5.131347e-13
-0.52 1.000000e+01 5.054407e-13
-0.52 1.050000e+01 4.825415e-13
-0.52 1.100000e+01 4.220282e-13
-0.52 1.150000e+01 3.021185e-13
-0.52 1.200000e+01 1.590738e-13
-0.52 1.250000e+01 6.366789e-14
-0.52 1.300000e+01 2.196824e-14
-0.52 1.350000e+01 7.149094e-15
-0.52 1.400000e+01 2.370656e-15

-0.51 7.000000e+00 5.471937e-13
-0.51 7.500000e+00 5.580489e-13
-0.51 8.000000e+00 5.579134e-13
-0.51 8.500000e+00 5.574849e-13
-0.51 9.000000e+00 5.561330e-13
-0.51 9.500000e+00 5.518973e-13
-0.51 1.000000e+01 5.389070e-13
-0.51 1.050000e+01 5.015450e-13
-0.51 1.100000e+01 4.112977e-13
-0.51 1.150000e+01 2.620586e-13
-0.51 1.200000e+01 1.219794e-13
-0.51 1.250000e+01 4.531609e-14
-0.51 1.300000e+01 1.516033e-14
-0.51 1.350000e+01 4.880830e-15
-0.51 1.400000e+01 1.712538e-15

-0.50 7.000000e+00 5.835550e-13
-0.50 7.500000e+00 6.026548e-13
-0.50 8.000000e+00 6.024221e-13
-0.50 8.500000e+00 6.016869e-13
-0.50 9.000000e+00 5.993717e-13
-0.50 9.500000e+00 5.921604e-13
-0.50 1.000000e+01 5.704390e-13
-0.50 1.050000e+01 5.111031e-13
-0.50 1.100000e+01 3.845174e-13
-0.50 1.150000e+01 2.155540e-13
-0.50 1.200000e+01 9.016310e-14
-0.50 1.250000e+01 3.173562e-14
-0.50 1.300000e+01 1.040198e-14
-0.50 1.350000e+01 3.325928e-15
-0.50 1.400000e+01 1.240556e-15

-0.49 7.000000e+00 6.641018e-13
-0.49 7.500000e+00 6.508007e-13
-0.49 8.000000e+00 6.504013e-13
-0.49 8.500000e+00 6.491404e-13
-0.49 9.000000e+00 6.451819e-13
-0.49 9.500000e+00 6.329657e-13
-0.49 1.000000e+01 5.971794e-13
-0.49 1.050000e+01 5.065411e-13
-0.49 1.100000e+01 3.421741e-13
-0.49 1.150000e+01 1.688101e-13
-0.49 1.200000e+01 6.483939e-14
-0.49 1.250000e+01 2.198486e-14
-0.49 1.300000e+01 7.110722e-15
-0.49 1.350000e+01 2.263656e-15
-0.49 1.400000e+01 6.482998e-16

-0.48 7.000000e+00 6.900469e-13
-0.48 7.500000e+00 7.027493e-13
-0.48 8.000000e+00 7.020638e-13
-0.48 8.500000e+00 6.999033e-13
-0.48 9.000000e+00 6.931523e-13
-0.48 9.500000e+00 6.726188e-13
-0.48 1.000000e+01 6.149631e-13
-0.48 1.050000e+01 4.837315e-13
-0.48 1.100000e+01 2.887290e-13
-0.48 1.150000e+01 1.268670e-13
-0.48 1.200000e+01 4.573019e-14
-0.48 1.250000e+01 1.512197e-14
-0.48 1.300000e+01 4.849367e-15
-0.48 1.350000e+01 1.539496e-15
-0.48 1.400000e+01 5.347544e-16

-0.47 7.000000e+00 7.329014e-13
-0.47 7.500000e+00 7.587696e-13
-0.47 8.000000e+00 7.575939e-13
-0.47 8.500000e+00 7.538966e-13
-0.47 9.000000e+00 7.424292e-13
-0.47 9.500000e+00 7.083297e-13
-0.47 1.000000e+01 6.184327e-13
-0.47 1.050000e+01 4.412111e-13
-0.47 1.100000e+01 2.313697e-13
-0.47 1.150000e+01 9.235441e-14
-0.47 1.200000e+01 3.182891e-14
-0.47 1.250000e+01 1.035371e-14
-0.47 1.300000e+01 3.302216e-15
-0.47 1.350000e+01 1.046499e-15
-0.47 1.400000e+01 3.950221e-16

-0.46 7.000000e+00 8.053404e-13
-0.46 7.500000e+00 8.191272e-13
-0.46 8.000000e+00 8.171116e-13
-0.46 8.500000e+00 8.107974e-13
-0.46 9.000000e+00 7.914412e-13
-0.46 9.500000e+00 7.358438e-13
-0.46 1.000000e+01 6.020016e-13
-0.46 1.050000e+01 3.820625e-13
-0.46 1.100000e+01 1.771855e-13
-0.46 1.150000e+01 6.569369e-14
-0.46 1.200000e+01 2.196029e-14
-0.46 1.250000e+01 7.068165e-15
-0.46 1.300000e+01 2.246541e-15
-0.46 1.350000e+01 7.111620e-16
-0.46 1.400000e+01 2.458583e-16

-0.45 7.000000e+00 8.598506e-13
-0.45 7.500000e+00 8.840657e-13
-0.45 8.000000e+00 8.806140e-13
-0.45 8.500000e+00 8.698653e-13
-0.45 9.000000e+00 8.375115e-13
-0.45 9.500000e+00 7.493066e-13
-0.45 1.000000e+01 5.619853e-13
-0.45 1.050000e+01 3.137474e-13
-0.45 1.100000e+01 1.308378e-13
-0.45 1.150000e+01 4.598726e-14
-0.45 1.200000e+01 1.506548e-14
-0.45 1.250000e+01 4.816210e-15
-0.45 1.300000e+01 1.527438e-15
-0.45 1.350000e+01 4.831875e-16
-0.45 1.400000e+01 1.767786e-16

-0.44 7.000000e+00 9.507081e-13
-0.44 7.500000e+00 9.537749e-13
-0.44 8.000000e+00 9.478736e-13
-0.44 8.500000e+00 9.296685e-13
-0.44 9.000000e+00 8.763960e-13
-0.44 9.500000e+00 7.418551e-13
-0.44 1.000000e+01 4.992754e-13
-0.44 1.050000e+01 2.453570e-13
-0.44 1.100000e+01 9.402139e-14
-0.44 1.150000e+01 3.184894e-14
-0.44 1.200000e+01 1.029770e-14
-0.44 1.250000e+01 3.277857e-15
-0.44 1.300000e+01 1.038123e-15
-0.44 1.350000e+01 3.282548e-16
-0.44 1.400000e+01 1.064977e-16

-0.43 7.000000e+00 1.014683e-12
-0.43 7.500000e+00 1.028335e-12
-0.43 8.000000e+00 1.018272e-12
-0.43 8.500000e+00 9.876811e-13
-0.43 9.000000e+00 9.019270e-13
-0.43 9.500000e+00 7.075110e-13
-0.43 1.000000e+01 4.205831e-13
-0.43 1.050000e+01 1.841825e-13
-0.43 1.100000e+01 6.627840e-14
-0.43 1.150000e+01 2.190292e-14
-0.43 1.200000e+01 7.022413e-15
-0.43 1.250000e+01 2.229205e-15
-0.43 1.300000e+01 7.053931e-16
-0.43 1.350000e+01 2.229840e-16
-0.43 1.400000e+01 7.660802e-17

-0.42 7.000000e+00 1.111715e-12
-0.42 7.500000e+00 1.107622e-12
-0.42 8.000000e+00 1.090531e-12
-0.42 8.500000e+00 1.039754e-12
-0.42 9.000000e+00 9.062111e-13
-0.42 9.500000e+00 6.443070e-13
-0.42 1.000000e+01 3.365075e-13
-0.42 1.050000e+01 1.339630e-13
-0.42 1.100000e+01 4.611525e-14
-0.42 1.150000e+01 1.499478e-14
-0.42 1.200000e+01 4.781792e-15
-0.42 1.250000e+01 1.515324e-15
-0.42 1.300000e+01 4.792351e-16
-0.42 1.350000e+01 1.514663e-16
-0.42 1.400000e+01 4.817471e-17

-0.41 7.000000e+00 1.182066e-12
-0.41 7.500000e+00 1.191147e-12
-0.41 8.000000e+00 1.162305e-12
-0.41 8.500000e+00 1.079575e-12
-0.41 9.000000e+00 8.810909e-13
-0.41 9.500000e+00 5.569897e-13
-0.41 1.000000e+01 2.573675e-13
-0.41 1.050000e+01 9.523312e-14
-0.41 1.100000e+01 3.181010e-14
-0.41 1.150000e+01 1.023573e-14
-0.41 1.200000e+01 3.253040e-15
-0.41 1.250000e+01 1.029750e-15
-0.41 1.300000e+01 3.255557e-16
-0.41 1.350000e+01 1.028834e-16
-0.41 1.400000e+01 3.520631e-17

-0.40 7.000000e+00 1.261834e-12
-0.40 7.500000e+00 1.277800e-12
-0.40 8.000000e+00 1.229611e-12
-0.40 8.500000e+00 1.098496e-12
-0.40 9.000000e+00 8.213200e-13
-0.40 9.500000e+00 4.566495e-13
-0.40 1.000000e+01 1.898566e-13
-0.40 1.050000e+01 6.663825e-14
-0.40 1.100000e+01 2.181967e-14
-0.40 1.150000e+01 6.974249e-15
-0.40 1.200000e+01 2.211730e-15
-0.40 1.250000e+01 6.996436e-16
-0.40 1.300000e+01 2.211445e-16
-0.40 1.350000e+01 6.988215e-17
-0.40 1.400000e+01 2.514715e-17

-0.39 7.000000e+00 1.427723e-12
-0.39 7.500000e+00 1.365443e-12
-0.39 8.000000e+00 1.286142e-12
-0.39 8.500000e+00 1.086444e-12
-0.39 9.000000e+00 7.284672e-13
-0.39 9.500000e+00 3.565994e-13
-0.39 1.000000e+01 1.363346e-13
-0.39 1.050000e+01 4.613847e-14
-0.39 1.100000e+01 1.491304e-14
-0.39 1.150000e+01 4.746455e-15
-0.39 1.200000e+01 1.503188e-15
-0.39 1.250000e+01 4.753033e-16
-0.39 1.300000e+01 1.502142e-16
-0.39 1.350000e+01 4.746596e-17
-0.39 1.400000e+01 1.312662e-17

-0.38 7.000000e+00 1.475874e-12
-0.38 7.500000e+00 1.450309e-12
-0.38 8.000000e+00 1.322767e-12
-0.38 8.500000e+00 1.034765e-12
-0.38 9.000000e+00 6.126193e-13
-0.38 9.500000e+00 2.673835e-13
-0.38 1.000000e+01 9.605842e-14
-0.38 1.050000e+01 3.172443e-14
-0.38 1.100000e+01 1.016920e-14
-0.38 1.150000e+01 3.227910e-15
-0.38 1.200000e+01 1.021394e-15
-0.38 1.250000e+01 3.228738e-16
-0.38 1.300000e+01 1.020318e-16
-0.38 1.350000e+01 3.224001e-17
-0.38 1.400000e+01 1.096781e-17

-0.37 7.000000e+00 1.571204e-12
-0.37 7.500000e+00 1.526228e-12
-0.37 8.000000e+00 1.327859e-12
-0.37 8.500000e+00 9.408415e-13
-0.37 9.000000e+00 4.893991e-13
-0.37 9.500000e+00 1.943132e-13
-0.37 1.000000e+01 6.681340e-14
-0.37 1.050000e+01 2.171614e-14
-0.37 1.100000e+01 6.924293e-15
-0.37 1.150000e+01 2.194177e-15
-0.37 1.200000e+01 6.939194e-16
-0.37 1.250000e+01 2.193181e-16
-0.37 1.300000e+01 6.930328e-17
-0.37 1.350000e+01 2.189807e-17
-0.37 1.400000e+01 7.734886e-18

-0.36 7.000000e+00 1.688218e-12
-0.36 7.500000e+00 1.583840e-12
-0.36 8.000000e+00 1.289512e-12
-0.36 8.500000e+00 8.119640e-13
-0.36 9.000000e+00 3.738210e-13
-0.36 9.500000e+00 1.380529e-13
-0.36 1.000000e+01 4.607758e-14
-0.36 1.050000e+01 1.482280e-14
-0.36 1.100000e+01 4.710468e-15
-0.36 1.150000e+01 1.491059e-15
-0.36 1.200000e+01 4.713946e-16
-0.36 1.250000e+01 1.489716e-16
-0.36 1.300000e+01 4.707258e-17
-0.36 1.350000e+01 1.487358e-17
-0.36 1.400000e+01 5.040204e-18

-0.35 7.000000e+00 1.777524e-12
-0.35 7.500000e+00 1.610368e-12
-0.35 8.000000e+00 1.200267e-12
-0.35 8.500000e+00 6.646064e-13
-0.35 9.000000e+00 2.754904e-13
-0.35 9.500000e+00 9.656174e-14
-0.35 1.000000e+01 3.160180e-14
-0.35 1.050000e+01 1.009925e-14
-0.35 1.100000e+01 3.202584e-15
-0.35 1.150000e+01 1.013066e-15
-0.35 1.200000e+01 3.202100e-16
-0.35 1.250000e+01 1.011869e-16
-0.35 1.300000e+01 3.197272e-17
-0.35 1.350000e+01 1.010239e-17
-0.35 1.400000e+01 3.576637e-18

-0.34 7.000000e+00 1.894384e-12
-0.34 7.500000e+00 1.591033e-12
-0.34 8.000000e+00 1.062812e-12
-0.34 8.500000e+00 5.182570e-13
-0.34 9.000000e+00 1.976867e-13
-0.34 9.500000e+00 6.683876e-14
-0.34 1.000000e+01 2.159687e-14
-0.34 1.050000e+01 6.873033e-15
-0.34 1.100000e+01 2.176596e-15
-0.34 1.150000e+01 6.882254e-16
-0.34 1.200000e+01 2.175050e-16
-0.34 1.250000e+01 6.872903e-17
-0.34 1.300000e+01 2.171649e-17
-0.34 1.350000e+01 6.861711e-18
-0.34 1.400000e+01 2.084438e-18

-0.33 7.000000e+00 1.933965e-12
-0.33 7.500000e+00 1.513319e-12
-0.33 8.000000e+00 8.922923e-13
-0.33 8.500000e+00 3.881568e-13
-0.33 9.000000e+00 1.392173e-13
-0.33 9.500000e+00 4.594980e-14
-0.33 1.000000e+01 1.472608e-14
-0.33 1.050000e+01 4.674041e-15
-0.33 1.100000e+01 1.478956e-15
-0.33 1.150000e+01 4.675109e-16
-0.33 1.200000e+01 1.477385e-16
-0.33 1.250000e+01 4.668238e-17
-0.33 1.300000e+01 1.475023e-17
-0.33 1.350000e+01 4.660584e-18
-0.33 1.400000e+01 1.570141e-18

-0.32 7.000000e+00 1.943886e-12
-0.32 7.500000e+00 1.373780e-12
-0.32 8.000000e+00 7.117247e-13
-0.32 8.500000e+00 2.818447e-13
-0.32 9.000000e+00 9.680081e-14
-0.32 9.500000e+00 3.145025e-14
-0.32 1.000000e+01 1.002674e-14
-0.32 1.050000e+01 3.177150e-15
-0.32 1.100000e+01 1.004776e-15
-0.32 1.150000e+01 3.175652e-16
-0.32 1.200000e+01 1.003487e-16
-0.32 1.250000e+01 3.170762e-17
-0.32 1.300000e+01 1.001860e-17
-0.32 1.350000e+01 3.165542e-18
-0.32 1.400000e+01 9.745283e-19

-0.31 7.000000e+00 1.901065e-12
-0.31 7.500000e+00 1.183595e-12
-0.31 8.000000e+00 5.429478e-13
-0.31 8.500000e+00 2.001227e-13
-0.31 9.000000e+00 6.674394e-14
-0.31 9.500000e+00 2.146549e-14
-0.31 1.000000e+01 6.820851e-15
-0.31 1.050000e+01 2.159026e-15
-0.31 1.100000e+01 6.825650e-16
-0.31 1.150000e+01 2.157057e-16
-0.31 1.200000e+01 6.815941e-17
-0.31 1.250000e+01 2.153640e-17
-0.31 1.300000e+01 6.804798e-18
-0.31 1.350000e+01 2.150085e-18
-0.31 1.400000e+01 7.215479e-19

-0.30 7.000000e+00 1.794670e-12
-0.30 7.500000e+00 9.672191e-13
-0.30 8.000000e+00 3.997384e-13
-0.30 8.500000e+00 1.399207e-13
-0.30 9.000000e+00 4.576926e-14
-0.30 9.500000e+00 1.462447e-14
-0.30 1.000000e+01 4.637338e-15
-0.30 1.050000e+01 1.466895e-15
-0.30 1.100000e+01 4.636536e-16
-0.30 1.150000e+01 1.465151e-16
-0.30 1.200000e+01 4.629535e-17
-0.30 1.250000e+01 1.462790e-17
-0.30 1.300000e+01 4.621927e-18
-0.30 1.350000e+01 1.460371e-18
-0.30 1.400000e+01 5.086909e-19

-0.29 7.000000e+00 1.446933e-12
-0.29 7.500000e+00 7.531684e-13
-0.29 8.000000e+00 2.866426e-13
-0.29 8.500000e+00 9.682572e-14
-0.29 9.000000e+00 3.127625e-14
-0.29 9.500000e+00 9.952385e-15
-0.29 1.000000e+01 3.151681e-15
-0.29 1.050000e+01 9.965302e-16
-0.29 1.100000e+01 3.149399e-16
-0.29 1.150000e+01 9.951719e-17
-0.29 1.200000e+01 3.144470e-17
-0.29 1.250000e+01 9.935509e-18
-0.29 1.300000e+01 3.139285e-18
-0.29 1.350000e+01 9.919062e-19
-0.29 1.400000e+01 2.655299e-19

-0.28 7.000000e+00 1.336527e-12
-0.28 7.500000e+00 5.634644e-13
-0.28 8.000000e+00 2.017650e-13
-0.28 8.500000e+00 6.655359e-14
-0.28 9.000000e+00 2.132487e-14
-0.28 9.500000e+00 6.768048e-15
-0.28 1.000000e+01 2.141495e-15
-0.28 1.050000e+01 6.769409e-16
-0.28 1.100000e+01 2.139202e-16
-0.28 1.150000e+01 6.759441e-17
-0.28 1.200000e+01 2.135780e-17
-0.28 1.250000e+01 6.748357e-18
-0.28 1.300000e+01 2.132251e-18
-0.28 1.350000e+01 6.737178e-19
-0.28 1.400000e+01 2.247786e-19

-0.27 7.000000e+00 1.065977e-12
-0.27 7.500000e+00 4.087970e-13
-0.27 8.000000e+00 1.402461e-13
-0.27 8.500000e+00 4.554747e-14
-0.27 9.000000e+00 1.451924e-14
-0.27 9.500000e+00 4.600487e-15
-0.27 1.000000e+01 1.454889e-15
-0.27 1.050000e+01 4.598238e-16
-0.27 1.100000e+01 1.453014e-16
-0.27 1.150000e+01 4.591150e-17
-0.27 1.200000e+01 1.450658e-17
-0.27 1.250000e+01 4.583590e-18
-0.27 1.300000e+01 1.448257e-18
-0.27 1.350000e+01 4.575994e-19
-0.27 1.400000e+01 1.513758e-19

-0.26 7.000000e+00 8.188888e-13
-0.26 7.500000e+00 2.900953e-13
-0.26 8.000000e+00 9.667891e-14
-0.26 8.500000e+00 3.108499e-14
-0.26 9.000000e+00 9.876722e-15
-0.26 9.500000e+00 3.126228e-15
-0.26 1.000000e+01 9.883331e-16
-0.26 1.050000e+01 3.123344e-16
-0.26 1.100000e+01 9.869239e-17
-0.26 1.150000e+01 3.118394e-17
-0.26 1.200000e+01 9.853102e-18
-0.26 1.250000e+01 3.113245e-18
-0.26 1.300000e+01 9.836785e-19
-0.26 1.350000e+01 3.108085e-19
-0.26 1.400000e+01 1.032955e-19

-0.25 7.000000e+00 6.201927e-13
-0.25 7.500000e+00 2.027471e-13
-0.25 8.000000e+00 6.628795e-14
-0.25 8.500000e+00 2.117730e-14
-0.25 9.000000e+00 6.714858e-15
-0.25 9.500000e+00 2.124026e-15
-0.25 1.000000e+01 6.713553e-16
-0.25 1.050000e+01 2.121487e-16
-0.25 1.100000e+01 6.703401e-17
-0.25 1.150000e+01 2.118067e-17
-0.25 1.200000e+01 6.692382e-18
-0.25 1.250000e+01 2.114564e-18
-0.25 1.300000e+01 6.681294e-19
-0.25 1.350000e+01 2.111058e-19
-0.25 1.400000e+01 7.234898e-20

-0.24 7.000000e+00 3.783987e-13
-0.24 7.500000e+00 1.402653e-13
-0.24 8.000000e+00 4.529367e-14
-0.24 8.500000e+00 1.441138e-14
-0.24 9.000000e+00 4.563588e-15
-0.24 9.500000e+00 1.442947e-15
-0.24 1.000000e+01 4.560222e-16
-0.24 1.050000e+01 1.440973e-16
-0.24 1.100000e+01 4.553079e-17
-0.24 1.150000e+01 1.438626e-17
-0.24 1.200000e+01 4.545570e-18
-0.24 1.250000e+01 1.436244e-18
-0.24 1.300000e+01 4.538037e-19
-0.24 1.350000e+01 1.433863e-19
-0.24 1.400000e+01 4.079340e-20

-0.23 7.000000e+00 3.047609e-13
-0.23 7.500000e+00 9.639568e-14
-0.23 8.000000e+00 3.088057e-14
-0.23 8.500000e+00 9.800183e-15
-0.23 9.000000e+00 3.100836e-15
-0.23 9.500000e+00 9.801889e-16
-0.23 1.000000e+01 3.097490e-16
-0.23 1.050000e+01 9.787428e-17
-0.23 1.100000e+01 3.092532e-17
-0.23 1.150000e+01 9.771376e-18
-0.23 1.200000e+01 3.087422e-18
-0.23 1.250000e+01 9.755190e-19
-0.23 1.300000e+01 3.082303e-19
-0.23 1.350000e+01 9.739015e-20
-0.23 1.400000e+01 3.217888e-20

-0.22 7.000000e+00 1.921496e-13
-0.22 7.500000e+00 6.596345e-14
-0.22 8.000000e+00 2.102459e-14
-0.22 8.500000e+00 6.661464e-15
-0.22 9.000000e+00 2.106638e-15
-0.22 9.500000e+00 6.658095e-16
-0.22 1.000000e+01 2.103912e-16
-0.22 1.050000e+01 6.647820e-17
-0.22 1.100000e+01 2.100500e-17
-0.22 1.150000e+01 6.636872e-18
-0.22 1.200000e+01 2.097024e-18
-0.22 1.250000e+01 6.625874e-19
-0.22 1.300000e+01 2.093547e-19
-0.22 1.350000e+01 6.614887e-20
-0.22 1.400000e+01 1.971294e-20

-0.21 7.000000e+00 1.456916e-13
-0.21 7.500000e+00 4.501526e-14
-0.21 8.000000e+00 1.430167e-14
-0.21 8.500000e+00 4.526719e-15
-0.21 9.000000e+00 1.431076e-15
-0.21 9.500000e+00 4.522494e-16
-0.21 1.000000e+01 1.429030e-16
-0.21 1.050000e+01 4.515321e-17
-0.21 1.100000e+01 1.426693e-17
-0.21 1.150000e+01 4.507866e-18
-0.21 1.200000e+01 1.424331e-18
-0.21 1.250000e+01 4.500394e-19
-0.21 1.300000e+01 1.421969e-19
-0.21 1.350000e+01 4.492931e-20
-0.21 1.400000e+01 1.478759e-20

-0.20 7.000000e+00 1.091621e-13
-0.20 7.500000e+00 3.066626e-14
-0.20 8.000000e+00 9.723101e-15
-0.20 8.500000e+00 3.075536e-15
-0.20 9.000000e+00 9.721004e-16
-0.20 9.500000e+00 3.071838e-16
-0.20 1.000000e+01 9.706284e-17
-0.20 1.050000e+01 3.066884e-17
-0.20 1.100000e+01 9.690327e-18
-0.20 1.150000e+01 3.061812e-18
-0.20 1.200000e+01 9.674272e-19
-0.20 1.250000e+01 3.056736e-19
-0.20 1.300000e+01 9.658230e-20
-0.20 1.350000e+01 3.051667e-20
-0.20 1.400000e+01 1.099318e-20

-0.19 7.000000e+00 6.803026e-14
-0.19 7.500000e+00 2.086814e-14
-0.19 8.000000e+00 6.608009e-15
-0.19 8.500000e+00 2.089344e-15
-0.19 9.000000e+00 6.603046e-16
-0.19 9.500000e+00 2.086478e-16
-0.19 1.000000e+01 6.592694e-17
-0.19 1.050000e+01 2.083078e-17
-0.19 1.100000e+01 6.581821e-18
-0.19 1.150000e+01 2.079630e-18
-0.19 1.200000e+01 6.570913e-19
-0.19 1.250000e+01 2.076182e-19
-0.19 1.300000e+01 6.560017e-20
-0.19 1.350000e+01 2.072739e-20
-0.19 1.400000e+01 6.795535e-21

-0.18 7.000000e+00 5.390966e-14
-0.18 7.500000e+00 1.419073e-14
-0.18 8.000000e+00 4.489940e-15
-0.18 8.500000e+00 1.419282e-15
-0.18 9.000000e+00 4.485057e-16
-0.18 9.500000e+00 1.417184e-16
-0.18 1.000000e+01 4.477875e-17
-0.18 1.050000e+01 1.414860e-17
-0.18 1.100000e+01 4.470474e-18
-0.18 1.150000e+01 1.412516e-18
-0.18 1.200000e+01 4.463064e-19
-0.18 1.250000e+01 1.410174e-19
-0.18 1.300000e+01 4.455663e-20
-0.18 1.350000e+01 1.407836e-20
-0.18 1.400000e+01 5.371187e-21

-0.17 7.000000e+00 2.985445e-14
-0.17 7.500000e+00 9.645738e-15
-0.17 8.000000e+00 3.050354e-15
-0.17 8.500000e+00 9.640697e-16
-0.17 9.000000e+00 3.046390e-16
-0.17 9.500000e+00 9.625803e-17
-0.17 1.000000e+01 3.041448e-17
-0.17 1.050000e+01 9.609950e-18
-0.17 1.100000e+01 3.036415e-18
-0.17 1.150000e+01 9.594025e-19
-0.17 1.200000e+01 3.031381e-19
-0.17 1.250000e+01 9.578116e-20
-0.17 1.300000e+01 3.026354e-20
-0.17 1.350000e+01 9.562233e-21
-0.17 1.400000e+01 2.962490e-21

-0.16 7.000000e+00 2.136123e-14
-0.16 7.500000e+00 6.554602e-15
-0.16 8.000000e+00 2.072154e-15
-0.16 8.500000e+00 6.548414e-16
-0.16 9.000000e+00 2.069185e-16
-0.16 9.500000e+00 6.538022e-17
-0.16 1.000000e+01 2.065800e-17
-0.16 1.050000e+01 6.527227e-18
-0.16 1.100000e+01 2.062379e-18
-0.16 1.150000e+01 6.516407e-19
-0.16 1.200000e+01 2.058960e-19
-0.16 1.250000e+01 6.505602e-20
-0.16 1.300000e+01 2.055545e-20
-0.16 1.350000e+01 6.494813e-21
-0.16 1.400000e+01 2.116963e-21

-0.15 7.000000e+00 1.478110e-14
-0.15 7.500000e+00 4.453298e-15
-0.15 8.000000e+00 1.407569e-15
-0.15 8.500000e+00 4.447913e-16
-0.15 9.000000e+00 1.405435e-16
-0.15 9.500000e+00 4.440737e-17
-0.15 1.000000e+01 1.403124e-17
-0.15 1.050000e+01 4.433393e-18
-0.15 1.100000e+01 1.400799e-18
-0.15 1.150000e+01 4.426043e-19
-0.15 1.200000e+01 1.398477e-19
-0.15 1.250000e+01 4.418703e-20
-0.15 1.300000e+01 1.396158e-20
-0.15 1.350000e+01 4.411376e-21
-0.15 1.400000e+01 1.463488e-21

-0.14 7.000000e+00 9.831933e-15
-0.14 7.500000e+00 3.025308e-15
-0.14 8.000000e+00 9.560985e-16
-0.14 8.500000e+00 3.021146e-16
-0.14 9.000000e+00 9.545983e-17
-0.14 9.500000e+00 3.016221e-17
-0.14 1.000000e+01 9.530238e-18
-0.14 1.050000e+01 3.011228e-18
-0.14 1.100000e+01 9.514443e-19
-0.14 1.150000e+01 3.006236e-19
-0.14 1.200000e+01 9.498666e-20
-0.14 1.250000e+01 3.001250e-20
-0.14 1.300000e+01 9.482914e-21
-0.14 1.350000e+01 2.996273e-21
-0.14 1.400000e+01 9.728360e-22

-0.13 7.000000e+00 7.722541e-15
-0.13 7.500000e+00 2.055075e-15
-0.13 8.000000e+00 6.494205e-16
-0.13 8.500000e+00 2.052032e-16
-0.13 9.000000e+00 6.483801e-17
-0.13 9.500000e+00 2.048666e-17
-0.13 1.000000e+01 6.473085e-18
-0.13 1.050000e+01 2.045272e-18
-0.13 1.100000e+01 6.462354e-19
-0.13 1.150000e+01 2.041881e-19
-0.13 1.200000e+01 6.451638e-20
-0.13 1.250000e+01 2.038495e-20
-0.13 1.300000e+01 6.440939e-21
-0.13 1.350000e+01 2.035114e-21
-0.13 1.400000e+01 7.639214e-22

-0.12 7.000000e+00 4.032742e-15
-0.12 7.500000e+00 1.395941e-15
-0.12 8.000000e+00 4.411065e-16
-0.12 8.500000e+00 1.393782e-16
-0.12 9.000000e+00 4.403906e-17
-0.12 9.500000e+00 1.391486e-17
-0.12 1.000000e+01 4.396619e-18
-0.12 1.050000e+01 1.389180e-18
-0.12 1.100000e+01 4.389329e-19
-0.12 1.150000e+01 1.386876e-19
-0.12 1.200000e+01 4.382050e-20
-0.12 1.250000e+01 1.384577e-20
-0.12 1.300000e+01 4.374784e-21
-0.12 1.350000e+01 1.382281e-21
-0.12 1.400000e+01 3.987568e-22

-0.11 7.000000e+00 3.065240e-15
-0.11 7.500000e+00 9.481878e-16
-0.11 8.000000e+00 2.996106e-16
-0.11 8.500000e+00 9.466820e-17
-0.11 9.000000e+00 2.991204e-17
-0.11 9.500000e+00 9.451188e-18
-0.11 1.000000e+01 2.986250e-18
-0.11 1.050000e+01 9.435521e-19
-0.11 1.100000e+01 2.981299e-19
-0.11 1.150000e+01 9.419875e-20
-0.11 1.200000e+01 2.976355e-20
-0.11 1.250000e+01 9.404254e-21
-0.11 1.300000e+01 2.971419e-21
-0.11 1.350000e+01 9.388659e-22
-0.11 1.400000e+01 3.030604e-22

-0.10 7.000000e+00 2.176187e-15
-0.10 7.500000e+00 6.440422e-16
-0.10 8.000000e+00 2.035019e-16
-0.10 8.500000e+00 6.430026e-17
-0.10 9.000000e+00 2.031673e-17
-0.10 9.500000e+00 6.419392e-18
-0.10 1.000000e+01 2.028307e-18
-0.10 1.050000e+01 6.408749e-19
-0.10 1.100000e+01 2.024944e-19
-0.10 1.150000e+01 6.398122e-20
-0.10 1.200000e+01 2.021586e-20
-0.10 1.250000e+01 6.387512e-21
-0.10 1.300000e+01 2.018233e-21
-0.10 1.350000e+01 6.376920e-22
-0.10 1.400000e+01 2.151413e-22

-0.09 7.000000e+00 1.408827e-15
-0.09 7.500000e+00 4.374512e-16
-0.09 8.000000e+00 1.382224e-16
-0.09 8.500000e+00 4.367379e-17
-0.09 9.000000e+00 1.379944e-17
-0.09 9.500000e+00 4.360149e-18
-0.09 1.000000e+01 1.377657e-18
-0.09 1.050000e+01 4.352920e-19
-0.09 1.100000e+01 1.375372e-19
-0.09 1.150000e+01 4.345702e-20
-0.09 1.200000e+01 1.373092e-20
-0.09 1.250000e+01 4.338495e-21
-0.09 1.300000e+01 1.370815e-21
-0.09 1.350000e+01 4.331301e-22
-0.09 1.400000e+01 1.392694e-22

-0.08 7.000000e+00 1.099108e-15
-0.08 7.500000e+00 2.971269e-16
-0.08 8.000000e+00 9.388309e-17
-0.08 8.500000e+00 2.966394e-17
-0.08 9.000000e+00 9.372792e-18
-0.08 9.500000e+00 2.961480e-18
-0.08 1.000000e+01 9.357255e-19
-0.08 1.050000e+01 2.956569e-19
-0.08 1.100000e+01 9.341738e-20
-0.08 1.150000e+01 2.951666e-20
-0.08 1.200000e+01 9.326247e-21
-0.08 1.250000e+01 2.946772e-21
-0.08 1.300000e+01 9.310781e-22
-0.08 1.350000e+01 2.941885e-22
-0.08 1.400000e+01 1.086493e-22

-0.07 7.000000e+00 5.865266e-16
-0.07 7.500000e+00 2.018146e-16
-0.07 8.000000e+00 6.376696e-17
-0.07 8.500000e+00 2.014821e-17
-0.07 9.000000e+00 6.366144e-18
-0.07 9.500000e+00 2.011482e-18
-0.07 1.000000e+01 6.355589e-19
-0.07 1.050000e+01 2.008147e-19
-0.07 1.100000e+01 6.345050e-20
-0.07 1.150000e+01 2.004817e-20
-0.07 1.200000e+01 6.334528e-21
-0.07 1.250000e+01 2.001492e-21
-0.07 1.300000e+01 6.324024e-22
-0.07 1.350000e+01 1.998173e-22
-0.07 1.400000e+01 5.797722e-23

-0.06 7.000000e+00 4.389145e-16
-0.06 7.500000e+00 1.370761e-16
-0.06 8.000000e+00 4.331155e-17
-0.06 8.500000e+00 1.368498e-17
-0.06 9.000000e+00 4.323982e-18
-0.06 9.500000e+00 1.366229e-18
-0.06 1.000000e+01 4.316813e-19
-0.06 1.050000e+01 1.363964e-19
-0.06 1.100000e+01 4.309654e-20
-0.06 1.150000e+01 1.361702e-20
-0.06 1.200000e+01 4.302508e-21
-0.06 1.250000e+01 1.359444e-21
-0.06 1.300000e+01 4.295373e-22
-0.06 1.350000e+01 1.357189e-22
-0.06 1.400000e+01 4.338556e-23

-0.05 7.000000e+00 2.994916e-16
-0.05 7.500000e+00 9.310446e-17
-0.05 8.000000e+00 2.941789e-17
-0.05 8.500000e+00 9.295047e-18
-0.05 9.000000e+00 2.936915e-18
-0.05 9.500000e+00 9.279637e-19
-0.05 1.000000e+01 2.932045e-19
-0.05 1.050000e+01 9.264249e-20
-0.05 1.100000e+01 2.927183e-20
-0.05 1.150000e+01 9.248886e-21
-0.05 1.200000e+01 2.922328e-21
-0.05 1.250000e+01 9.233548e-22
-0.05 1.300000e+01 2.917482e-22
-0.05 1.350000e+01 9.218237e-23
-0.05 1.400000e+01 2.960370e-23

-0.04 7.000000e+00 2.017032e-16
-0.04 7.500000e+00 6.323807e-17
-0.04 8.000000e+00 1.998109e-17
-0.04 8.500000e+00 6.313338e-18
-0.04 9.000000e+00 1.994797e-18
-0.04 9.500000e+00 6.302870e-19
-0.04 1.000000e+01 1.991489e-19
-0.04 1.050000e+01 6.292418e-20
-0.04 1.100000e+01 1.988187e-20
-0.04 1.150000e+01 6.281984e-21
-0.04 1.200000e+01 1.984890e-21
-0.04 1.250000e+01 6.271566e-22
-0.04 1.300000e+01 1.981598e-22
-0.04 1.350000e+01 6.261166e-23
-0.04 1.400000e+01 1.993754e-23

-0.03 7.000000e+00 1.580641e-16
-0.03 7.500000e+00 4.295231e-17
-0.03 8.000000e+00 1.357146e-17
-0.03 8.500000e+00 4.288115e-18
-0.03 9.000000e+00 1.354897e-18
-0.03 9.500000e+00 4.281005e-19
-0.03 1.000000e+01 1.352650e-19
-0.03 1.050000e+01 4.273906e-20
-0.03 1.100000e+01 1.350407e-20
-0.03 1.150000e+01 4.266819e-21
-0.03 1.200000e+01 1.348167e-21
-0.03 1.250000e+01 4.259743e-22
-0.03 1.300000e+01 1.345932e-22
-0.03 1.350000e+01 4.252679e-23
-0.03 1.400000e+01 1.562395e-23

-0.02 7.000000e+00 8.160354e-17
-0.02 7.500000e+00 2.917388e-17
-0.02 8.000000e+00 9.217946e-18
-0.02 8.500000e+00 2.912553e-18
-0.02 9.000000e+00 9.202663e-19
-0.02 9.500000e+00 2.907724e-19
-0.02 1.000000e+01 9.187402e-20
-0.02 1.050000e+01 2.902902e-20
-0.02 1.100000e+01 9.172167e-21
-0.02 1.150000e+01 2.898088e-21
-0.02 1.200000e+01 9.156957e-22
-0.02 1.250000e+01 2.893282e-22
-0.02 1.300000e+01 9.141772e-23
-0.02 1.350000e+01 2.888484e-23
-0.02 1.400000e+01 8.066124e-24

-0.01 7.000000e+00 6.283558e-17
-0.01 7.500000e+00 1.981535e-17
-0.01 8.000000e+00 6.260970e-18
-0.01 8.500000e+00 1.978250e-18
-0.01 9.000000e+00 6.250588e-19
-0.01 9.500000e+00 1.974970e-19
-0.01 1.000000e+01 6.240223e-20
-0.01 1.050000e+01 1.971695e-20
-0.01 1.100000e+01 6.229875e-21
-0.01 1.150000e+01 1.968425e-21
-0.01 1.200000e+01 6.219544e-22
-0.01 1.250000e+01 1.965161e-22
-0.01 1.300000e+01 6.209230e-23
-0.01 1.350000e+01 1.961902e-23
-0.01 1.400000e+01 6.210995e-24

0.00 7.000000e+00 4.259604e-17
0.00 7.500000e+00 1.345889e-17
0.00 8.000000e+00 4.252546e-18
0.00 8.500000e+00 1.343658e-18
0.00 9.000000e+00 4.245494e-19
0.00 9.500000e+00 1.341430e-19
0.00 1.000000e+01 4.238454e-20
0.00 1.050000e+01 1.339205e-20
0.00 1.100000e+01 4.231426e-21
0.00 1.150000e+01 1.336984e-21
0.00 1.200000e+01 4.224409e-22
0.00 1.250000e+01 1.334767e-22
0.00 1.300000e+01 4.217403e-23
0.00 1.350000e+01 1.332554e-23
0.00 1.400000e+01 4.210410e-24
