0.00 1.400000e+01 0.000000e+00 5.623077e-28 1.124615e-27 0.000000e+00
-0.10 1.400000e+01 0.000000e+00 3.896377e-25 7.792753e-25 0.000000e+00
-0.21 1.400000e+01 0.000000e+00 2.699901e-22 5.399802e-22 0.000000e+00
-0.31 1.400000e+01 0.000000e+00 1.870831e-19 3.741663e-19 0.000000e+00
-0.41 1.400000e+01 0.000000e+00 1.296328e-16 2.592656e-16 0.000000e+00
-0.52 1.400000e+01 0.000000e+00 8.957468e-14 1.791494e-13 0.000000e+00
-0.62 1.400000e+01 0.000000e+00 4.100472e-11 8.200943e-11 0.000000e+00
-0.72 1.400000e+01 0.000000e+00 4.487014e-10 8.974028e-10 0.000000e+00
-0.83 1.400000e+01 0.000000e+00 1.710716e-09 3.421432e-09 0.000000e+00
-0.93 1.400000e+01 0.000000e+00 6.455150e-09 1.291030e-08 0.000000e+00
-1.03 1.400000e+01 0.000000e+00 2.435623e-08 4.871246e-08 0.000000e+00
-1.14 1.400000e+01 0.000000e+00 9.189961e-08 1.837992e-07 0.000000e+00
-1.24 1.400000e+01 0.000000e+00 3.467506e-07 6.935013e-07 0.000000e+00
-1.34 1.400000e+01 0.000000e+00 1.308341e-06 2.616682e-06 0.000000e+00
-1.45 1.400000e+01 0.000000e+00 4.936561e-06 9.873121e-06 0.000000e+00
-1.55 1.400000e+01 0.000000e+00 1.862636e-05 3.725273e-05 0.000000e+00
-1.66 1.400000e+01 0.000000e+00 7.027999e-05 1.405600e-04 0.000000e+00
-1.76 1.400000e+01 0.000000e+00 2.651767e-04 5.303533e-04 0.000000e+00
-1.86 1.400000e+01 0.000000e+00 1.000550e-03 2.001101e-03 0.000000e+00
-1.97 1.400000e+01 0.000000e+00 3.775222e-03 7.550445e-03 0.000000e+00
-2.07 1.400000e+01 0.000000e+00 1.424446e-02 2.848893e-02 0.000000e+00
-2.17 1.400000e+01 0.000000e+00 5.374644e-02 1.074929e-01 0.000000e+00
-2.28 1.400000e+01 0.000000e+00 2.027932e-01 4.055864e-01 0.000000e+00
-2.38 1.400000e+01 0.000000e+00 7.651683e-01 1.530337e+00 0.000000e+00
-2.48 1.400000e+01 0.000000e+00 2.887092e+00 5.774183e+00 0.000000e+00
-2.59 1.400000e+01 0.000000e+00 1.089342e+01 2.178684e+01 0.000000e+00
-2.69 1.400000e+01 0.000000e+00 4.110246e+01 8.220491e+01 0.000000e+00
-2.79 1.400000e+01 0.000000e+00 1.550856e+02 3.101711e+02 0.000000e+00
-2.90 1.400000e+01 0.000000e+00 5.851605e+02 1.170321e+03 0.000000e+00
-3.00 1.400000e+01 0.000000e+00 2.207896e+03 4.415792e+03 0.000000e+00
0.00 1.166667e+01 0.000000e+00 1.216156e-25 2.432312e-25 0.000000e+00
-0.10 1.166667e+01 0.000000e+00 8.427060e-23 1.685412e-22 0.000000e+00
-0.21 1.166667e+01 0.000000e+00 5.839329e-20 1.167866e-19 0.000000e+00
-0.31 1.166667e+01 0.000000e+00 4.046151e-17 8.092301e-17 0.000000e+00
-0.41 1.166667e+01 0.000000e+00 2.794452e-14 5.588905e-14 0.000000e+00
-0.52 1.166667e+01 0.000000e+00 1.206694e-11 2.413388e-11 0.000000e+00
-0.62 1.166667e+01 0.000000e+00 1.191067e-10 2.382133e-10 0.000000e+00
-0.72 1.166667e+01 0.000000e+00 4.533965e-10 9.067929e-10 0.000000e+00
-0.83 1.166667e+01 0.000000e+00 1.710814e-09 3.421627e-09 0.000000e+00
-0.93 1.166667e+01 0.000000e+00 6.455152e-09 1.291030e-08 0.000000e+00
-1.03 1.166667e+01 0.000000e+00 2.435623e-08 4.871246e-08 0.000000e+00
-1.14 1.166667e+01 0.000000e+00 9.189961e-08 1.837992e-07 0.000000e+00
-1.24 1.166667e+01 0.000000e+00 3.467506e-07 6.935013e-07 0.000000e+00
-1.34 1.166667e+01 0.000000e+00 1.308341e-06 2.616682e-06 0.000000e+00
-1.45 1.166667e+01 0.000000e+00 4.936561e-06 9.873121e-06 0.000000e+00
-1.55 1.166667e+01 0.000000e+00 1.862636e-05 3.725273e-05 0.000000e+00
-1.66 1.166667e+01 0.000000e+00 7.027999e-05 1.405600e-04 0.000000e+00
-1.76 1.166667e+01 0.000000e+00 2.651767e-04 5.303533e-04 0.000000e+00
-1.86 1.166667e+01 0.000000e+00 1.000550e-03 2.001101e-03 0.000000e+00
-1.97 1.166667e+01 0.000000e+00 3.775222e-03 7.550445e-03 0.000000e+00
-2.07 1.166667e+01 0.000000e+00 1.424446e-02 2.848893e-02 0.000000e+00
-2.17 1.166667e+01 0.000000e+00 5.374644e-02 1.074929e-01 0.000000e+00
-2.28 1.166667e+01 0.000000e+00 2.027932e-01 4.055864e-01 0.000000e+00
-2.38 1.166667e+01 0.000000e+00 7.651683e-01 1.530337e+00 0.000000e+00
-2.48 1.166667e+01 0.000000e+00 2.887092e+00 5.774183e+00 0.000000e+00
-2.59 1.166667e+01 0.000000e+00 1.089342e+01 2.178684e+01 0.000000e+00
-2.69 1.166667e+01 0.000000e+00 4.110246e+01 8.220491e+01 0.000000e+00
-2.79 1.166667e+01 0.000000e+00 1.550856e+02 3.101711e+02 0.000000e+00
-2.90 1.166667e+01 0.000000e+00 5.851605e+02 1.170321e+03 0.000000e+00
-3.00 1.166667e+01 0.000000e+00 2.207896e+03 4.415792e+03 0.000000e+00
0.00 9.333333e+00 0.000000e+00 2.630295e-23 5.260591e-23 0.000000e+00
-0.10 9.333333e+00 0.000000e+00 1.822601e-20 3.645209e-20 0.000000e+00
-0.21 9.333333e+00 0.000000e+00 1.262906e-17 2.525811e-17 0.000000e+00
-0.31 9.333333e+00 0.000000e+00 8.717217e-15 1.743443e-14 0.000000e+00
-0.41 9.333333e+00 0.000000e+00 3.528843e-12 7.057686e-12 0.000000e+00
-0.52 9.333333e+00 0.000000e+00 3.160905e-11 6.321810e-11 0.000000e+00
-0.62 9.333333e+00 0.000000e+00 1.201649e-10 2.403298e-10 0.000000e+00
-0.72 9.333333e+00 0.000000e+00 4.534184e-10 9.068368e-10 0.000000e+00
-0.83 9.333333e+00 0.000000e+00 1.710814e-09 3.421628e-09 0.000000e+00
-0.93 9.333333e+00 0.000000e+00 6.455152e-09 1.291030e-08 0.000000e+00
-1.03 9.333333e+00 0.000000e+00 2.435623e-08 4.871246e-08 0.000000e+00
-1.14 9.333333e+00 0.000000e+00 9.189961e-08 1.837992e-07 0.000000e+00
-1.24 9.333333e+00 0.000000e+00 3.467506e-07 6.935013e-07 0.000000e+00
-1.34 9.333333e+00 0.000000e+00 1.308341e-06 2.616682e-06 0.000000e+00
-1.45 9.333333e+00 0.000000e+00 4.936561e-06 9.873121e-06 0.000000e+00
-1.55 9.333333e+00 0.000000e+00 1.862636e-05 3.725273e-05 0.000000e+00
-1.66 9.333333e+00 0.000000e+00 7.027999e-05 1.405600e-04 0.000000e+00
-1.76 9.333333e+00 0.000000e+00 2.651767e-04 5.303533e-04 0.000000e+00
-1.86 9.333333e+00 0.000000e+00 1.000550e-03 2.001101e-03 0.000000e+00
-1.97 9.333333e+00 0.000000e+00 3.775222e-03 7.550445e-03 0.000000e+00
-2.07 9.333333e+00 0.000000e+00 1.424446e-02 2.848893e-02 0.000000e+00
-2.17 9.333333e+00 0.000000e+00 5.374644e-02 1.074929e-01 0.000000e+00
-2.28 9.333333e+00 0.000000e+00 2.027932e-01 4.055864e-01 0.000000e+00
-2.38 9.333333e+00 0.000000e+00 7.651683e-01 1.530337e+00 0.000000e+00
-2.48 9.333333e+00 0.000000e+00 2.887092e+00 5.774183e+00 0.000000e+00
-2.59 9.333333e+00 0.000000e+00 1.089342e+01 2.178684e+01 0.000000e+00
-2.69 9.333333e+00 0.000000e+00 4.110246e+01 8.220491e+01 0.000000e+00
-2.79 9.333333e+00 0.000000e+00 1.550856e+02 3.101711e+02 0.000000e+00
-2.90 9.333333e+00 0.000000e+00 5.851605e+02 1.170321e+03 0.000000e+00
-3.00 9.333333e+00 0.000000e+00 2.207896e+03 4.415792e+03 0.000000e+00
0.00 7.000000e+00 0.000000e+00 5.689084e-21 1.137817e-20 0.000000e+00
-0.10 7.000000e+00 0.000000e+00 3.942703e-18 7.885407e-18 0.000000e+00
-0.21 7.000000e+00 0.000000e+00 2.721551e-15 5.443101e-15 0.000000e+00
-0.31 7.000000e+00 0.000000e+00 1.025462e-12 2.050924e-12 0.000000e+00
-0.41 7.000000e+00 0.000000e+00 8.385949e-12 1.677190e-11 0.000000e+00
-0.52 7.000000e+00 0.000000e+00 3.184752e-11 6.369504e-11 0.000000e+00
-0.62 7.000000e+00 0.000000e+00 1.201698e-10 2.403397e-10 0.000000e+00
-0.72 7.000000e+00 0.000000e+00 4.534185e-10 9.068370e-10 0.000000e+00
-0.83 7.000000e+00 0.000000e+00 1.710814e-09 3.421628e-09 0.000000e+00
-0.93 7.000000e+00 0.000000e+00 6.455152e-09 1.291030e-08 0.000000e+00
-1.03 7.000000e+00 0.000000e+00 2.435623e-08 4.871246e-08 0.000000e+00
-1.14 7.000000e+00 0.000000e+00 9.189961e-08 1.837992e-07 0.000000e+00
-1.24 7.000000e+00 0.000000e+00 3.467506e-07 6.935013e-07 0.000000e+00
-1.34 7.000000e+00 0.000000e+00 1.308341e-06 2.616682e-06 0.000000e+00
-1.45 7.000000e+00 0.000000e+00 4.936561e-06 9.873121e-06 0.000000e+00
-1.55 7.000000e+00 0.000000e+00 1.862636e-05 3.725273e-05 0.000000e+00
-1.66 7.000000e+00 0.000000e+00 7.027999e-05 1.405600e-04 0.000000e+00
-1.76 7.000000e+00 0.000000e+00 2.651767e-04 5.303533e-04 0.000000e+00
-1.86 7.000000e+00 0.000000e+00 1.000550e-03 2.001101e-03 0.000000e+00
-1.97 7.000000e+00 0.000000e+00 3.775222e-03 7.550445e-03 0.000000e+00
-2.07 7.000000e+00 0.000000e+00 1.424446e-02 2.848893e-02 0.000000e+00
-2.17 7.000000e+00 0.000000e+00 5.374644e-02 1.074929e-01 0.000000e+00
-2.28 7.000000e+00 0.000000e+00 2.027932e-01 4.055864e-01 0.000000e+00
-2.38 7.000000e+00 0.000000e+00 7.651683e-01 1.530337e+00 0.000000e+00
-2.48 7.000000e+00 0.000000e+00 2.887092e+00 5.774183e+00 0.000000e+00
-2.59 7.000000e+00 0.000000e+00 1.089342e+01 2.178684e+01 0.000000e+00
-2.69 7.000000e+00 0.000000e+00 4.110246e+01 8.220491e+01 0.000000e+00
-2.79 7.000000e+00 0.000000e+00 1.550856e+02 3.101711e+02 0.000000e+00
-2.90 7.000000e+00 0.000000e+00 5.851605e+02 1.170321e+03 0.000000e+00
-3.00 7.000000e+00 0.000000e+00 2.207896e+03 4.415792e+03 0.000000e+00
