
-2.00 7.000000e+00 5.732049e-01
-2.00 7.500000e+00 5.732049e-01
-2.00 8.000000e+00 5.732049e-01
-2.00 8.500000e+00 5.732049e-01
-2.00 9.000000e+00 5.732049e-01
-2.00 9.500000e+00 5.732049e-01
-2.00 1.000000e+01 5.732049e-01
-2.00 1.050000e+01 5.732049e-01
-2.00 1.100000e+01 5.732049e-01
-2.00 1.150000e+01 5.732049e-01
-2.00 1.200000e+01 5.732049e-01
-2.00 1.250000e+01 5.732049e-01
-2.00 1.300000e+01 5.732049e-01
-2.00 1.350000e+01 5.732049e-01
-2.00 1.400000e+01 5.732049e-01

-1.99 7.000000e+00 5.747729e-01
-1.99 7.500000e+00 5.747651e-01
-1.99 8.000000e+00 5.747651e-01
-1.99 8.500000e+00 5.747651e-01
-1.99 9.000000e+00 5.747651e-01
-1.99 9.500000e+00 5.747651e-01
-1.99 1.000000e+01 5.747651e-01
-1.99 1.050000e+01 5.747651e-01
-1.99 1.100000e+01 5.747651e-01
-1.99 1.150000e+01 5.747651e-01
-1.99 1.200000e+01 5.747651e-01
-1.99 1.250000e+01 5.747651e-01
-1.99 1.300000e+01 5.747651e-01
-1.99 1.350000e+01 5.747651e-01
-1.99 1.400000e+01 5.747729e-01

-1.98 7.000000e+00 5.758244e-01
-1.98 7.500000e+00 5.763205e-01
-1.98 8.000000e+00 5.763205e-01
-1.98 8.500000e+00 5.763205e-01
-1.98 9.000000e+00 5.763205e-01
-1.98 9.500000e+00 5.763205e-01
-1.98 1.000000e+01 5.763205e-01
-1.98 1.050000e+01 5.763205e-01
-1.98 1.100000e+01 5.763205e-01
-1.98 1.150000e+01 5.763205e-01
-1.98 1.200000e+01 5.763205e-01
-1.98 1.250000e+01 5.763205e-01
-1.98 1.300000e+01 5.763205e-01
-1.98 1.350000e+01 5.763205e-01
-1.98 1.400000e+01 5.758244e-01

-1.97 7.000000e+00 5.784727e-01
-1.97 7.500000e+00 5.778703e-01
-1.97 8.000000e+00 5.778703e-01
-1.97 8.500000e+00 5.778703e-01
-1.97 9.000000e+00 5.778703e-01
-1.97 9.500000e+00 5.778703e-01
-1.97 1.000000e+01 5.778703e-01
-1.97 1.050000e+01 5.778703e-01
-1.97 1.100000e+01 5.778703e-01
-1.97 1.150000e+01 5.778703e-01
-1.97 1.200000e+01 5.778703e-01
-1.97 1.250000e+01 5.778703e-01
-1.97 1.300000e+01 5.778703e-01
-1.97 1.350000e+01 5.778703e-01
-1.97 1.400000e+01 5.784727e-01

-1.96 7.000000e+00 5.794445e-01
-1.96 7.500000e+00 5.794135e-01
-1.96 8.000000e+00 5.794135e-01
-1.96 8.500000e+00 5.794135e-01
-1.96 9.000000e+00 5.794135e-01
-1.96 9.500000e+00 5.794135e-01
-1.96 1.000000e+01 5.794135e-01
-1.96 1.050000e+01 5.794135e-01
-1.96 1.100000e+01 5.794135e-01
-1.96 1.150000e+01 5.794135e-01
-1.96 1.200000e+01 5.794135e-01
-1.96 1.250000e+01 5.794135e-01
-1.96 1.300000e+01 5.794135e-01
-1.96 1.350000e+01 5.794135e-01
-1.96 1.400000e+01 5.794445e-01

-1.95 7.000000e+00 5.810134e-01
-1.95 7.500000e+00 5.809491e-01
-1.95 8.000000e+00 5.809491e-01
-1.95 8.500000e+00 5.809491e-01
-1.95 9.000000e+00 5.809491e-01
-1.95 9.500000e+00 5.809491e-01
-1.95 1.000000e+01 5.809491e-01
-1.95 1.050000e+01 5.809491e-01
-1.95 1.100000e+01 5.809491e-01
-1.95 1.150000e+01 5.809491e-01
-1.95 1.200000e+01 5.809491e-01
-1.95 1.250000e+01 5.809491e-01
-1.95 1.300000e+01 5.809491e-01
-1.95 1.350000e+01 5.809491e-01
-1.95 1.400000e+01 5.810134e-01

-1.94 7.000000e+00 5.825216e-01
-1.94 7.500000e+00 5.824757e-01
-1.94 8.000000e+00 5.824757e-01
-1.94 8.500000e+00 5.824757e-01
-1.94 9.000000e+00 5.824757e-01
-1.94 9.500000e+00 5.824757e-01
-1.94 1.000000e+01 5.824757e-01
-1.94 1.050000e+01 5.824757e-01
-1.94 1.100000e+01 5.824757e-01
-1.94 1.150000e+01 5.824757e-01
-1.94 1.200000e+01 5.824757e-01
-1.94 1.250000e+01 5.824757e-01
-1.94 1.300000e+01 5.824757e-01
-1.94 1.350000e+01 5.824757e-01
-1.94 1.400000e+01 5.825216e-01

-1.93 7.000000e+00 5.836587e-01
-1.93 7.500000e+00 5.839918e-01
-1.93 8.000000e+00 5.839918e-01
-1.93 8.500000e+00 5.839918e-01
-1.93 9.000000e+00 5.839918e-01
-1.93 9.500000e+00 5.839918e-01
-1.93 1.000000e+01 5.839918e-01
-1.93 1.050000e+01 5.839918e-01
-1.93 1.100000e+01 5.839918e-01
-1.93 1.150000e+01 5.839918e-01
-1.93 1.200000e+01 5.839918e-01
-1.93 1.250000e+01 5.839918e-01
-1.93 1.300000e+01 5.839918e-01
-1.93 1.350000e+01 5.839918e-01
-1.93 1.400000e+01 5.836587e-01

-1.92 7.000000e+00 5.860983e-01
-1.92 7.500000e+00 5.854957e-01
-1.92 8.000000e+00 5.854957e-01
-1.92 8.500000e+00 5.854957e-01
-1.92 9.000000e+00 5.854957e-01
-1.92 9.500000e+00 5.854957e-01
-1.92 1.000000e+01 5.854957e-01
-1.92 1.050000e+01 5.854957e-01
-1.92 1.100000e+01 5.854957e-01
-1.92 1.150000e+01 5.854957e-01
-1.92 1.200000e+01 5.854957e-01
-1.92 1.250000e+01 5.854957e-01
-1.92 1.300000e+01 5.854957e-01
-1.92 1.350000e+01 5.854957e-01
-1.92 1.400000e+01 5.860983e-01

-1.91 7.000000e+00 5.870521e-01
-1.91 7.500000e+00 5.869852e-01
-1.91 8.000000e+00 5.869852e-01
-1.91 8.500000e+00 5.869852e-01
-1.91 9.000000e+00 5.869852e-01
-1.91 9.500000e+00 5.869852e-01
-1.91 1.000000e+01 5.869852e-01
-1.91 1.050000e+01 5.869852e-01
-1.91 1.100000e+01 5.869852e-01
-1.91 1.150000e+01 5.869852e-01
-1.91 1.200000e+01 5.869852e-01
-1.91 1.250000e+01 5.869852e-01
-1.91 1.300000e+01 5.869852e-01
-1.91 1.350000e+01 5.869852e-01
-1.91 1.400000e+01 5.870521e-01

-1.90 7.000000e+00 5.887057e-01
-1.90 7.500000e+00 5.884579e-01
-1.90 8.000000e+00 5.884579e-01
-1.90 8.500000e+00 5.884579e-01
-1.90 9.000000e+00 5.884579e-01
-1.90 9.500000e+00 5.884579e-01
-1.90 1.000000e+01 5.884579e-01
-1.90 1.050000e+01 5.884579e-01
-1.90 1.100000e+01 5.884579e-01
-1.90 1.150000e+01 5.884579e-01
-1.90 1.200000e+01 5.884579e-01
-1.90 1.250000e+01 5.884579e-01
-1.90 1.300000e+01 5.884579e-01
-1.90 1.350000e+01 5.884579e-01
-1.90 1.400000e+01 5.887057e-01

-1.89 7.000000e+00 5.899908e-01
-1.89 7.500000e+00 5.899111e-01
-1.89 8.000000e+00 5.899111e-01
-1.89 8.500000e+00 5.899111e-01
-1.89 9.000000e+00 5.899111e-01
-1.89 9.500000e+00 5.899111e-01
-1.89 1.000000e+01 5.899111e-01
-1.89 1.050000e+01 5.899111e-01
-1.89 1.100000e+01 5.899111e-01
-1.89 1.150000e+01 5.899111e-01
-1.89 1.200000e+01 5.899111e-01
-1.89 1.250000e+01 5.899111e-01
-1.89 1.300000e+01 5.899111e-01
-1.89 1.350000e+01 5.899111e-01
-1.89 1.400000e+01 5.899908e-01

-1.88 7.000000e+00 5.910072e-01
-1.88 7.500000e+00 5.913415e-01
-1.88 8.000000e+00 5.913415e-01
-1.88 8.500000e+00 5.913415e-01
-1.88 9.000000e+00 5.913415e-01
-1.88 9.500000e+00 5.913415e-01
-1.88 1.000000e+01 5.913415e-01
-1.88 1.050000e+01 5.913415e-01
-1.88 1.100000e+01 5.913415e-01
-1.88 1.150000e+01 5.913415e-01
-1.88 1.200000e+01 5.913415e-01
-1.88 1.250000e+01 5.913415e-01
-1.88 1.300000e+01 5.913415e-01
-1.88 1.350000e+01 5.913415e-01
-1.88 1.400000e+01 5.910072e-01

-1.87 7.000000e+00 5.933610e-01
-1.87 7.500000e+00 5.927454e-01
-1.87 8.000000e+00 5.927454e-01
-1.87 8.500000e+00 5.927454e-01
-1.87 9.000000e+00 5.927454e-01
-1.87 9.500000e+00 5.927454e-01
-1.87 1.000000e+01 5.927454e-01
-1.87 1.050000e+01 5.927454e-01
-1.87 1.100000e+01 5.927454e-01
-1.87 1.150000e+01 5.927454e-01
-1.87 1.200000e+01 5.927454e-01
-1.87 1.250000e+01 5.927454e-01
-1.87 1.300000e+01 5.927454e-01
-1.87 1.350000e+01 5.927454e-01
-1.87 1.400000e+01 5.933610e-01

-1.86 7.000000e+00 5.942138e-01
-1.86 7.500000e+00 5.941185e-01
-1.86 8.000000e+00 5.941185e-01
-1.86 8.500000e+00 5.941185e-01
-1.86 9.000000e+00 5.941185e-01
-1.86 9.500000e+00 5.941185e-01
-1.86 1.000000e+01 5.941185e-01
-1.86 1.050000e+01 5.941185e-01
-1.86 1.100000e+01 5.941185e-01
-1.86 1.150000e+01 5.941185e-01
-1.86 1.200000e+01 5.941185e-01
-1.86 1.250000e+01 5.941185e-01
-1.86 1.300000e+01 5.941185e-01
-1.86 1.350000e+01 5.941185e-01
-1.86 1.400000e+01 5.942138e-01

-1.85 7.000000e+00 5.956216e-01
-1.85 7.500000e+00 5.954558e-01
-1.85 8.000000e+00 5.954558e-01
-1.85 8.500000e+00 5.954558e-01
-1.85 9.000000e+00 5.954558e-01
-1.85 9.500000e+00 5.954558e-01
-1.85 1.000000e+01 5.954558e-01
-1.85 1.050000e+01 5.954558e-01
-1.85 1.100000e+01 5.954558e-01
-1.85 1.150000e+01 5.954558e-01
-1.85 1.200000e+01 5.954558e-01
-1.85 1.250000e+01 5.954558e-01
-1.85 1.300000e+01 5.954558e-01
-1.85 1.350000e+01 5.954558e-01
-1.85 1.400000e+01 5.956216e-01

-1.84 7.000000e+00 5.968540e-01
-1.84 7.500000e+00 5.967518e-01
-1.84 8.000000e+00 5.967518e-01
-1.84 8.500000e+00 5.967518e-01
-1.84 9.000000e+00 5.967518e-01
-1.84 9.500000e+00 5.967518e-01
-1.84 1.000000e+01 5.967518e-01
-1.84 1.050000e+01 5.967518e-01
-1.84 1.100000e+01 5.967518e-01
-1.84 1.150000e+01 5.967518e-01
-1.84 1.200000e+01 5.967518e-01
-1.84 1.250000e+01 5.967518e-01
-1.84 1.300000e+01 5.967518e-01
-1.84 1.350000e+01 5.967518e-01
-1.84 1.400000e+01 5.968540e-01

-1.83 7.000000e+00 5.979380e-01
-1.83 7.500000e+00 5.980002e-01
-1.83 8.000000e+00 5.980002e-01
-1.83 8.500000e+00 5.980002e-01
-1.83 9.000000e+00 5.980002e-01
-1.83 9.500000e+00 5.980002e-01
-1.83 1.000000e+01 5.980002e-01
-1.83 1.050000e+01 5.980002e-01
-1.83 1.100000e+01 5.980002e-01
-1.83 1.150000e+01 5.980002e-01
-1.83 1.200000e+01 5.980002e-01
-1.83 1.250000e+01 5.980002e-01
-1.83 1.300000e+01 5.980002e-01
-1.83 1.350000e+01 5.980002e-01
-1.83 1.400000e+01 5.979380e-01

-1.82 7.000000e+00 5.997534e-01
-1.82 7.500000e+00 5.991938e-01
-1.82 8.000000e+00 5.991938e-01
-1.82 8.500000e+00 5.991938e-01
-1.82 9.000000e+00 5.991938e-01
-1.82 9.500000e+00 5.991938e-01
-1.82 1.000000e+01 5.991938e-01
-1.82 1.050000e+01 5.991938e-01
-1.82 1.100000e+01 5.991938e-01
-1.82 1.150000e+01 5.991938e-01
-1.82 1.200000e+01 5.991938e-01
-1.82 1.250000e+01 5.991938e-01
-1.82 1.300000e+01 5.991938e-01
-1.82 1.350000e+01 5.991938e-01
-1.82 1.400000e+01 5.997534e-01

-1.81 7.000000e+00 6.004292e-01
-1.81 7.500000e+00 6.003248e-01
-1.81 8.000000e+00 6.003248e-01
-1.81 8.500000e+00 6.003248e-01
-1.81 9.000000e+00 6.003248e-01
-1.81 9.500000e+00 6.003248e-01
-1.81 1.000000e+01 6.003248e-01
-1.81 1.050000e+01 6.003248e-01
-1.81 1.100000e+01 6.003248e-01
-1.81 1.150000e+01 6.003248e-01
-1.81 1.200000e+01 6.003248e-01
-1.81 1.250000e+01 6.003248e-01
-1.81 1.300000e+01 6.003248e-01
-1.81 1.350000e+01 6.003248e-01
-1.81 1.400000e+01 6.004292e-01

-1.80 7.000000e+00 6.017257e-01
-1.80 7.500000e+00 6.013843e-01
-1.80 8.000000e+00 6.013843e-01
-1.80 8.500000e+00 6.013843e-01
-1.80 9.000000e+00 6.013843e-01
-1.80 9.500000e+00 6.013843e-01
-1.80 1.000000e+01 6.013843e-01
-1.80 1.050000e+01 6.013843e-01
-1.80 1.100000e+01 6.013843e-01
-1.80 1.150000e+01 6.013843e-01
-1.80 1.200000e+01 6.013843e-01
-1.80 1.250000e+01 6.013843e-01
-1.80 1.300000e+01 6.013843e-01
-1.80 1.350000e+01 6.013843e-01
-1.80 1.400000e+01 6.017257e-01

-1.79 7.000000e+00 6.024611e-01
-1.79 7.500000e+00 6.023630e-01
-1.79 8.000000e+00 6.023630e-01
-1.79 8.500000e+00 6.023630e-01
-1.79 9.000000e+00 6.023630e-01
-1.79 9.500000e+00 6.023630e-01
-1.79 1.000000e+01 6.023630e-01
-1.79 1.050000e+01 6.023630e-01
-1.79 1.100000e+01 6.023630e-01
-1.79 1.150000e+01 6.023630e-01
-1.79 1.200000e+01 6.023630e-01
-1.79 1.250000e+01 6.023630e-01
-1.79 1.300000e+01 6.023630e-01
-1.79 1.350000e+01 6.023630e-01
-1.79 1.400000e+01 6.024611e-01

-1.78 7.000000e+00 6.031225e-01
-1.78 7.500000e+00 6.032504e-01
-1.78 8.000000e+00 6.032504e-01
-1.78 8.500000e+00 6.032504e-01
-1.78 9.000000e+00 6.032504e-01
-1.78 9.500000e+00 6.032504e-01
-1.78 1.000000e+01 6.032504e-01
-1.78 1.050000e+01 6.032504e-01
-1.78 1.100000e+01 6.032504e-01
-1.78 1.150000e+01 6.032504e-01
-1.78 1.200000e+01 6.032504e-01
-1.78 1.250000e+01 6.032504e-01
-1.78 1.300000e+01 6.032504e-01
-1.78 1.350000e+01 6.032504e-01
-1.78 1.400000e+01 6.031225e-01

-1.77 7.000000e+00 6.041194e-01
-1.77 7.500000e+00 6.040357e-01
-1.77 8.000000e+00 6.040357e-01
-1.77 8.500000e+00 6.040357e-01
-1.77 9.000000e+00 6.040357e-01
-1.77 9.500000e+00 6.040357e-01
-1.77 1.000000e+01 6.040357e-01
-1.77 1.050000e+01 6.040357e-01
-1.77 1.100000e+01 6.040357e-01
-1.77 1.150000e+01 6.040357e-01
-1.77 1.200000e+01 6.040357e-01
-1.77 1.250000e+01 6.040357e-01
-1.77 1.300000e+01 6.040357e-01
-1.77 1.350000e+01 6.040357e-01
-1.77 1.400000e+01 6.041194e-01

-1.76 7.000000e+00 6.045373e-01
-1.76 7.500000e+00 6.047076e-01
-1.76 8.000000e+00 6.047076e-01
-1.76 8.500000e+00 6.047076e-01
-1.76 9.000000e+00 6.047076e-01
-1.76 9.500000e+00 6.047076e-01
-1.76 1.000000e+01 6.047076e-01
-1.76 1.050000e+01 6.047076e-01
-1.76 1.100000e+01 6.047076e-01
-1.76 1.150000e+01 6.047076e-01
-1.76 1.200000e+01 6.047076e-01
-1.76 1.250000e+01 6.047076e-01
-1.76 1.300000e+01 6.047076e-01
-1.76 1.350000e+01 6.047076e-01
-1.76 1.400000e+01 6.045373e-01

-1.75 7.000000e+00 6.053520e-01
-1.75 7.500000e+00 6.052542e-01
-1.75 8.000000e+00 6.052542e-01
-1.75 8.500000e+00 6.052542e-01
-1.75 9.000000e+00 6.052542e-01
-1.75 9.500000e+00 6.052542e-01
-1.75 1.000000e+01 6.052542e-01
-1.75 1.050000e+01 6.052542e-01
-1.75 1.100000e+01 6.052542e-01
-1.75 1.150000e+01 6.052542e-01
-1.75 1.200000e+01 6.052542e-01
-1.75 1.250000e+01 6.052542e-01
-1.75 1.300000e+01 6.052542e-01
-1.75 1.350000e+01 6.052542e-01
-1.75 1.400000e+01 6.053520e-01

-1.74 7.000000e+00 6.057068e-01
-1.74 7.500000e+00 6.056640e-01
-1.74 8.000000e+00 6.056640e-01
-1.74 8.500000e+00 6.056640e-01
-1.74 9.000000e+00 6.056640e-01
-1.74 9.500000e+00 6.056640e-01
-1.74 1.000000e+01 6.056640e-01
-1.74 1.050000e+01 6.056640e-01
-1.74 1.100000e+01 6.056640e-01
-1.74 1.150000e+01 6.056640e-01
-1.74 1.200000e+01 6.056640e-01
-1.74 1.250000e+01 6.056640e-01
-1.74 1.300000e+01 6.056640e-01
-1.74 1.350000e+01 6.056640e-01
-1.74 1.400000e+01 6.057068e-01

-1.73 7.000000e+00 6.059462e-01
-1.73 7.500000e+00 6.059256e-01
-1.73 8.000000e+00 6.059256e-01
-1.73 8.500000e+00 6.059256e-01
-1.73 9.000000e+00 6.059256e-01
-1.73 9.500000e+00 6.059256e-01
-1.73 1.000000e+01 6.059256e-01
-1.73 1.050000e+01 6.059256e-01
-1.73 1.100000e+01 6.059256e-01
-1.73 1.150000e+01 6.059256e-01
-1.73 1.200000e+01 6.059256e-01
-1.73 1.250000e+01 6.059256e-01
-1.73 1.300000e+01 6.059256e-01
-1.73 1.350000e+01 6.059256e-01
-1.73 1.400000e+01 6.059462e-01

-1.72 7.000000e+00 6.060292e-01
-1.72 7.500000e+00 6.060281e-01
-1.72 8.000000e+00 6.060281e-01
-1.72 8.500000e+00 6.060281e-01
-1.72 9.000000e+00 6.060281e-01
-1.72 9.500000e+00 6.060281e-01
-1.72 1.000000e+01 6.060281e-01
-1.72 1.050000e+01 6.060281e-01
-1.72 1.100000e+01 6.060281e-01
-1.72 1.150000e+01 6.060281e-01
-1.72 1.200000e+01 6.060281e-01
-1.72 1.250000e+01 6.060281e-01
-1.72 1.300000e+01 6.060281e-01
-1.72 1.350000e+01 6.060281e-01
-1.72 1.400000e+01 6.060292e-01

-1.71 7.000000e+00 6.060116e-01
-1.71 7.500000e+00 6.059620e-01
-1.71 8.000000e+00 6.059620e-01
-1.71 8.500000e+00 6.059620e-01
-1.71 9.000000e+00 6.059620e-01
-1.71 9.500000e+00 6.059620e-01
-1.71 1.000000e+01 6.059620e-01
-1.71 1.050000e+01 6.059620e-01
-1.71 1.100000e+01 6.059620e-01
-1.71 1.150000e+01 6.059620e-01
-1.71 1.200000e+01 6.059620e-01
-1.71 1.250000e+01 6.059620e-01
-1.71 1.300000e+01 6.059620e-01
-1.71 1.350000e+01 6.059620e-01
-1.71 1.400000e+01 6.060116e-01

-1.70 7.000000e+00 6.056285e-01
-1.70 7.500000e+00 6.057186e-01
-1.70 8.000000e+00 6.057186e-01
-1.70 8.500000e+00 6.057186e-01
-1.70 9.000000e+00 6.057186e-01
-1.70 9.500000e+00 6.057186e-01
-1.70 1.000000e+01 6.057186e-01
-1.70 1.050000e+01 6.057186e-01
-1.70 1.100000e+01 6.057186e-01
-1.70 1.150000e+01 6.057186e-01
-1.70 1.200000e+01 6.057186e-01
-1.70 1.250000e+01 6.057186e-01
-1.70 1.300000e+01 6.057186e-01
-1.70 1.350000e+01 6.057186e-01
-1.70 1.400000e+01 6.056285e-01

-1.69 7.000000e+00 6.052079e-01
-1.69 7.500000e+00 6.052913e-01
-1.69 8.000000e+00 6.052913e-01
-1.69 8.500000e+00 6.052913e-01
-1.69 9.000000e+00 6.052913e-01
-1.69 9.500000e+00 6.052913e-01
-1.69 1.000000e+01 6.052913e-01
-1.69 1.050000e+01 6.052913e-01
-1.69 1.100000e+01 6.052913e-01
-1.69 1.150000e+01 6.052913e-01
-1.69 1.200000e+01 6.052913e-01
-1.69 1.250000e+01 6.052913e-01
-1.69 1.300000e+01 6.052913e-01
-1.69 1.350000e+01 6.052913e-01
-1.69 1.400000e+01 6.052079e-01

-1.68 7.000000e+00 6.047226e-01
-1.68 7.500000e+00 6.046752e-01
-1.68 8.000000e+00 6.046752e-01
-1.68 8.500000e+00 6.046752e-01
-1.68 9.000000e+00 6.046752e-01
-1.68 9.500000e+00 6.046752e-01
-1.68 1.000000e+01 6.046752e-01
-1.68 1.050000e+01 6.046752e-01
-1.68 1.100000e+01 6.046752e-01
-1.68 1.150000e+01 6.046752e-01
-1.68 1.200000e+01 6.046752e-01
-1.68 1.250000e+01 6.046752e-01
-1.68 1.300000e+01 6.046752e-01
-1.68 1.350000e+01 6.046752e-01
-1.68 1.400000e+01 6.047226e-01

-1.67 7.000000e+00 6.037147e-01
-1.67 7.500000e+00 6.038673e-01
-1.67 8.000000e+00 6.038673e-01
-1.67 8.500000e+00 6.038673e-01
-1.67 9.000000e+00 6.038673e-01
-1.67 9.500000e+00 6.038673e-01
-1.67 1.000000e+01 6.038673e-01
-1.67 1.050000e+01 6.038673e-01
-1.67 1.100000e+01 6.038673e-01
-1.67 1.150000e+01 6.038673e-01
-1.67 1.200000e+01 6.038673e-01
-1.67 1.250000e+01 6.038673e-01
-1.67 1.300000e+01 6.038673e-01
-1.67 1.350000e+01 6.038673e-01
-1.67 1.400000e+01 6.037147e-01

-1.66 7.000000e+00 6.029775e-01
-1.66 7.500000e+00 6.028670e-01
-1.66 8.000000e+00 6.028670e-01
-1.66 8.500000e+00 6.028670e-01
-1.66 9.000000e+00 6.028670e-01
-1.66 9.500000e+00 6.028670e-01
-1.66 1.000000e+01 6.028670e-01
-1.66 1.050000e+01 6.028670e-01
-1.66 1.100000e+01 6.028670e-01
-1.66 1.150000e+01 6.028670e-01
-1.66 1.200000e+01 6.028670e-01
-1.66 1.250000e+01 6.028670e-01
-1.66 1.300000e+01 6.028670e-01
-1.66 1.350000e+01 6.028670e-01
-1.66 1.400000e+01 6.029775e-01

-1.65 7.000000e+00 6.012892e-01
-1.65 7.500000e+00 6.016756e-01
-1.65 8.000000e+00 6.016756e-01
-1.65 8.500000e+00 6.016756e-01
-1.65 9.000000e+00 6.016756e-01
-1.65 9.500000e+00 6.016756e-01
-1.65 1.000000e+01 6.016756e-01
-1.65 1.050000e+01 6.016756e-01
-1.65 1.100000e+01 6.016756e-01
-1.65 1.150000e+01 6.016756e-01
-1.65 1.200000e+01 6.016756e-01
-1.65 1.250000e+01 6.016756e-01
-1.65 1.300000e+01 6.016756e-01
-1.65 1.350000e+01 6.016756e-01
-1.65 1.400000e+01 6.012892e-01

-1.64 7.000000e+00 6.000273e-01
-1.64 7.500000e+00 6.002964e-01
-1.64 8.000000e+00 6.002964e-01
-1.64 8.500000e+00 6.002964e-01
-1.64 9.000000e+00 6.002964e-01
-1.64 9.500000e+00 6.002964e-01
-1.64 1.000000e+01 6.002964e-01
-1.64 1.050000e+01 6.002964e-01
-1.64 1.100000e+01 6.002964e-01
-1.64 1.150000e+01 6.002964e-01
-1.64 1.200000e+01 6.002964e-01
-1.64 1.250000e+01 6.002964e-01
-1.64 1.300000e+01 6.002964e-01
-1.64 1.350000e+01 6.002964e-01
-1.64 1.400000e+01 6.000273e-01

-1.63 7.000000e+00 5.982517e-01
-1.63 7.500000e+00 5.987347e-01
-1.63 8.000000e+00 5.987347e-01
-1.63 8.500000e+00 5.987347e-01
-1.63 9.000000e+00 5.987347e-01
-1.63 9.500000e+00 5.987347e-01
-1.63 1.000000e+01 5.987347e-01
-1.63 1.050000e+01 5.987347e-01
-1.63 1.100000e+01 5.987347e-01
-1.63 1.150000e+01 5.987347e-01
-1.63 1.200000e+01 5.987347e-01
-1.63 1.250000e+01 5.987347e-01
-1.63 1.300000e+01 5.987347e-01
-1.63 1.350000e+01 5.987347e-01
-1.63 1.400000e+01 5.982517e-01

-1.62 7.000000e+00 5.966459e-01
-1.62 7.500000e+00 5.969971e-01
-1.62 8.000000e+00 5.969971e-01
-1.62 8.500000e+00 5.969971e-01
-1.62 9.000000e+00 5.969971e-01
-1.62 9.500000e+00 5.969971e-01
-1.62 1.000000e+01 5.969971e-01
-1.62 1.050000e+01 5.969971e-01
-1.62 1.100000e+01 5.969971e-01
-1.62 1.150000e+01 5.969971e-01
-1.62 1.200000e+01 5.969971e-01
-1.62 1.250000e+01 5.969971e-01
-1.62 1.300000e+01 5.969971e-01
-1.62 1.350000e+01 5.969971e-01
-1.62 1.400000e+01 5.966459e-01

-1.61 7.000000e+00 5.957664e-01
-1.61 7.500000e+00 5.950915e-01
-1.61 8.000000e+00 5.950915e-01
-1.61 8.500000e+00 5.950915e-01
-1.61 9.000000e+00 5.950915e-01
-1.61 9.500000e+00 5.950915e-01
-1.61 1.000000e+01 5.950915e-01
-1.61 1.050000e+01 5.950915e-01
-1.61 1.100000e+01 5.950915e-01
-1.61 1.150000e+01 5.950915e-01
-1.61 1.200000e+01 5.950915e-01
-1.61 1.250000e+01 5.950915e-01
-1.61 1.300000e+01 5.950915e-01
-1.61 1.350000e+01 5.950915e-01
-1.61 1.400000e+01 5.957664e-01

-1.60 7.000000e+00 5.922988e-01
-1.60 7.500000e+00 5.930268e-01
-1.60 8.000000e+00 5.930268e-01
-1.60 8.500000e+00 5.930268e-01
-1.60 9.000000e+00 5.930268e-01
-1.60 9.500000e+00 5.930268e-01
-1.60 1.000000e+01 5.930268e-01
-1.60 1.050000e+01 5.930268e-01
-1.60 1.100000e+01 5.930268e-01
-1.60 1.150000e+01 5.930268e-01
-1.60 1.200000e+01 5.930268e-01
-1.60 1.250000e+01 5.930268e-01
-1.60 1.300000e+01 5.930268e-01
-1.60 1.350000e+01 5.930268e-01
-1.60 1.400000e+01 5.922988e-01

-1.59 7.000000e+00 5.903389e-01
-1.59 7.500000e+00 5.908127e-01
-1.59 8.000000e+00 5.908127e-01
-1.59 8.500000e+00 5.908127e-01
-1.59 9.000000e+00 5.908127e-01
-1.59 9.500000e+00 5.908127e-01
-1.59 1.000000e+01 5.908127e-01
-1.59 1.050000e+01 5.908127e-01
-1.59 1.100000e+01 5.908127e-01
-1.59 1.150000e+01 5.908127e-01
-1.59 1.200000e+01 5.908127e-01
-1.59 1.250000e+01 5.908127e-01
-1.59 1.300000e+01 5.908127e-01
-1.59 1.350000e+01 5.908127e-01
-1.59 1.400000e+01 5.903389e-01

-1.58 7.000000e+00 5.884185e-01
-1.58 7.500000e+00 5.884592e-01
-1.58 8.000000e+00 5.884592e-01
-1.58 8.500000e+00 5.884592e-01
-1.58 9.000000e+00 5.884592e-01
-1.58 9.500000e+00 5.884592e-01
-1.58 1.000000e+01 5.884592e-01
-1.58 1.050000e+01 5.884592e-01
-1.58 1.100000e+01 5.884592e-01
-1.58 1.150000e+01 5.884592e-01
-1.58 1.200000e+01 5.884592e-01
-1.58 1.250000e+01 5.884592e-01
-1.58 1.300000e+01 5.884592e-01
-1.58 1.350000e+01 5.884592e-01
-1.58 1.400000e+01 5.884185e-01

-1.57 7.000000e+00 5.854239e-01
-1.57 7.500000e+00 5.859764e-01
-1.57 8.000000e+00 5.859764e-01
-1.57 8.500000e+00 5.859764e-01
-1.57 9.000000e+00 5.859764e-01
-1.57 9.500000e+00 5.859764e-01
-1.57 1.000000e+01 5.859764e-01
-1.57 1.050000e+01 5.859764e-01
-1.57 1.100000e+01 5.859764e-01
-1.57 1.150000e+01 5.859764e-01
-1.57 1.200000e+01 5.859764e-01
-1.57 1.250000e+01 5.859764e-01
-1.57 1.300000e+01 5.859764e-01
-1.57 1.350000e+01 5.859764e-01
-1.57 1.400000e+01 5.854239e-01

-1.56 7.000000e+00 5.831940e-01
-1.56 7.500000e+00 5.833744e-01
-1.56 8.000000e+00 5.833744e-01
-1.56 8.500000e+00 5.833744e-01
-1.56 9.000000e+00 5.833744e-01
-1.56 9.500000e+00 5.833744e-01
-1.56 1.000000e+01 5.833744e-01
-1.56 1.050000e+01 5.833744e-01
-1.56 1.100000e+01 5.833744e-01
-1.56 1.150000e+01 5.833744e-01
-1.56 1.200000e+01 5.833744e-01
-1.56 1.250000e+01 5.833744e-01
-1.56 1.300000e+01 5.833744e-01
-1.56 1.350000e+01 5.833744e-01
-1.56 1.400000e+01 5.831940e-01

-1.55 7.000000e+00 5.796115e-01
-1.55 7.500000e+00 5.806632e-01
-1.55 8.000000e+00 5.806632e-01
-1.55 8.500000e+00 5.806632e-01
-1.55 9.000000e+00 5.806632e-01
-1.55 9.500000e+00 5.806632e-01
-1.55 1.000000e+01 5.806632e-01
-1.55 1.050000e+01 5.806632e-01
-1.55 1.100000e+01 5.806632e-01
-1.55 1.150000e+01 5.806632e-01
-1.55 1.200000e+01 5.806632e-01
-1.55 1.250000e+01 5.806632e-01
-1.55 1.300000e+01 5.806632e-01
-1.55 1.350000e+01 5.806632e-01
-1.55 1.400000e+01 5.796115e-01

-1.54 7.000000e+00 5.771893e-01
-1.54 7.500000e+00 5.778523e-01
-1.54 8.000000e+00 5.778523e-01
-1.54 8.500000e+00 5.778523e-01
-1.54 9.000000e+00 5.778523e-01
-1.54 9.500000e+00 5.778523e-01
-1.54 1.000000e+01 5.778523e-01
-1.54 1.050000e+01 5.778523e-01
-1.54 1.100000e+01 5.778523e-01
-1.54 1.150000e+01 5.778523e-01
-1.54 1.200000e+01 5.778523e-01
-1.54 1.250000e+01 5.778523e-01
-1.54 1.300000e+01 5.778523e-01
-1.54 1.350000e+01 5.778523e-01
-1.54 1.400000e+01 5.771893e-01

-1.53 7.000000e+00 5.735950e-01
-1.53 7.500000e+00 5.749507e-01
-1.53 8.000000e+00 5.749507e-01
-1.53 8.500000e+00 5.749507e-01
-1.53 9.000000e+00 5.749507e-01
-1.53 9.500000e+00 5.749507e-01
-1.53 1.000000e+01 5.749507e-01
-1.53 1.050000e+01 5.749507e-01
-1.53 1.100000e+01 5.749507e-01
-1.53 1.150000e+01 5.749507e-01
-1.53 1.200000e+01 5.749507e-01
-1.53 1.250000e+01 5.749507e-01
-1.53 1.300000e+01 5.749507e-01
-1.53 1.350000e+01 5.749507e-01
-1.53 1.400000e+01 5.735950e-01

-1.52 7.000000e+00 5.712361e-01
-1.52 7.500000e+00 5.719672e-01
-1.52 8.000000e+00 5.719672e-01
-1.52 8.500000e+00 5.719672e-01
-1.52 9.000000e+00 5.719672e-01
-1.52 9.500000e+00 5.719672e-01
-1.52 1.000000e+01 5.719672e-01
-1.52 1.050000e+01 5.719672e-01
-1.52 1.100000e+01 5.719672e-01
-1.52 1.150000e+01 5.719672e-01
-1.52 1.200000e+01 5.719672e-01
-1.52 1.250000e+01 5.719672e-01
-1.52 1.300000e+01 5.719672e-01
-1.52 1.350000e+01 5.719672e-01
-1.52 1.400000e+01 5.712361e-01

-1.51 7.000000e+00 5.697128e-01
-1.51 7.500000e+00 5.689096e-01
-1.51 8.000000e+00 5.689096e-01
-1.51 8.500000e+00 5.689096e-01
-1.51 9.000000e+00 5.689096e-01
-1.51 9.500000e+00 5.689096e-01
-1.51 1.000000e+01 5.689096e-01
-1.51 1.050000e+01 5.689096e-01
-1.51 1.100000e+01 5.689096e-01
-1.51 1.150000e+01 5.689096e-01
-1.51 1.200000e+01 5.689096e-01
-1.51 1.250000e+01 5.689096e-01
-1.51 1.300000e+01 5.689096e-01
-1.51 1.350000e+01 5.689096e-01
-1.51 1.400000e+01 5.697128e-01

-1.50 7.000000e+00 5.644548e-01
-1.50 7.500000e+00 5.657856e-01
-1.50 8.000000e+00 5.657856e-01
-1.50 8.500000e+00 5.657856e-01
-1.50 9.000000e+00 5.657856e-01
-1.50 9.500000e+00 5.657856e-01
-1.50 1.000000e+01 5.657856e-01
-1.50 1.050000e+01 5.657856e-01
-1.50 1.100000e+01 5.657856e-01
-1.50 1.150000e+01 5.657856e-01
-1.50 1.200000e+01 5.657856e-01
-1.50 1.250000e+01 5.657856e-01
-1.50 1.300000e+01 5.657856e-01
-1.50 1.350000e+01 5.657856e-01
-1.50 1.400000e+01 5.644548e-01

-1.49 7.000000e+00 5.617771e-01
-1.49 7.500000e+00 5.626019e-01
-1.49 8.000000e+00 5.626019e-01
-1.49 8.500000e+00 5.626019e-01
-1.49 9.000000e+00 5.626019e-01
-1.49 9.500000e+00 5.626019e-01
-1.49 1.000000e+01 5.626019e-01
-1.49 1.050000e+01 5.626019e-01
-1.49 1.100000e+01 5.626019e-01
-1.49 1.150000e+01 5.626019e-01
-1.49 1.200000e+01 5.626019e-01
-1.49 1.250000e+01 5.626019e-01
-1.49 1.300000e+01 5.626019e-01
-1.49 1.350000e+01 5.626019e-01
-1.49 1.400000e+01 5.617771e-01

-1.48 7.000000e+00 5.590357e-01
-1.48 7.500000e+00 5.593648e-01
-1.48 8.000000e+00 5.593648e-01
-1.48 8.500000e+00 5.593648e-01
-1.48 9.000000e+00 5.593648e-01
-1.48 9.500000e+00 5.593648e-01
-1.48 1.000000e+01 5.593648e-01
-1.48 1.050000e+01 5.593648e-01
-1.48 1.100000e+01 5.593648e-01
-1.48 1.150000e+01 5.593648e-01
-1.48 1.200000e+01 5.593648e-01
-1.48 1.250000e+01 5.593648e-01
-1.48 1.300000e+01 5.593648e-01
-1.48 1.350000e+01 5.593648e-01
-1.48 1.400000e+01 5.590357e-01

-1.47 7.000000e+00 5.551981e-01
-1.47 7.500000e+00 5.560802e-01
-1.47 8.000000e+00 5.560802e-01
-1.47 8.500000e+00 5.560802e-01
-1.47 9.000000e+00 5.560802e-01
-1.47 9.500000e+00 5.560802e-01
-1.47 1.000000e+01 5.560802e-01
-1.47 1.050000e+01 5.560802e-01
-1.47 1.100000e+01 5.560802e-01
-1.47 1.150000e+01 5.560802e-01
-1.47 1.200000e+01 5.560802e-01
-1.47 1.250000e+01 5.560802e-01
-1.47 1.300000e+01 5.560802e-01
-1.47 1.350000e+01 5.560802e-01
-1.47 1.400000e+01 5.551981e-01

-1.46 7.000000e+00 5.519581e-01
-1.46 7.500000e+00 5.527533e-01
-1.46 8.000000e+00 5.527533e-01
-1.46 8.500000e+00 5.527533e-01
-1.46 9.000000e+00 5.527533e-01
-1.46 9.500000e+00 5.527533e-01
-1.46 1.000000e+01 5.527533e-01
-1.46 1.050000e+01 5.527533e-01
-1.46 1.100000e+01 5.527533e-01
-1.46 1.150000e+01 5.527533e-01
-1.46 1.200000e+01 5.527533e-01
-1.46 1.250000e+01 5.527533e-01
-1.46 1.300000e+01 5.527533e-01
-1.46 1.350000e+01 5.527533e-01
-1.46 1.400000e+01 5.519581e-01

-1.45 7.000000e+00 5.478221e-01
-1.45 7.500000e+00 5.493887e-01
-1.45 8.000000e+00 5.493887e-01
-1.45 8.500000e+00 5.493887e-01
-1.45 9.000000e+00 5.493887e-01
-1.45 9.500000e+00 5.493887e-01
-1.45 1.000000e+01 5.493887e-01
-1.45 1.050000e+01 5.493887e-01
-1.45 1.100000e+01 5.493887e-01
-1.45 1.150000e+01 5.493887e-01
-1.45 1.200000e+01 5.493887e-01
-1.45 1.250000e+01 5.493887e-01
-1.45 1.300000e+01 5.493887e-01
-1.45 1.350000e+01 5.493887e-01
-1.45 1.400000e+01 5.478221e-01

-1.44 7.000000e+00 5.450291e-01
-1.44 7.500000e+00 5.459908e-01
-1.44 8.000000e+00 5.459908e-01
-1.44 8.500000e+00 5.459908e-01
-1.44 9.000000e+00 5.459908e-01
-1.44 9.500000e+00 5.459908e-01
-1.44 1.000000e+01 5.459908e-01
-1.44 1.050000e+01 5.459908e-01
-1.44 1.100000e+01 5.459908e-01
-1.44 1.150000e+01 5.459908e-01
-1.44 1.200000e+01 5.459908e-01
-1.44 1.250000e+01 5.459908e-01
-1.44 1.300000e+01 5.459908e-01
-1.44 1.350000e+01 5.459908e-01
-1.44 1.400000e+01 5.450291e-01

-1.43 7.000000e+00 5.420715e-01
-1.43 7.500000e+00 5.425633e-01
-1.43 8.000000e+00 5.425633e-01
-1.43 8.500000e+00 5.425633e-01
-1.43 9.000000e+00 5.425633e-01
-1.43 9.500000e+00 5.425633e-01
-1.43 1.000000e+01 5.425633e-01
-1.43 1.050000e+01 5.425633e-01
-1.43 1.100000e+01 5.425633e-01
-1.43 1.150000e+01 5.425633e-01
-1.43 1.200000e+01 5.425633e-01
-1.43 1.250000e+01 5.425633e-01
-1.43 1.300000e+01 5.425633e-01
-1.43 1.350000e+01 5.425633e-01
-1.43 1.400000e+01 5.420715e-01

-1.42 7.000000e+00 5.380989e-01
-1.42 7.500000e+00 5.391099e-01
-1.42 8.000000e+00 5.391099e-01
-1.42 8.500000e+00 5.391099e-01
-1.42 9.000000e+00 5.391099e-01
-1.42 9.500000e+00 5.391099e-01
-1.42 1.000000e+01 5.391099e-01
-1.42 1.050000e+01 5.391099e-01
-1.42 1.100000e+01 5.391099e-01
-1.42 1.150000e+01 5.391099e-01
-1.42 1.200000e+01 5.391099e-01
-1.42 1.250000e+01 5.391099e-01
-1.42 1.300000e+01 5.391099e-01
-1.42 1.350000e+01 5.391099e-01
-1.42 1.400000e+01 5.380989e-01

-1.41 7.000000e+00 5.362486e-01
-1.41 7.500000e+00 5.356335e-01
-1.41 8.000000e+00 5.356335e-01
-1.41 8.500000e+00 5.356335e-01
-1.41 9.000000e+00 5.356335e-01
-1.41 9.500000e+00 5.356335e-01
-1.41 1.000000e+01 5.356335e-01
-1.41 1.050000e+01 5.356335e-01
-1.41 1.100000e+01 5.356335e-01
-1.41 1.150000e+01 5.356335e-01
-1.41 1.200000e+01 5.356335e-01
-1.41 1.250000e+01 5.356335e-01
-1.41 1.300000e+01 5.356335e-01
-1.41 1.350000e+01 5.356335e-01
-1.41 1.400000e+01 5.362486e-01

-1.40 7.000000e+00 5.310792e-01
-1.40 7.500000e+00 5.321370e-01
-1.40 8.000000e+00 5.321370e-01
-1.40 8.500000e+00 5.321370e-01
-1.40 9.000000e+00 5.321370e-01
-1.40 9.500000e+00 5.321370e-01
-1.40 1.000000e+01 5.321370e-01
-1.40 1.050000e+01 5.321370e-01
-1.40 1.100000e+01 5.321370e-01
-1.40 1.150000e+01 5.321370e-01
-1.40 1.200000e+01 5.321370e-01
-1.40 1.250000e+01 5.321370e-01
-1.40 1.300000e+01 5.321370e-01
-1.40 1.350000e+01 5.321370e-01
-1.40 1.400000e+01 5.310792e-01

-1.39 7.000000e+00 5.285631e-01
-1.39 7.500000e+00 5.286228e-01
-1.39 8.000000e+00 5.286228e-01
-1.39 8.500000e+00 5.286228e-01
-1.39 9.000000e+00 5.286228e-01
-1.39 9.500000e+00 5.286228e-01
-1.39 1.000000e+01 5.286228e-01
-1.39 1.050000e+01 5.286228e-01
-1.39 1.100000e+01 5.286228e-01
-1.39 1.150000e+01 5.286228e-01
-1.39 1.200000e+01 5.286228e-01
-1.39 1.250000e+01 5.286228e-01
-1.39 1.300000e+01 5.286228e-01
-1.39 1.350000e+01 5.286228e-01
-1.39 1.400000e+01 5.285631e-01

-1.38 7.000000e+00 5.244391e-01
-1.38 7.500000e+00 5.250932e-01
-1.38 8.000000e+00 5.250932e-01
-1.38 8.500000e+00 5.250932e-01
-1.38 9.000000e+00 5.250932e-01
-1.38 9.500000e+00 5.250932e-01
-1.38 1.000000e+01 5.250932e-01
-1.38 1.050000e+01 5.250932e-01
-1.38 1.100000e+01 5.250932e-01
-1.38 1.150000e+01 5.250932e-01
-1.38 1.200000e+01 5.250932e-01
-1.38 1.250000e+01 5.250932e-01
-1.38 1.300000e+01 5.250932e-01
-1.38 1.350000e+01 5.250932e-01
-1.38 1.400000e+01 5.244391e-01

-1.37 7.000000e+00 5.204258e-01
-1.37 7.500000e+00 5.215500e-01
-1.37 8.000000e+00 5.215500e-01
-1.37 8.500000e+00 5.215500e-01
-1.37 9.000000e+00 5.215500e-01
-1.37 9.500000e+00 5.215500e-01
-1.37 1.000000e+01 5.215500e-01
-1.37 1.050000e+01 5.215500e-01
-1.37 1.100000e+01 5.215500e-01
-1.37 1.150000e+01 5.215500e-01
-1.37 1.200000e+01 5.215500e-01
-1.37 1.250000e+01 5.215500e-01
-1.37 1.300000e+01 5.215500e-01
-1.37 1.350000e+01 5.215500e-01
-1.37 1.400000e+01 5.204258e-01

-1.36 7.000000e+00 5.165462e-01
-1.36 7.500000e+00 5.179952e-01
-1.36 8.000000e+00 5.179952e-01
-1.36 8.500000e+00 5.179952e-01
-1.36 9.000000e+00 5.179952e-01
-1.36 9.500000e+00 5.179952e-01
-1.36 1.000000e+01 5.179952e-01
-1.36 1.050000e+01 5.179952e-01
-1.36 1.100000e+01 5.179952e-01
-1.36 1.150000e+01 5.179952e-01
-1.36 1.200000e+01 5.179952e-01
-1.36 1.250000e+01 5.179952e-01
-1.36 1.300000e+01 5.179952e-01
-1.36 1.350000e+01 5.179952e-01
-1.36 1.400000e+01 5.165462e-01

-1.35 7.000000e+00 5.132638e-01
-1.35 7.500000e+00 5.144302e-01
-1.35 8.000000e+00 5.144302e-01
-1.35 8.500000e+00 5.144302e-01
-1.35 9.000000e+00 5.144302e-01
-1.35 9.500000e+00 5.144302e-01
-1.35 1.000000e+01 5.144302e-01
-1.35 1.050000e+01 5.144302e-01
-1.35 1.100000e+01 5.144302e-01
-1.35 1.150000e+01 5.144302e-01
-1.35 1.200000e+01 5.144302e-01
-1.35 1.250000e+01 5.144302e-01
-1.35 1.300000e+01 5.144302e-01
-1.35 1.350000e+01 5.144302e-01
-1.35 1.400000e+01 5.132638e-01

-1.34 7.000000e+00 5.124792e-01
-1.34 7.500000e+00 5.108565e-01
-1.34 8.000000e+00 5.108565e-01
-1.34 8.500000e+00 5.108565e-01
-1.34 9.000000e+00 5.108565e-01
-1.34 9.500000e+00 5.108565e-01
-1.34 1.000000e+01 5.108565e-01
-1.34 1.050000e+01 5.108565e-01
-1.34 1.100000e+01 5.108565e-01
-1.34 1.150000e+01 5.108565e-01
-1.34 1.200000e+01 5.108565e-01
-1.34 1.250000e+01 5.108565e-01
-1.34 1.300000e+01 5.108565e-01
-1.34 1.350000e+01 5.108565e-01
-1.34 1.400000e+01 5.124792e-01

-1.33 7.000000e+00 5.064619e-01
-1.33 7.500000e+00 5.072753e-01
-1.33 8.000000e+00 5.072753e-01
-1.33 8.500000e+00 5.072753e-01
-1.33 9.000000e+00 5.072753e-01
-1.33 9.500000e+00 5.072753e-01
-1.33 1.000000e+01 5.072753e-01
-1.33 1.050000e+01 5.072753e-01
-1.33 1.100000e+01 5.072753e-01
-1.33 1.150000e+01 5.072753e-01
-1.33 1.200000e+01 5.072753e-01
-1.33 1.250000e+01 5.072753e-01
-1.33 1.300000e+01 5.072753e-01
-1.33 1.350000e+01 5.072753e-01
-1.33 1.400000e+01 5.064619e-01

-1.32 7.000000e+00 5.024606e-01
-1.32 7.500000e+00 5.036878e-01
-1.32 8.000000e+00 5.036878e-01
-1.32 8.500000e+00 5.036878e-01
-1.32 9.000000e+00 5.036878e-01
-1.32 9.500000e+00 5.036878e-01
-1.32 1.000000e+01 5.036878e-01
-1.32 1.050000e+01 5.036878e-01
-1.32 1.100000e+01 5.036878e-01
-1.32 1.150000e+01 5.036878e-01
-1.32 1.200000e+01 5.036878e-01
-1.32 1.250000e+01 5.036878e-01
-1.32 1.300000e+01 5.036878e-01
-1.32 1.350000e+01 5.036878e-01
-1.32 1.400000e+01 5.024606e-01

-1.31 7.000000e+00 5.004272e-01
-1.31 7.500000e+00 5.000948e-01
-1.31 8.000000e+00 5.000948e-01
-1.31 8.500000e+00 5.000948e-01
-1.31 9.000000e+00 5.000948e-01
-1.31 9.500000e+00 5.000948e-01
-1.31 1.000000e+01 5.000948e-01
-1.31 1.050000e+01 5.000948e-01
-1.31 1.100000e+01 5.000948e-01
-1.31 1.150000e+01 5.000948e-01
-1.31 1.200000e+01 5.000948e-01
-1.31 1.250000e+01 5.000948e-01
-1.31 1.300000e+01 5.000948e-01
-1.31 1.350000e+01 5.000948e-01
-1.31 1.400000e+01 5.004272e-01

-1.30 7.000000e+00 4.952311e-01
-1.30 7.500000e+00 4.964974e-01
-1.30 8.000000e+00 4.964974e-01
-1.30 8.500000e+00 4.964974e-01
-1.30 9.000000e+00 4.964974e-01
-1.30 9.500000e+00 4.964974e-01
-1.30 1.000000e+01 4.964974e-01
-1.30 1.050000e+01 4.964974e-01
-1.30 1.100000e+01 4.964974e-01
-1.30 1.150000e+01 4.964974e-01
-1.30 1.200000e+01 4.964974e-01
-1.30 1.250000e+01 4.964974e-01
-1.30 1.300000e+01 4.964974e-01
-1.30 1.350000e+01 4.964974e-01
-1.30 1.400000e+01 4.952311e-01

-1.29 7.000000e+00 4.922246e-01
-1.29 7.500000e+00 4.928963e-01
-1.29 8.000000e+00 4.928963e-01
-1.29 8.500000e+00 4.928963e-01
-1.29 9.000000e+00 4.928963e-01
-1.29 9.500000e+00 4.928963e-01
-1.29 1.000000e+01 4.928963e-01
-1.29 1.050000e+01 4.928963e-01
-1.29 1.100000e+01 4.928963e-01
-1.29 1.150000e+01 4.928963e-01
-1.29 1.200000e+01 4.928963e-01
-1.29 1.250000e+01 4.928963e-01
-1.29 1.300000e+01 4.928963e-01
-1.29 1.350000e+01 4.928963e-01
-1.29 1.400000e+01 4.922246e-01

-1.28 7.000000e+00 4.883226e-01
-1.28 7.500000e+00 4.892922e-01
-1.28 8.000000e+00 4.892922e-01
-1.28 8.500000e+00 4.892922e-01
-1.28 9.000000e+00 4.892922e-01
-1.28 9.500000e+00 4.892922e-01
-1.28 1.000000e+01 4.892922e-01
-1.28 1.050000e+01 4.892922e-01
-1.28 1.100000e+01 4.892922e-01
-1.28 1.150000e+01 4.892922e-01
-1.28 1.200000e+01 4.892922e-01
-1.28 1.250000e+01 4.892922e-01
-1.28 1.300000e+01 4.892922e-01
-1.28 1.350000e+01 4.892922e-01
-1.28 1.400000e+01 4.883226e-01

-1.27 7.000000e+00 4.843624e-01
-1.27 7.500000e+00 4.856858e-01
-1.27 8.000000e+00 4.856858e-01
-1.27 8.500000e+00 4.856858e-01
-1.27 9.000000e+00 4.856858e-01
-1.27 9.500000e+00 4.856858e-01
-1.27 1.000000e+01 4.856858e-01
-1.27 1.050000e+01 4.856858e-01
-1.27 1.100000e+01 4.856858e-01
-1.27 1.150000e+01 4.856858e-01
-1.27 1.200000e+01 4.856858e-01
-1.27 1.250000e+01 4.856858e-01
-1.27 1.300000e+01 4.856858e-01
-1.27 1.350000e+01 4.856858e-01
-1.27 1.400000e+01 4.843624e-01

-1.26 7.000000e+00 4.822596e-01
-1.26 7.500000e+00 4.820776e-01
-1.26 8.000000e+00 4.820776e-01
-1.26 8.500000e+00 4.820776e-01
-1.26 9.000000e+00 4.820776e-01
-1.26 9.500000e+00 4.820776e-01
-1.26 1.000000e+01 4.820776e-01
-1.26 1.050000e+01 4.820776e-01
-1.26 1.100000e+01 4.820776e-01
-1.26 1.150000e+01 4.820776e-01
-1.26 1.200000e+01 4.820776e-01
-1.26 1.250000e+01 4.820776e-01
-1.26 1.300000e+01 4.820776e-01
-1.26 1.350000e+01 4.820776e-01
-1.26 1.400000e+01 4.822596e-01

-1.25 7.000000e+00 4.771076e-01
-1.25 7.500000e+00 4.784681e-01
-1.25 8.000000e+00 4.784681e-01
-1.25 8.500000e+00 4.784681e-01
-1.25 9.000000e+00 4.784681e-01
-1.25 9.500000e+00 4.784681e-01
-1.25 1.000000e+01 4.784681e-01
-1.25 1.050000e+01 4.784681e-01
-1.25 1.100000e+01 4.784681e-01
-1.25 1.150000e+01 4.784681e-01
-1.25 1.200000e+01 4.784681e-01
-1.25 1.250000e+01 4.784681e-01
-1.25 1.300000e+01 4.784681e-01
-1.25 1.350000e+01 4.784681e-01
-1.25 1.400000e+01 4.771076e-01

-1.24 7.000000e+00 4.761928e-01
-1.24 7.500000e+00 4.748579e-01
-1.24 8.000000e+00 4.748579e-01
-1.24 8.500000e+00 4.748579e-01
-1.24 9.000000e+00 4.748579e-01
-1.24 9.500000e+00 4.748579e-01
-1.24 1.000000e+01 4.748579e-01
-1.24 1.050000e+01 4.748579e-01
-1.24 1.100000e+01 4.748579e-01
-1.24 1.150000e+01 4.748579e-01
-1.24 1.200000e+01 4.748579e-01
-1.24 1.250000e+01 4.748579e-01
-1.24 1.300000e+01 4.748579e-01
-1.24 1.350000e+01 4.748579e-01
-1.24 1.400000e+01 4.761928e-01

-1.23 7.000000e+00 4.701246e-01
-1.23 7.500000e+00 4.712472e-01
-1.23 8.000000e+00 4.712472e-01
-1.23 8.500000e+00 4.712472e-01
-1.23 9.000000e+00 4.712472e-01
-1.23 9.500000e+00 4.712472e-01
-1.23 1.000000e+01 4.712472e-01
-1.23 1.050000e+01 4.712472e-01
-1.23 1.100000e+01 4.712472e-01
-1.23 1.150000e+01 4.712472e-01
-1.23 1.200000e+01 4.712472e-01
-1.23 1.250000e+01 4.712472e-01
-1.23 1.300000e+01 4.712472e-01
-1.23 1.350000e+01 4.712472e-01
-1.23 1.400000e+01 4.701246e-01

-1.22 7.000000e+00 4.662214e-01
-1.22 7.500000e+00 4.676366e-01
-1.22 8.000000e+00 4.676366e-01
-1.22 8.500000e+00 4.676366e-01
-1.22 9.000000e+00 4.676366e-01
-1.22 9.500000e+00 4.676366e-01
-1.22 1.000000e+01 4.676366e-01
-1.22 1.050000e+01 4.676366e-01
-1.22 1.100000e+01 4.676366e-01
-1.22 1.150000e+01 4.676366e-01
-1.22 1.200000e+01 4.676366e-01
-1.22 1.250000e+01 4.676366e-01
-1.22 1.300000e+01 4.676366e-01
-1.22 1.350000e+01 4.676366e-01
-1.22 1.400000e+01 4.662214e-01

-1.21 7.000000e+00 4.640565e-01
-1.21 7.500000e+00 4.640262e-01
-1.21 8.000000e+00 4.640262e-01
-1.21 8.500000e+00 4.640262e-01
-1.21 9.000000e+00 4.640262e-01
-1.21 9.500000e+00 4.640262e-01
-1.21 1.000000e+01 4.640262e-01
-1.21 1.050000e+01 4.640262e-01
-1.21 1.100000e+01 4.640262e-01
-1.21 1.150000e+01 4.640262e-01
-1.21 1.200000e+01 4.640262e-01
-1.21 1.250000e+01 4.640262e-01
-1.21 1.300000e+01 4.640262e-01
-1.21 1.350000e+01 4.640262e-01
-1.21 1.400000e+01 4.640565e-01

-1.20 7.000000e+00 4.589656e-01
-1.20 7.500000e+00 4.604165e-01
-1.20 8.000000e+00 4.604165e-01
-1.20 8.500000e+00 4.604165e-01
-1.20 9.000000e+00 4.604165e-01
-1.20 9.500000e+00 4.604165e-01
-1.20 1.000000e+01 4.604165e-01
-1.20 1.050000e+01 4.604165e-01
-1.20 1.100000e+01 4.604165e-01
-1.20 1.150000e+01 4.604165e-01
-1.20 1.200000e+01 4.604165e-01
-1.20 1.250000e+01 4.604165e-01
-1.20 1.300000e+01 4.604165e-01
-1.20 1.350000e+01 4.604165e-01
-1.20 1.400000e+01 4.589656e-01

-1.19 7.000000e+00 4.555235e-01
-1.19 7.500000e+00 4.568077e-01
-1.19 8.000000e+00 4.568077e-01
-1.19 8.500000e+00 4.568077e-01
-1.19 9.000000e+00 4.568077e-01
-1.19 9.500000e+00 4.568077e-01
-1.19 1.000000e+01 4.568077e-01
-1.19 1.050000e+01 4.568077e-01
-1.19 1.100000e+01 4.568077e-01
-1.19 1.150000e+01 4.568077e-01
-1.19 1.200000e+01 4.568077e-01
-1.19 1.250000e+01 4.568077e-01
-1.19 1.300000e+01 4.568077e-01
-1.19 1.350000e+01 4.568077e-01
-1.19 1.400000e+01 4.555235e-01

-1.18 7.000000e+00 4.519271e-01
-1.18 7.500000e+00 4.532001e-01
-1.18 8.000000e+00 4.532001e-01
-1.18 8.500000e+00 4.532001e-01
-1.18 9.000000e+00 4.532001e-01
-1.18 9.500000e+00 4.532001e-01
-1.18 1.000000e+01 4.532001e-01
-1.18 1.050000e+01 4.532001e-01
-1.18 1.100000e+01 4.532001e-01
-1.18 1.150000e+01 4.532001e-01
-1.18 1.200000e+01 4.532001e-01
-1.18 1.250000e+01 4.532001e-01
-1.18 1.300000e+01 4.532001e-01
-1.18 1.350000e+01 4.532001e-01
-1.18 1.400000e+01 4.519271e-01

-1.17 7.000000e+00 4.480903e-01
-1.17 7.500000e+00 4.495939e-01
-1.17 8.000000e+00 4.495939e-01
-1.17 8.500000e+00 4.495939e-01
-1.17 9.000000e+00 4.495939e-01
-1.17 9.500000e+00 4.495939e-01
-1.17 1.000000e+01 4.495939e-01
-1.17 1.050000e+01 4.495939e-01
-1.17 1.100000e+01 4.495939e-01
-1.17 1.150000e+01 4.495939e-01
-1.17 1.200000e+01 4.495939e-01
-1.17 1.250000e+01 4.495939e-01
-1.17 1.300000e+01 4.495939e-01
-1.17 1.350000e+01 4.495939e-01
-1.17 1.400000e+01 4.480903e-01

-1.16 7.000000e+00 4.458682e-01
-1.16 7.500000e+00 4.459893e-01
-1.16 8.000000e+00 4.459893e-01
-1.16 8.500000e+00 4.459893e-01
-1.16 9.000000e+00 4.459893e-01
-1.16 9.500000e+00 4.459893e-01
-1.16 1.000000e+01 4.459893e-01
-1.16 1.050000e+01 4.459893e-01
-1.16 1.100000e+01 4.459893e-01
-1.16 1.150000e+01 4.459893e-01
-1.16 1.200000e+01 4.459893e-01
-1.16 1.250000e+01 4.459893e-01
-1.16 1.300000e+01 4.459893e-01
-1.16 1.350000e+01 4.459893e-01
-1.16 1.400000e+01 4.458682e-01

-1.15 7.000000e+00 4.408483e-01
-1.15 7.500000e+00 4.423866e-01
-1.15 8.000000e+00 4.423866e-01
-1.15 8.500000e+00 4.423866e-01
-1.15 9.000000e+00 4.423866e-01
-1.15 9.500000e+00 4.423866e-01
-1.15 1.000000e+01 4.423866e-01
-1.15 1.050000e+01 4.423866e-01
-1.15 1.100000e+01 4.423866e-01
-1.15 1.150000e+01 4.423866e-01
-1.15 1.200000e+01 4.423866e-01
-1.15 1.250000e+01 4.423866e-01
-1.15 1.300000e+01 4.423866e-01
-1.15 1.350000e+01 4.423866e-01
-1.15 1.400000e+01 4.408483e-01

-1.14 7.000000e+00 4.398144e-01
-1.14 7.500000e+00 4.387858e-01
-1.14 8.000000e+00 4.387858e-01
-1.14 8.500000e+00 4.387858e-01
-1.14 9.000000e+00 4.387858e-01
-1.14 9.500000e+00 4.387858e-01
-1.14 1.000000e+01 4.387858e-01
-1.14 1.050000e+01 4.387858e-01
-1.14 1.100000e+01 4.387858e-01
-1.14 1.150000e+01 4.387858e-01
-1.14 1.200000e+01 4.387858e-01
-1.14 1.250000e+01 4.387858e-01
-1.14 1.300000e+01 4.387858e-01
-1.14 1.350000e+01 4.387858e-01
-1.14 1.400000e+01 4.398144e-01

-1.13 7.000000e+00 4.337667e-01
-1.13 7.500000e+00 4.351873e-01
-1.13 8.000000e+00 4.351873e-01
-1.13 8.500000e+00 4.351873e-01
-1.13 9.000000e+00 4.351873e-01
-1.13 9.500000e+00 4.351873e-01
-1.13 1.000000e+01 4.351873e-01
-1.13 1.050000e+01 4.351873e-01
-1.13 1.100000e+01 4.351873e-01
-1.13 1.150000e+01 4.351873e-01
-1.13 1.200000e+01 4.351873e-01
-1.13 1.250000e+01 4.351873e-01
-1.13 1.300000e+01 4.351873e-01
-1.13 1.350000e+01 4.351873e-01
-1.13 1.400000e+01 4.337667e-01

-1.12 7.000000e+00 4.300017e-01
-1.12 7.500000e+00 4.315912e-01
-1.12 8.000000e+00 4.315912e-01
-1.12 8.500000e+00 4.315912e-01
-1.12 9.000000e+00 4.315912e-01
-1.12 9.500000e+00 4.315912e-01
-1.12 1.000000e+01 4.315912e-01
-1.12 1.050000e+01 4.315912e-01
-1.12 1.100000e+01 4.315912e-01
-1.12 1.150000e+01 4.315912e-01
-1.12 1.200000e+01 4.315912e-01
-1.12 1.250000e+01 4.315912e-01
-1.12 1.300000e+01 4.315912e-01
-1.12 1.350000e+01 4.315912e-01
-1.12 1.400000e+01 4.300017e-01

-1.11 7.000000e+00 4.277258e-01
-1.11 7.500000e+00 4.279975e-01
-1.11 8.000000e+00 4.279975e-01
-1.11 8.500000e+00 4.279975e-01
-1.11 9.000000e+00 4.279975e-01
-1.11 9.500000e+00 4.279975e-01
-1.11 1.000000e+01 4.279975e-01
-1.11 1.050000e+01 4.279975e-01
-1.11 1.100000e+01 4.279975e-01
-1.11 1.150000e+01 4.279975e-01
-1.11 1.200000e+01 4.279975e-01
-1.11 1.250000e+01 4.279975e-01
-1.11 1.300000e+01 4.279975e-01
-1.11 1.350000e+01 4.279975e-01
-1.11 1.400000e+01 4.277258e-01

-1.10 7.000000e+00 4.227834e-01
-1.10 7.500000e+00 4.244065e-01
-1.10 8.000000e+00 4.244065e-01
-1.10 8.500000e+00 4.244065e-01
-1.10 9.000000e+00 4.244065e-01
-1.10 9.500000e+00 4.244065e-01
-1.10 1.000000e+01 4.244065e-01
-1.10 1.050000e+01 4.244065e-01
-1.10 1.100000e+01 4.244065e-01
-1.10 1.150000e+01 4.244065e-01
-1.10 1.200000e+01 4.244065e-01
-1.10 1.250000e+01 4.244065e-01
-1.10 1.300000e+01 4.244065e-01
-1.10 1.350000e+01 4.244065e-01
-1.10 1.400000e+01 4.227833e-01

-1.09 7.000000e+00 4.216925e-01
-1.09 7.500000e+00 4.208183e-01
-1.09 8.000000e+00 4.208183e-01
-1.09 8.500000e+00 4.208183e-01
-1.09 9.000000e+00 4.208183e-01
-1.09 9.500000e+00 4.208183e-01
-1.09 1.000000e+01 4.208183e-01
-1.09 1.050000e+01 4.208183e-01
-1.09 1.100000e+01 4.208183e-01
-1.09 1.150000e+01 4.208183e-01
-1.09 1.200000e+01 4.208183e-01
-1.09 1.250000e+01 4.208183e-01
-1.09 1.300000e+01 4.208183e-01
-1.09 1.350000e+01 4.208183e-01
-1.09 1.400000e+01 4.216925e-01

-1.08 7.000000e+00 4.189342e-01
-1.08 7.500000e+00 4.172331e-01
-1.08 8.000000e+00 4.172331e-01
-1.08 8.500000e+00 4.172331e-01
-1.08 9.000000e+00 4.172331e-01
-1.08 9.500000e+00 4.172331e-01
-1.08 1.000000e+01 4.172331e-01
-1.08 1.050000e+01 4.172331e-01
-1.08 1.100000e+01 4.172331e-01
-1.08 1.150000e+01 4.172331e-01
-1.08 1.200000e+01 4.172331e-01
-1.08 1.250000e+01 4.172331e-01
-1.08 1.300000e+01 4.172331e-01
-1.08 1.350000e+01 4.172331e-01
-1.08 1.400000e+01 4.189342e-01

-1.07 7.000000e+00 4.119779e-01
-1.07 7.500000e+00 4.136509e-01
-1.07 8.000000e+00 4.136509e-01
-1.07 8.500000e+00 4.136509e-01
-1.07 9.000000e+00 4.136509e-01
-1.07 9.500000e+00 4.136509e-01
-1.07 1.000000e+01 4.136509e-01
-1.07 1.050000e+01 4.136509e-01
-1.07 1.100000e+01 4.136509e-01
-1.07 1.150000e+01 4.136509e-01
-1.07 1.200000e+01 4.136509e-01
-1.07 1.250000e+01 4.136509e-01
-1.07 1.300000e+01 4.136509e-01
-1.07 1.350000e+01 4.136509e-01
-1.07 1.400000e+01 4.119778e-01

-1.06 7.000000e+00 4.096510e-01
-1.06 7.500000e+00 4.100719e-01
-1.06 8.000000e+00 4.100719e-01
-1.06 8.500000e+00 4.100719e-01
-1.06 9.000000e+00 4.100719e-01
-1.06 9.500000e+00 4.100719e-01
-1.06 1.000000e+01 4.100719e-01
-1.06 1.050000e+01 4.100719e-01
-1.06 1.100000e+01 4.100719e-01
-1.06 1.150000e+01 4.100719e-01
-1.06 1.200000e+01 4.100719e-01
-1.06 1.250000e+01 4.100719e-01
-1.06 1.300000e+01 4.100719e-01
-1.06 1.350000e+01 4.100719e-01
-1.06 1.400000e+01 4.096510e-01

-1.05 7.000000e+00 4.047904e-01
-1.05 7.500000e+00 4.064962e-01
-1.05 8.000000e+00 4.064962e-01
-1.05 8.500000e+00 4.064962e-01
-1.05 9.000000e+00 4.064962e-01
-1.05 9.500000e+00 4.064962e-01
-1.05 1.000000e+01 4.064962e-01
-1.05 1.050000e+01 4.064962e-01
-1.05 1.100000e+01 4.064962e-01
-1.05 1.150000e+01 4.064962e-01
-1.05 1.200000e+01 4.064962e-01
-1.05 1.250000e+01 4.064962e-01
-1.05 1.300000e+01 4.064962e-01
-1.05 1.350000e+01 4.064962e-01
-1.05 1.400000e+01 4.047903e-01

-1.04 7.000000e+00 4.036441e-01
-1.04 7.500000e+00 4.029239e-01
-1.04 8.000000e+00 4.029239e-01
-1.04 8.500000e+00 4.029239e-01
-1.04 9.000000e+00 4.029239e-01
-1.04 9.500000e+00 4.029239e-01
-1.04 1.000000e+01 4.029239e-01
-1.04 1.050000e+01 4.029239e-01
-1.04 1.100000e+01 4.029239e-01
-1.04 1.150000e+01 4.029239e-01
-1.04 1.200000e+01 4.029239e-01
-1.04 1.250000e+01 4.029239e-01
-1.04 1.300000e+01 4.029239e-01
-1.04 1.350000e+01 4.029239e-01
-1.04 1.400000e+01 4.036440e-01

-1.03 7.000000e+00 3.976471e-01
-1.03 7.500000e+00 3.993552e-01
-1.03 8.000000e+00 3.993552e-01
-1.03 8.500000e+00 3.993552e-01
-1.03 9.000000e+00 3.993552e-01
-1.03 9.500000e+00 3.993552e-01
-1.03 1.000000e+01 3.993552e-01
-1.03 1.050000e+01 3.993552e-01
-1.03 1.100000e+01 3.993552e-01
-1.03 1.150000e+01 3.993552e-01
-1.03 1.200000e+01 3.993552e-01
-1.03 1.250000e+01 3.993552e-01
-1.03 1.300000e+01 3.993552e-01
-1.03 1.350000e+01 3.993552e-01
-1.03 1.400000e+01 3.976470e-01

-1.02 7.000000e+00 3.940359e-01
-1.02 7.500000e+00 3.957902e-01
-1.02 8.000000e+00 3.957902e-01
-1.02 8.500000e+00 3.957902e-01
-1.02 9.000000e+00 3.957902e-01
-1.02 9.500000e+00 3.957902e-01
-1.02 1.000000e+01 3.957902e-01
-1.02 1.050000e+01 3.957902e-01
-1.02 1.100000e+01 3.957902e-01
-1.02 1.150000e+01 3.957902e-01
-1.02 1.200000e+01 3.957902e-01
-1.02 1.250000e+01 3.957902e-01
-1.02 1.300000e+01 3.957901e-01
-1.02 1.350000e+01 3.957901e-01
-1.02 1.400000e+01 3.940356e-01

-1.01 7.000000e+00 3.916606e-01
-1.01 7.500000e+00 3.922289e-01
-1.01 8.000000e+00 3.922289e-01
-1.01 8.500000e+00 3.922289e-01
-1.01 9.000000e+00 3.922289e-01
-1.01 9.500000e+00 3.922289e-01
-1.01 1.000000e+01 3.922289e-01
-1.01 1.050000e+01 3.922289e-01
-1.01 1.100000e+01 3.922289e-01
-1.01 1.150000e+01 3.922289e-01
-1.01 1.200000e+01 3.922289e-01
-1.01 1.250000e+01 3.922289e-01
-1.01 1.300000e+01 3.922288e-01
-1.01 1.350000e+01 3.922288e-01
-1.01 1.400000e+01 3.916603e-01

-1.00 7.000000e+00 3.886714e-01
-1.00 7.500000e+00 3.886714e-01
-1.00 8.000000e+00 3.886714e-01
-1.00 8.500000e+00 3.886714e-01
-1.00 9.000000e+00 3.886714e-01
-1.00 9.500000e+00 3.886714e-01
-1.00 1.000000e+01 3.886714e-01
-1.00 1.050000e+01 3.886714e-01
-1.00 1.100000e+01 3.886714e-01
-1.00 1.150000e+01 3.886714e-01
-1.00 1.200000e+01 3.886714e-01
-1.00 1.250000e+01 3.886714e-01
-1.00 1.300000e+01 3.886714e-01
-1.00 1.350000e+01 3.886713e-01
-1.00 1.400000e+01 3.886710e-01

-0.99 7.000000e+00 3.856851e-01
-0.99 7.500000e+00 3.851180e-01
-0.99 8.000000e+00 3.851180e-01
-0.99 8.500000e+00 3.851180e-01
-0.99 9.000000e+00 3.851180e-01
-0.99 9.500000e+00 3.851180e-01
-0.99 1.000000e+01 3.851180e-01
-0.99 1.050000e+01 3.851180e-01
-0.99 1.100000e+01 3.851180e-01
-0.99 1.150000e+01 3.851180e-01
-0.99 1.200000e+01 3.851180e-01
-0.99 1.250000e+01 3.851180e-01
-0.99 1.300000e+01 3.851179e-01
-0.99 1.350000e+01 3.851178e-01
-0.99 1.400000e+01 3.856845e-01

-0.98 7.000000e+00 3.833160e-01
-0.98 7.500000e+00 3.815686e-01
-0.98 8.000000e+00 3.815686e-01
-0.98 8.500000e+00 3.815686e-01
-0.98 9.000000e+00 3.815686e-01
-0.98 9.500000e+00 3.815686e-01
-0.98 1.000000e+01 3.815686e-01
-0.98 1.050000e+01 3.815686e-01
-0.98 1.100000e+01 3.815686e-01
-0.98 1.150000e+01 3.815686e-01
-0.98 1.200000e+01 3.815686e-01
-0.98 1.250000e+01 3.815686e-01
-0.98 1.300000e+01 3.815686e-01
-0.98 1.350000e+01 3.815684e-01
-0.98 1.400000e+01 3.833154e-01

-0.97 7.000000e+00 3.797210e-01
-0.97 7.500000e+00 3.780235e-01
-0.97 8.000000e+00 3.780235e-01
-0.97 8.500000e+00 3.780235e-01
-0.97 9.000000e+00 3.780235e-01
-0.97 9.500000e+00 3.780235e-01
-0.97 1.000000e+01 3.780235e-01
-0.97 1.050000e+01 3.780235e-01
-0.97 1.100000e+01 3.780235e-01
-0.97 1.150000e+01 3.780235e-01
-0.97 1.200000e+01 3.780235e-01
-0.97 1.250000e+01 3.780234e-01
-0.97 1.300000e+01 3.780234e-01
-0.97 1.350000e+01 3.780231e-01
-0.97 1.400000e+01 3.797201e-01

-0.96 7.000000e+00 3.737690e-01
-0.96 7.500000e+00 3.744826e-01
-0.96 8.000000e+00 3.744826e-01
-0.96 8.500000e+00 3.744826e-01
-0.96 9.000000e+00 3.744826e-01
-0.96 9.500000e+00 3.744826e-01
-0.96 1.000000e+01 3.744826e-01
-0.96 1.050000e+01 3.744826e-01
-0.96 1.100000e+01 3.744826e-01
-0.96 1.150000e+01 3.744826e-01
-0.96 1.200000e+01 3.744826e-01
-0.96 1.250000e+01 3.744826e-01
-0.96 1.300000e+01 3.744825e-01
-0.96 1.350000e+01 3.744821e-01
-0.96 1.400000e+01 3.737673e-01

-0.95 7.000000e+00 3.726339e-01
-0.95 7.500000e+00 3.709462e-01
-0.95 8.000000e+00 3.709462e-01
-0.95 8.500000e+00 3.709462e-01
-0.95 9.000000e+00 3.709462e-01
-0.95 9.500000e+00 3.709462e-01
-0.95 1.000000e+01 3.709462e-01
-0.95 1.050000e+01 3.709462e-01
-0.95 1.100000e+01 3.709462e-01
-0.95 1.150000e+01 3.709462e-01
-0.95 1.200000e+01 3.709461e-01
-0.95 1.250000e+01 3.709461e-01
-0.95 1.300000e+01 3.709459e-01
-0.95 1.350000e+01 3.709454e-01
-0.95 1.400000e+01 3.726319e-01

-0.94 7.000000e+00 3.678295e-01
-0.94 7.500000e+00 3.674142e-01
-0.94 8.000000e+00 3.674142e-01
-0.94 8.500000e+00 3.674142e-01
-0.94 9.000000e+00 3.674142e-01
-0.94 9.500000e+00 3.674142e-01
-0.94 1.000000e+01 3.674142e-01
-0.94 1.050000e+01 3.674142e-01
-0.94 1.100000e+01 3.674142e-01
-0.94 1.150000e+01 3.674142e-01
-0.94 1.200000e+01 3.674142e-01
-0.94 1.250000e+01 3.674141e-01
-0.94 1.300000e+01 3.674139e-01
-0.94 1.350000e+01 3.674132e-01
-0.94 1.400000e+01 3.678264e-01

-0.93 7.000000e+00 3.655348e-01
-0.93 7.500000e+00 3.638869e-01
-0.93 8.000000e+00 3.638869e-01
-0.93 8.500000e+00 3.638869e-01
-0.93 9.000000e+00 3.638869e-01
-0.93 9.500000e+00 3.638869e-01
-0.93 1.000000e+01 3.638869e-01
-0.93 1.050000e+01 3.638869e-01
-0.93 1.100000e+01 3.638869e-01
-0.93 1.150000e+01 3.638869e-01
-0.93 1.200000e+01 3.638869e-01
-0.93 1.250000e+01 3.638868e-01
-0.93 1.300000e+01 3.638865e-01
-0.93 1.350000e+01 3.638855e-01
-0.93 1.400000e+01 3.655309e-01

-0.92 7.000000e+00 3.586943e-01
-0.92 7.500000e+00 3.603643e-01
-0.92 8.000000e+00 3.603643e-01
-0.92 8.500000e+00 3.603643e-01
-0.92 9.000000e+00 3.603643e-01
-0.92 9.500000e+00 3.603643e-01
-0.92 1.000000e+01 3.603643e-01
-0.92 1.050000e+01 3.603643e-01
-0.92 1.100000e+01 3.603643e-01
-0.92 1.150000e+01 3.603643e-01
-0.92 1.200000e+01 3.603643e-01
-0.92 1.250000e+01 3.603641e-01
-0.92 1.300000e+01 3.603637e-01
-0.92 1.350000e+01 3.603623e-01
-0.92 1.400000e+01 3.586867e-01

-0.91 7.000000e+00 3.559901e-01
-0.91 7.500000e+00 3.568466e-01
-0.91 8.000000e+00 3.568466e-01
-0.91 8.500000e+00 3.568466e-01
-0.91 9.000000e+00 3.568466e-01
-0.91 9.500000e+00 3.568466e-01
-0.91 1.000000e+01 3.568466e-01
-0.91 1.050000e+01 3.568466e-01
-0.91 1.100000e+01 3.568466e-01
-0.91 1.150000e+01 3.568466e-01
-0.91 1.200000e+01 3.568465e-01
-0.91 1.250000e+01 3.568463e-01
-0.91 1.300000e+01 3.568457e-01
-0.91 1.350000e+01 3.568437e-01
-0.91 1.400000e+01 3.559801e-01

-0.90 7.000000e+00 3.549219e-01
-0.90 7.500000e+00 3.533338e-01
-0.90 8.000000e+00 3.533338e-01
-0.90 8.500000e+00 3.533338e-01
-0.90 9.000000e+00 3.533338e-01
-0.90 9.500000e+00 3.533338e-01
-0.90 1.000000e+01 3.533338e-01
-0.90 1.050000e+01 3.533338e-01
-0.90 1.100000e+01 3.533338e-01
-0.90 1.150000e+01 3.533338e-01
-0.90 1.200000e+01 3.533337e-01
-0.90 1.250000e+01 3.533334e-01
-0.90 1.300000e+01 3.533325e-01
-0.90 1.350000e+01 3.533297e-01
-0.90 1.400000e+01 3.549108e-01

-0.89 7.000000e+00 3.500912e-01
-0.89 7.500000e+00 3.498261e-01
-0.89 8.000000e+00 3.498261e-01
-0.89 8.500000e+00 3.498261e-01
-0.89 9.000000e+00 3.498261e-01
-0.89 9.500000e+00 3.498261e-01
-0.89 1.000000e+01 3.498261e-01
-0.89 1.050000e+01 3.498261e-01
-0.89 1.100000e+01 3.498261e-01
-0.89 1.150000e+01 3.498260e-01
-0.89 1.200000e+01 3.498259e-01
-0.89 1.250000e+01 3.498255e-01
-0.89 1.300000e+01 3.498243e-01
-0.89 1.350000e+01 3.498203e-01
-0.89 1.400000e+01 3.500734e-01

-0.88 7.000000e+00 3.478717e-01
-0.88 7.500000e+00 3.463235e-01
-0.88 8.000000e+00 3.463235e-01
-0.88 8.500000e+00 3.463235e-01
-0.88 9.000000e+00 3.463235e-01
-0.88 9.500000e+00 3.463235e-01
-0.88 1.000000e+01 3.463235e-01
-0.88 1.050000e+01 3.463235e-01
-0.88 1.100000e+01 3.463235e-01
-0.88 1.150000e+01 3.463234e-01
-0.88 1.200000e+01 3.463233e-01
-0.88 1.250000e+01 3.463227e-01
-0.88 1.300000e+01 3.463209e-01
-0.88 1.350000e+01 3.463154e-01
-0.88 1.400000e+01 3.478496e-01

-0.87 7.000000e+00 3.442069e-01
-0.87 7.500000e+00 3.428262e-01
-0.87 8.000000e+00 3.428262e-01
-0.87 8.500000e+00 3.428262e-01
-0.87 9.000000e+00 3.428262e-01
-0.87 9.500000e+00 3.428262e-01
-0.87 1.000000e+01 3.428262e-01
-0.87 1.050000e+01 3.428262e-01
-0.87 1.100000e+01 3.428262e-01
-0.87 1.150000e+01 3.428261e-01
-0.87 1.200000e+01 3.428259e-01
-0.87 1.250000e+01 3.428251e-01
-0.87 1.300000e+01 3.428226e-01
-0.87 1.350000e+01 3.428148e-01
-0.87 1.400000e+01 3.441752e-01

-0.86 7.000000e+00 3.383377e-01
-0.86 7.500000e+00 3.393344e-01
-0.86 8.000000e+00 3.393344e-01
-0.86 8.500000e+00 3.393344e-01
-0.86 9.000000e+00 3.393344e-01
-0.86 9.500000e+00 3.393344e-01
-0.86 1.000000e+01 3.393344e-01
-0.86 1.050000e+01 3.393343e-01
-0.86 1.100000e+01 3.393343e-01
-0.86 1.150000e+01 3.393342e-01
-0.86 1.200000e+01 3.393339e-01
-0.86 1.250000e+01 3.393327e-01
-0.86 1.300000e+01 3.393292e-01
-0.86 1.350000e+01 3.393182e-01
-0.86 1.400000e+01 3.382811e-01

-0.85 7.000000e+00 3.373365e-01
-0.85 7.500000e+00 3.358480e-01
-0.85 8.000000e+00 3.358480e-01
-0.85 8.500000e+00 3.358480e-01
-0.85 9.000000e+00 3.358480e-01
-0.85 9.500000e+00 3.358480e-01
-0.85 1.000000e+01 3.358480e-01
-0.85 1.050000e+01 3.358480e-01
-0.85 1.100000e+01 3.358479e-01
-0.85 1.150000e+01 3.358478e-01
-0.85 1.200000e+01 3.358473e-01
-0.85 1.250000e+01 3.358457e-01
-0.85 1.300000e+01 3.358408e-01
-0.85 1.350000e+01 3.358251e-01
-0.85 1.400000e+01 3.372740e-01

-0.84 7.000000e+00 3.324842e-01
-0.84 7.500000e+00 3.323673e-01
-0.84 8.000000e+00 3.323673e-01
-0.84 8.500000e+00 3.323673e-01
-0.84 9.000000e+00 3.323673e-01
-0.84 9.500000e+00 3.323673e-01
-0.84 1.000000e+01 3.323673e-01
-0.84 1.050000e+01 3.323672e-01
-0.84 1.100000e+01 3.323672e-01
-0.84 1.150000e+01 3.323669e-01
-0.84 1.200000e+01 3.323662e-01
-0.84 1.250000e+01 3.323640e-01
-0.84 1.300000e+01 3.323571e-01
-0.84 1.350000e+01 3.323350e-01
-0.84 1.400000e+01 3.323832e-01

-0.83 7.000000e+00 3.303409e-01
-0.83 7.500000e+00 3.288923e-01
-0.83 8.000000e+00 3.288923e-01
-0.83 8.500000e+00 3.288923e-01
-0.83 9.000000e+00 3.288923e-01
-0.83 9.500000e+00 3.288923e-01
-0.83 1.000000e+01 3.288923e-01
-0.83 1.050000e+01 3.288922e-01
-0.83 1.100000e+01 3.288921e-01
-0.83 1.150000e+01 3.288918e-01
-0.83 1.200000e+01 3.288908e-01
-0.83 1.250000e+01 3.288877e-01
-0.83 1.300000e+01 3.288779e-01
-0.83 1.350000e+01 3.288468e-01
-0.83 1.400000e+01 3.302161e-01

-0.82 7.000000e+00 3.266469e-01
-0.82 7.500000e+00 3.254232e-01
-0.82 8.000000e+00 3.254232e-01
-0.82 8.500000e+00 3.254232e-01
-0.82 9.000000e+00 3.254232e-01
-0.82 9.500000e+00 3.254232e-01
-0.82 1.000000e+01 3.254231e-01
-0.82 1.050000e+01 3.254231e-01
-0.82 1.100000e+01 3.254230e-01
-0.82 1.150000e+01 3.254225e-01
-0.82 1.200000e+01 3.254211e-01
-0.82 1.250000e+01 3.254167e-01
-0.82 1.300000e+01 3.254029e-01
-0.82 1.350000e+01 3.253589e-01
-0.82 1.400000e+01 3.264668e-01

-0.81 7.000000e+00 3.231920e-01
-0.81 7.500000e+00 3.219600e-01
-0.81 8.000000e+00 3.219600e-01
-0.81 8.500000e+00 3.219600e-01
-0.81 9.000000e+00 3.219600e-01
-0.81 9.500000e+00 3.219600e-01
-0.81 1.000000e+01 3.219600e-01
-0.81 1.050000e+01 3.219599e-01
-0.81 1.100000e+01 3.219597e-01
-0.81 1.150000e+01 3.219591e-01
-0.81 1.200000e+01 3.219572e-01
-0.81 1.250000e+01 3.219510e-01
-0.81 1.300000e+01 3.219314e-01
-0.81 1.350000e+01 3.218694e-01
-0.81 1.400000e+01 3.229381e-01

-0.80 7.000000e+00 3.198920e-01
-0.80 7.500000e+00 3.185030e-01
-0.80 8.000000e+00 3.185030e-01
-0.80 8.500000e+00 3.185030e-01
-0.80 9.000000e+00 3.185030e-01
-0.80 9.500000e+00 3.185030e-01
-0.80 1.000000e+01 3.185030e-01
-0.80 1.050000e+01 3.185029e-01
-0.80 1.100000e+01 3.185026e-01
-0.80 1.150000e+01 3.185018e-01
-0.80 1.200000e+01 3.184990e-01
-0.80 1.250000e+01 3.184903e-01
-0.80 1.300000e+01 3.184627e-01
-0.80 1.350000e+01 3.183752e-01
-0.80 1.400000e+01 3.195394e-01

-0.79 7.000000e+00 3.150233e-01
-0.79 7.500000e+00 3.150523e-01
-0.79 8.000000e+00 3.150523e-01
-0.79 8.500000e+00 3.150523e-01
-0.79 9.000000e+00 3.150523e-01
-0.79 9.500000e+00 3.150522e-01
-0.79 1.000000e+01 3.150522e-01
-0.79 1.050000e+01 3.150521e-01
-0.79 1.100000e+01 3.150517e-01
-0.79 1.150000e+01 3.150505e-01
-0.79 1.200000e+01 3.150466e-01
-0.79 1.250000e+01 3.150343e-01
-0.79 1.300000e+01 3.149953e-01
-0.79 1.350000e+01 3.148719e-01
-0.79 1.400000e+01 3.144498e-01

-0.78 7.000000e+00 3.129572e-01
-0.78 7.500000e+00 3.116079e-01
-0.78 8.000000e+00 3.116079e-01
-0.78 8.500000e+00 3.116079e-01
-0.78 9.000000e+00 3.116079e-01
-0.78 9.500000e+00 3.116078e-01
-0.78 1.000000e+01 3.116078e-01
-0.78 1.050000e+01 3.116076e-01
-0.78 1.100000e+01 3.116071e-01
-0.78 1.150000e+01 3.116053e-01
-0.78 1.200000e+01 3.115998e-01
-0.78 1.250000e+01 3.115825e-01
-0.78 1.300000e+01 3.115275e-01
-0.78 1.350000e+01 3.113534e-01
-0.78 1.400000e+01 3.122519e-01

-0.77 7.000000e+00 3.092382e-01
-0.77 7.500000e+00 3.081700e-01
-0.77 8.000000e+00 3.081700e-01
-0.77 8.500000e+00 3.081700e-01
-0.77 9.000000e+00 3.081700e-01
-0.77 9.500000e+00 3.081699e-01
-0.77 1.000000e+01 3.081699e-01
-0.77 1.050000e+01 3.081696e-01
-0.77 1.100000e+01 3.081688e-01
-0.77 1.150000e+01 3.081664e-01
-0.77 1.200000e+01 3.081587e-01
-0.77 1.250000e+01 3.081342e-01
-0.77 1.300000e+01 3.080567e-01
-0.77 1.350000e+01 3.078109e-01
-0.77 1.400000e+01 3.082140e-01

-0.76 7.000000e+00 3.034717e-01
-0.76 7.500000e+00 3.047387e-01
-0.76 8.000000e+00 3.047387e-01
-0.76 8.500000e+00 3.047387e-01
-0.76 9.000000e+00 3.047387e-01
-0.76 9.500000e+00 3.047387e-01
-0.76 1.000000e+01 3.047386e-01
-0.76 1.050000e+01 3.047382e-01
-0.76 1.100000e+01 3.047371e-01
-0.76 1.150000e+01 3.047337e-01
-0.76 1.200000e+01 3.047228e-01
-0.76 1.250000e+01 3.046882e-01
-0.76 1.300000e+01 3.045789e-01
-0.76 1.350000e+01 3.042321e-01
-0.76 1.400000e+01 3.016400e-01

-0.75 7.000000e+00 3.026041e-01
-0.75 7.500000e+00 3.013142e-01
-0.75 8.000000e+00 3.013142e-01
-0.75 8.500000e+00 3.013142e-01
-0.75 9.000000e+00 3.013142e-01
-0.75 9.500000e+00 3.013142e-01
-0.75 1.000000e+01 3.013140e-01
-0.75 1.050000e+01 3.013135e-01
-0.75 1.100000e+01 3.013120e-01
-0.75 1.150000e+01 3.013071e-01
-0.75 1.200000e+01 3.012917e-01
-0.75 1.250000e+01 3.012430e-01
-0.75 1.300000e+01 3.010888e-01
-0.75 1.350000e+01 3.005991e-01
-0.75 1.400000e+01 3.006042e-01

-0.74 7.000000e+00 2.977245e-01
-0.74 7.500000e+00 2.978966e-01
-0.74 8.000000e+00 2.978966e-01
-0.74 8.500000e+00 2.978966e-01
-0.74 9.000000e+00 2.978966e-01
-0.74 9.500000e+00 2.978965e-01
-0.74 1.000000e+01 2.978963e-01
-0.74 1.050000e+01 2.978956e-01
-0.74 1.100000e+01 2.978935e-01
-0.74 1.150000e+01 2.978866e-01
-0.74 1.200000e+01 2.978649e-01
-0.74 1.250000e+01 2.977963e-01
-0.74 1.300000e+01 2.975786e-01
-0.74 1.350000e+01 2.968869e-01
-0.74 1.400000e+01 2.944403e-01

-0.73 7.000000e+00 2.957364e-01
-0.73 7.500000e+00 2.944861e-01
-0.73 8.000000e+00 2.944861e-01
-0.73 8.500000e+00 2.944861e-01
-0.73 9.000000e+00 2.944861e-01
-0.73 9.500000e+00 2.944860e-01
-0.73 1.000000e+01 2.944857e-01
-0.73 1.050000e+01 2.944847e-01
-0.73 1.100000e+01 2.944816e-01
-0.73 1.150000e+01 2.944720e-01
-0.73 1.200000e+01 2.944414e-01
-0.73 1.250000e+01 2.943445e-01
-0.73 1.300000e+01 2.940374e-01
-0.73 1.350000e+01 2.930598e-01
-0.73 1.400000e+01 2.917116e-01

-0.72 7.000000e+00 2.919972e-01
-0.72 7.500000e+00 2.910828e-01
-0.72 8.000000e+00 2.910828e-01
-0.72 8.500000e+00 2.910827e-01
-0.72 9.000000e+00 2.910827e-01
-0.72 9.500000e+00 2.910826e-01
-0.72 1.000000e+01 2.910821e-01
-0.72 1.050000e+01 2.910808e-01
-0.72 1.100000e+01 2.910765e-01
-0.72 1.150000e+01 2.910628e-01
-0.72 1.200000e+01 2.910197e-01
-0.72 1.250000e+01 2.908831e-01
-0.72 1.300000e+01 2.904496e-01
-0.72 1.350000e+01 2.890666e-01
-0.72 1.400000e+01 2.860830e-01

-0.71 7.000000e+00 2.883193e-01
-0.71 7.500000e+00 2.876868e-01
-0.71 8.000000e+00 2.876867e-01
-0.71 8.500000e+00 2.876867e-01
-0.71 9.000000e+00 2.876867e-01
-0.71 9.500000e+00 2.876865e-01
-0.71 1.000000e+01 2.876859e-01
-0.71 1.050000e+01 2.876840e-01
-0.71 1.100000e+01 2.876779e-01
-0.71 1.150000e+01 2.876587e-01
-0.71 1.200000e+01 2.875979e-01
-0.71 1.250000e+01 2.874052e-01
-0.71 1.300000e+01 2.867931e-01
-0.71 1.350000e+01 2.848341e-01
-0.71 1.400000e+01 2.796505e-01

-0.70 7.000000e+00 2.854893e-01
-0.70 7.500000e+00 2.842982e-01
-0.70 8.000000e+00 2.842982e-01
-0.70 8.500000e+00 2.842982e-01
-0.70 9.000000e+00 2.842981e-01
-0.70 9.500000e+00 2.842978e-01
-0.70 1.000000e+01 2.842970e-01
-0.70 1.050000e+01 2.842943e-01
-0.70 1.100000e+01 2.842857e-01
-0.70 1.150000e+01 2.842586e-01
-0.70 1.200000e+01 2.841729e-01
-0.70 1.250000e+01 2.839011e-01
-0.70 1.300000e+01 2.830365e-01
-0.70 1.350000e+01 2.802567e-01
-0.70 1.400000e+01 2.738194e-01

-0.69 7.000000e+00 2.806052e-01
-0.69 7.500000e+00 2.809173e-01
-0.69 8.000000e+00 2.809173e-01
-0.69 8.500000e+00 2.809173e-01
-0.69 9.000000e+00 2.809172e-01
-0.69 9.500000e+00 2.809168e-01
-0.69 1.000000e+01 2.809156e-01
-0.69 1.050000e+01 2.809118e-01
-0.69 1.100000e+01 2.808997e-01
-0.69 1.150000e+01 2.808615e-01
-0.69 1.200000e+01 2.807406e-01
-0.69 1.250000e+01 2.803571e-01
-0.69 1.300000e+01 2.791347e-01
-0.69 1.350000e+01 2.751811e-01
-0.69 1.400000e+01 2.609851e-01

-0.68 7.000000e+00 2.786960e-01
-0.68 7.500000e+00 2.775442e-01
-0.68 8.000000e+00 2.775442e-01
-0.68 8.500000e+00 2.775442e-01
-0.68 9.000000e+00 2.775440e-01
-0.68 9.500000e+00 2.775434e-01
-0.68 1.000000e+01 2.775417e-01
-0.68 1.050000e+01 2.775364e-01
-0.68 1.100000e+01 2.775194e-01
-0.68 1.150000e+01 2.774656e-01
-0.68 1.200000e+01 2.772951e-01
-0.68 1.250000e+01 2.767539e-01
-0.68 1.300000e+01 2.750237e-01
-0.68 1.350000e+01 2.693833e-01
-0.68 1.400000e+01 2.546203e-01

-0.67 7.000000e+00 2.749419e-01
-0.67 7.500000e+00 2.741791e-01
-0.67 8.000000e+00 2.741790e-01
-0.67 8.500000e+00 2.741790e-01
-0.67 9.000000e+00 2.741787e-01
-0.67 9.500000e+00 2.741780e-01
-0.67 1.000000e+01 2.741756e-01
-0.67 1.050000e+01 2.741680e-01
-0.67 1.100000e+01 2.741441e-01
-0.67 1.150000e+01 2.740682e-01
-0.67 1.200000e+01 2.738278e-01
-0.67 1.250000e+01 2.730636e-01
-0.67 1.300000e+01 2.706109e-01
-0.67 1.350000e+01 2.625347e-01
-0.67 1.400000e+01 2.390195e-01

-0.66 7.000000e+00 2.693014e-01
-0.66 7.500000e+00 2.708220e-01
-0.66 8.000000e+00 2.708220e-01
-0.66 8.500000e+00 2.708219e-01
-0.66 9.000000e+00 2.708215e-01
-0.66 9.500000e+00 2.708205e-01
-0.66 1.000000e+01 2.708171e-01
-0.66 1.050000e+01 2.708064e-01
-0.66 1.100000e+01 2.707727e-01
-0.66 1.150000e+01 2.706658e-01
-0.66 1.200000e+01 2.703267e-01
-0.66 1.250000e+01 2.692468e-01
-0.66 1.300000e+01 2.657629e-01
-0.66 1.350000e+01 2.541554e-01
-0.66 1.400000e+01 2.063270e-01

-0.65 7.000000e+00 2.685661e-01
-0.65 7.500000e+00 2.674732e-01
-0.65 8.000000e+00 2.674732e-01
-0.65 8.500000e+00 2.674730e-01
-0.65 9.000000e+00 2.674725e-01
-0.65 9.500000e+00 2.674710e-01
-0.65 1.000000e+01 2.674663e-01
-0.65 1.050000e+01 2.674513e-01
-0.65 1.100000e+01 2.674037e-01
-0.65 1.150000e+01 2.672530e-01
-0.65 1.200000e+01 2.667746e-01
-0.65 1.250000e+01 2.652474e-01
-0.65 1.300000e+01 2.602849e-01
-0.65 1.350000e+01 2.435697e-01
-0.65 1.400000e+01 2.013045e-01

-0.64 7.000000e+00 2.654906e-01
-0.64 7.500000e+00 2.641328e-01
-0.64 8.000000e+00 2.641328e-01
-0.64 8.500000e+00 2.641326e-01
-0.64 9.000000e+00 2.641319e-01
-0.64 9.500000e+00 2.641298e-01
-0.64 1.000000e+01 2.641231e-01
-0.64 1.050000e+01 2.641019e-01
-0.64 1.100000e+01 2.640349e-01
-0.64 1.150000e+01 2.638224e-01
-0.64 1.200000e+01 2.631473e-01
-0.64 1.250000e+01 2.609844e-01
-0.64 1.300000e+01 2.538918e-01
-0.64 1.350000e+01 2.299301e-01
-0.64 1.400000e+01 1.791220e-01

-0.63 7.000000e+00 2.618549e-01
-0.63 7.500000e+00 2.608011e-01
-0.63 8.000000e+00 2.608010e-01
-0.63 8.500000e+00 2.608007e-01
-0.63 9.000000e+00 2.607997e-01
-0.63 9.500000e+00 2.607968e-01
-0.63 1.000000e+01 2.607873e-01
-0.63 1.050000e+01 2.607575e-01
-0.63 1.100000e+01 2.606630e-01
-0.63 1.150000e+01 2.603635e-01
-0.63 1.200000e+01 2.594102e-01
-0.63 1.250000e+01 2.563414e-01
-0.63 1.300000e+01 2.461671e-01
-0.63 1.350000e+01 2.124972e-01
-0.63 1.400000e+01 1.519857e-01

-0.62 7.000000e+00 2.580918e-01
-0.62 7.500000e+00 2.574781e-01
-0.62 8.000000e+00 2.574779e-01
-0.62 8.500000e+00 2.574775e-01
-0.62 9.000000e+00 2.574762e-01
-0.62 9.500000e+00 2.574720e-01
-0.62 1.000000e+01 2.574587e-01
-0.62 1.050000e+01 2.574167e-01
-0.62 1.100000e+01 2.572836e-01
-0.62 1.150000e+01 2.568612e-01
-0.62 1.200000e+01 2.555138e-01
-0.62 1.250000e+01 2.511490e-01
-0.62 1.300000e+01 2.365154e-01
-0.62 1.350000e+01 1.913116e-01
-0.62 1.400000e+01 1.247759e-01

-0.61 7.000000e+00 2.542202e-01
-0.61 7.500000e+00 2.541640e-01
-0.61 8.000000e+00 2.541638e-01
-0.61 8.500000e+00 2.541632e-01
-0.61 9.000000e+00 2.541614e-01
-0.61 9.500000e+00 2.541555e-01
-0.61 1.000000e+01 2.541368e-01
-0.61 1.050000e+01 2.540776e-01
-0.61 1.100000e+01 2.538899e-01
-0.61 1.150000e+01 2.532941e-01
-0.61 1.200000e+01 2.513877e-01
-0.61 1.250000e+01 2.451604e-01
-0.61 1.300000e+01 2.241536e-01
-0.61 1.350000e+01 1.676468e-01
-0.61 1.400000e+01 9.900987e-02

-0.60 7.000000e+00 2.518547e-01
-0.60 7.500000e+00 2.508591e-01
-0.60 8.000000e+00 2.508588e-01
-0.60 8.500000e+00 2.508580e-01
-0.60 9.000000e+00 2.508554e-01
-0.60 9.500000e+00 2.508471e-01
-0.60 1.000000e+01 2.508207e-01
-0.60 1.050000e+01 2.507373e-01
-0.60 1.100000e+01 2.504729e-01
-0.60 1.150000e+01 2.496319e-01
-0.60 1.200000e+01 2.469300e-01
-0.60 1.250000e+01 2.380144e-01
-0.60 1.300000e+01 2.082792e-01
-0.60 1.350000e+01 1.433517e-01
-0.60 1.400000e+01 8.449587e-02

-0.59 7.000000e+00 2.469830e-01
-0.59 7.500000e+00 2.475635e-01
-0.59 8.000000e+00 2.475631e-01
-0.59 8.500000e+00 2.475619e-01
-0.59 9.000000e+00 2.475582e-01
-0.59 9.500000e+00 2.475465e-01
-0.59 1.000000e+01 2.475094e-01
-0.59 1.050000e+01 2.473919e-01
-0.59 1.100000e+01 2.470192e-01
-0.59 1.150000e+01 2.458314e-01
-0.59 1.200000e+01 2.419939e-01
-0.59 1.250000e+01 2.291907e-01
-0.59 1.300000e+01 1.886189e-01
-0.59 1.350000e+01 1.198961e-01
-0.59 1.400000e+01 5.795593e-02

-0.58 7.000000e+00 2.452343e-01
-0.58 7.500000e+00 2.442773e-01
-0.58 8.000000e+00 2.442768e-01
-0.58 8.500000e+00 2.442752e-01
-0.58 9.000000e+00 2.442700e-01
-0.58 9.500000e+00 2.442534e-01
-0.58 1.000000e+01 2.442012e-01
-0.58 1.050000e+01 2.440356e-01
-0.58 1.100000e+01 2.435101e-01
-0.58 1.150000e+01 2.418309e-01
-0.58 1.200000e+01 2.363652e-01
-0.58 1.250000e+01 2.179817e-01
-0.58 1.300000e+01 1.660629e-01
-0.58 1.350000e+01 9.815879e-02
-0.58 1.400000e+01 4.980884e-02

-0.57 7.000000e+00 2.414685e-01
-0.57 7.500000e+00 2.410009e-01
-0.57 8.000000e+00 2.410001e-01
-0.57 8.500000e+00 2.409978e-01
-0.57 9.000000e+00 2.409905e-01
-0.57 9.500000e+00 2.409672e-01
-0.57 1.000000e+01 2.408936e-01
-0.57 1.050000e+01 2.406604e-01
-0.57 1.100000e+01 2.399191e-01
-0.57 1.150000e+01 2.375418e-01
-0.57 1.200000e+01 2.297316e-01
-0.57 1.250000e+01 2.035803e-01
-0.57 1.300000e+01 1.423854e-01
-0.57 1.350000e+01 7.823663e-02
-0.57 1.400000e+01 3.502419e-02

-0.56 7.000000e+00 2.386528e-01
-0.56 7.500000e+00 2.377342e-01
-0.56 8.000000e+00 2.377332e-01
-0.56 8.500000e+00 2.377299e-01
-0.56 9.000000e+00 2.377196e-01
-0.56 9.500000e+00 2.376869e-01
-0.56 1.000000e+01 2.375833e-01
-0.56 1.050000e+01 2.372547e-01
-0.56 1.100000e+01 2.362084e-01
-0.56 1.150000e+01 2.328362e-01
-0.56 1.200000e+01 2.216406e-01
-0.56 1.250000e+01 1.854872e-01
-0.56 1.300000e+01 1.192309e-01
-0.56 1.350000e+01 6.047071e-02
-0.56 1.400000e+01 2.638591e-02

-0.55 7.000000e+00 2.359819e-01
-0.55 7.500000e+00 2.344777e-01
-0.55 8.000000e+00 2.344762e-01
-0.55 8.500000e+00 2.344716e-01
-0.55 9.000000e+00 2.344571e-01
-0.55 9.500000e+00 2.344110e-01
-0.55 1.000000e+01 2.342651e-01
-0.55 1.050000e+01 2.338020e-01
-0.55 1.100000e+01 2.323240e-01
-0.55 1.150000e+01 2.275289e-01
-0.55 1.200000e+01 2.114630e-01
-0.55 1.250000e+01 1.641932e-01
-0.55 1.300000e+01 9.764416e-02
-0.55 1.350000e+01 4.539553e-02
-0.55 1.400000e+01 1.991667e-02

-0.54 7.000000e+00 2.320013e-01
-0.54 7.500000e+00 2.312313e-01
-0.54 8.000000e+00 2.312292e-01
-0.54 8.500000e+00 2.312228e-01
-0.54 9.000000e+00 2.312023e-01
-0.54 9.500000e+00 2.311374e-01
-0.54 1.000000e+01 2.309319e-01
-0.54 1.050000e+01 2.302791e-01
-0.54 1.100000e+01 2.281887e-01
-0.54 1.150000e+01 2.213496e-01
-0.54 1.200000e+01 1.984266e-01
-0.54 1.250000e+01 1.412775e-01
-0.54 1.300000e+01 7.780226e-02
-0.54 1.350000e+01 3.321826e-02
-0.54 1.400000e+01 1.286821e-02

-0.53 7.000000e+00 2.288570e-01
-0.53 7.500000e+00 2.279953e-01
-0.53 8.000000e+00 2.279924e-01
-0.53 8.500000e+00 2.279833e-01
-0.53 9.000000e+00 2.279545e-01
-0.53 9.500000e+00 2.278632e-01
-0.53 1.000000e+01 2.275738e-01
-0.53 1.050000e+01 2.266530e-01
-0.53 1.100000e+01 2.236916e-01
-0.53 1.150000e+01 2.139066e-01
-0.53 1.200000e+01 1.818931e-01
-0.53 1.250000e+01 1.185062e-01
-0.53 1.300000e+01 6.010599e-02
-0.53 1.350000e+01 2.380775e-02
-0.53 1.400000e+01 9.012700e-03

-0.52 7.000000e+00 2.250959e-01
-0.52 7.500000e+00 2.247699e-01
-0.52 8.000000e+00 2.247658e-01
-0.52 8.500000e+00 2.247530e-01
-0.52 9.000000e+00 2.247124e-01
-0.52 9.500000e+00 2.245839e-01
-0.52 1.000000e+01 2.241763e-01
-0.52 1.050000e+01 2.228765e-01
-0.52 1.100000e+01 2.186720e-01
-0.52 1.150000e+01 2.046469e-01
-0.52 1.200000e+01 1.619862e-01
-0.52 1.250000e+01 9.710608e-02
-0.52 1.300000e+01 4.509873e-02
-0.52 1.350000e+01 1.679468e-02
-0.52 1.400000e+01 5.832423e-03

-0.51 7.000000e+00 2.223797e-01
-0.51 7.500000e+00 2.215552e-01
-0.51 8.000000e+00 2.215495e-01
-0.51 8.500000e+00 2.215315e-01
-0.51 9.000000e+00 2.214744e-01
-0.51 9.500000e+00 2.212935e-01
-0.51 1.000000e+01 2.207191e-01
-0.51 1.050000e+01 2.188826e-01
-0.51 1.100000e+01 2.128967e-01
-0.51 1.150000e+01 1.928561e-01
-0.51 1.200000e+01 1.399883e-01
-0.51 1.250000e+01 7.735930e-02
-0.51 1.300000e+01 3.298599e-02
-0.51 1.350000e+01 1.171110e-02
-0.51 1.400000e+01 4.239430e-03

-0.50 7.000000e+00 2.196983e-01
-0.50 7.500000e+00 2.183513e-01
-0.50 8.000000e+00 2.183433e-01
-0.50 8.500000e+00 2.183179e-01
-0.50 9.000000e+00 2.182376e-01
-0.50 9.500000e+00 2.179830e-01
-0.50 1.000000e+01 2.171733e-01
-0.50 1.050000e+01 2.145747e-01
-0.50 1.100000e+01 2.060273e-01
-0.50 1.150000e+01 1.778312e-01
-0.50 1.200000e+01 1.177016e-01
-0.50 1.250000e+01 5.973880e-02
-0.50 1.300000e+01 2.363253e-02
-0.50 1.350000e+01 8.099544e-03
-0.50 1.400000e+01 3.084893e-03

-0.49 7.000000e+00 2.143323e-01
-0.49 7.500000e+00 2.151584e-01
-0.49 8.000000e+00 2.151471e-01
-0.49 8.500000e+00 2.151114e-01
-0.49 9.000000e+00 2.149984e-01
-0.49 9.500000e+00 2.146399e-01
-0.49 1.000000e+01 2.134980e-01
-0.49 1.050000e+01 2.098138e-01
-0.49 1.100000e+01 1.975815e-01
-0.49 1.150000e+01 1.593962e-01
-0.49 1.200000e+01 9.653575e-02
-0.49 1.250000e+01 4.480185e-02
-0.49 1.300000e+01 1.666640e-02
-0.49 1.350000e+01 5.569852e-03
-0.49 1.400000e+01 1.621446e-03

-0.48 7.000000e+00 2.127476e-01
-0.48 7.500000e+00 2.119765e-01
-0.48 8.000000e+00 2.119606e-01
-0.48 8.500000e+00 2.119104e-01
-0.48 9.000000e+00 2.117514e-01
-0.48 9.500000e+00 2.112466e-01
-0.48 1.000000e+01 2.096346e-01
-0.48 1.050000e+01 2.043987e-01
-0.48 1.100000e+01 1.869146e-01
-0.48 1.150000e+01 1.384726e-01
-0.48 1.200000e+01 7.690416e-02
-0.48 1.250000e+01 3.275446e-02
-0.48 1.300000e+01 1.161929e-02
-0.48 1.350000e+01 3.815209e-03
-0.48 1.400000e+01 1.338964e-03

-0.47 7.000000e+00 2.102614e-01
-0.47 7.500000e+00 2.088056e-01
-0.47 8.000000e+00 2.087833e-01
-0.47 8.500000e+00 2.087127e-01
-0.47 9.000000e+00 2.084889e-01
-0.47 9.500000e+00 2.077778e-01
-0.47 1.000000e+01 2.054994e-01
-0.47 1.050000e+01 1.980376e-01
-0.47 1.100000e+01 1.733142e-01
-0.47 1.150000e+01 1.167913e-01
-0.47 1.200000e+01 5.936772e-02
-0.47 1.250000e+01 2.345821e-02
-0.47 1.300000e+01 8.034897e-03
-0.47 1.350000e+01 2.606293e-03
-0.47 1.400000e+01 9.904710e-04

-0.46 7.000000e+00 2.063842e-01
-0.46 7.500000e+00 2.056456e-01
-0.46 8.000000e+00 2.056142e-01
-0.46 8.500000e+00 2.055149e-01
-0.46 9.000000e+00 2.052000e-01
-0.46 9.500000e+00 2.041978e-01
-0.46 1.000000e+01 2.009722e-01
-0.46 1.050000e+01 1.903126e-01
-0.46 1.100000e+01 1.563879e-01
-0.46 1.150000e+01 9.592144e-02
-0.46 1.200000e+01 4.450436e-02
-0.46 1.250000e+01 1.653894e-02
-0.46 1.300000e+01 5.524845e-03
-0.46 1.350000e+01 1.777173e-03
-0.46 1.400000e+01 6.173902e-04

-0.45 7.000000e+00 2.036981e-01
-0.45 7.500000e+00 2.024962e-01
-0.45 8.000000e+00 2.024521e-01
-0.45 8.500000e+00 2.023124e-01
-0.45 9.000000e+00 2.018693e-01
-0.45 9.500000e+00 2.004559e-01
-0.45 1.000000e+01 1.958794e-01
-0.45 1.050000e+01 1.806514e-01
-0.45 1.100000e+01 1.366821e-01
-0.45 1.150000e+01 7.643192e-02
-0.45 1.200000e+01 3.252348e-02
-0.45 1.250000e+01 1.152813e-02
-0.45 1.300000e+01 3.784121e-03
-0.45 1.350000e+01 1.210298e-03
-0.45 1.400000e+01 4.442336e-04

-0.44 7.000000e+00 1.995886e-01
-0.44 7.500000e+00 1.993570e-01
-0.44 8.000000e+00 1.992950e-01
-0.44 8.500000e+00 1.990986e-01
-0.44 9.000000e+00 1.984748e-01
-0.44 9.500000e+00 1.964793e-01
-0.44 1.000000e+01 1.899698e-01
-0.44 1.050000e+01 1.683703e-01
-0.44 1.100000e+01 1.157436e-01
-0.44 1.150000e+01 5.899079e-02
-0.44 1.200000e+01 2.328473e-02
-0.44 1.250000e+01 7.970736e-03
-0.44 1.300000e+01 2.584934e-03
-0.44 1.350000e+01 8.235403e-04
-0.44 1.400000e+01 2.678167e-04

-0.43 7.000000e+00 1.969284e-01
-0.43 7.500000e+00 1.962273e-01
-0.43 8.000000e+00 1.961402e-01
-0.43 8.500000e+00 1.958640e-01
-0.43 9.000000e+00 1.949855e-01
-0.43 9.500000e+00 1.921641e-01
-0.43 1.000000e+01 1.828828e-01
-0.43 1.050000e+01 1.529422e-01
-0.43 1.100000e+01 9.524766e-02
-0.43 1.150000e+01 4.420548e-02
-0.43 1.200000e+01 1.641226e-02
-0.43 1.250000e+01 5.480189e-03
-0.43 1.300000e+01 1.762552e-03
-0.43 1.350000e+01 5.600487e-04
-0.43 1.400000e+01 1.927113e-04

-0.42 7.000000e+00 1.931969e-01
-0.42 7.500000e+00 1.931060e-01
-0.42 8.000000e+00 1.929836e-01
-0.42 8.500000e+00 1.925951e-01
-0.42 9.000000e+00 1.913572e-01
-0.42 9.500000e+00 1.873607e-01
-0.42 1.000000e+01 1.741168e-01
-0.42 1.050000e+01 1.345695e-01
-0.42 1.100000e+01 7.593594e-02
-0.42 1.150000e+01 3.229275e-02
-0.42 1.200000e+01 1.143761e-02
-0.42 1.250000e+01 3.753281e-03
-0.42 1.300000e+01 1.200315e-03
-0.42 1.350000e+01 3.807112e-04
-0.42 1.400000e+01 1.212222e-04

-0.41 7.000000e+00 1.906835e-01
-0.41 7.500000e+00 1.899916e-01
-0.41 8.000000e+00 1.898194e-01
-0.41 8.500000e+00 1.892729e-01
-0.41 9.000000e+00 1.875272e-01
-0.41 9.500000e+00 1.818532e-01
-0.41 1.000000e+01 1.630391e-01
-0.41 1.050000e+01 1.145208e-01
-0.41 1.100000e+01 5.860534e-02
-0.41 1.150000e+01 2.311198e-02
-0.41 1.200000e+01 7.907053e-03
-0.41 1.250000e+01 2.563748e-03
-0.41 1.300000e+01 8.167350e-04
-0.41 1.350000e+01 2.587315e-04
-0.41 1.400000e+01 8.860198e-05

-0.40 7.000000e+00 1.879947e-01
-0.40 7.500000e+00 1.868815e-01
-0.40 8.000000e+00 1.866395e-01
-0.40 8.500000e+00 1.858705e-01
-0.40 9.000000e+00 1.834054e-01
-0.40 9.500000e+00 1.753315e-01
-0.40 1.000000e+01 1.490573e-01
-0.40 1.050000e+01 9.449432e-02
-0.40 1.100000e+01 4.390420e-02
-0.40 1.150000e+01 1.628633e-02
-0.40 1.200000e+01 5.435880e-03
-0.40 1.250000e+01 1.748051e-03
-0.40 1.300000e+01 5.554151e-04
-0.40 1.350000e+01 1.758020e-04
-0.40 1.400000e+01 6.329339e-05

-0.39 7.000000e+00 1.828211e-01
-0.39 7.500000e+00 1.837723e-01
-0.39 8.000000e+00 1.834322e-01
-0.39 8.500000e+00 1.823496e-01
-0.39 9.000000e+00 1.788631e-01
-0.39 9.500000e+00 1.673597e-01
-0.39 1.000000e+01 1.320934e-01
-0.39 1.050000e+01 7.540728e-02
-0.39 1.100000e+01 3.206189e-02
-0.39 1.150000e+01 1.134770e-02
-0.39 1.200000e+01 3.722685e-03
-0.39 1.250000e+01 1.190413e-03
-0.39 1.300000e+01 3.775587e-04
-0.39 1.350000e+01 1.194386e-04
-0.39 1.400000e+01 3.304294e-05

-0.38 7.000000e+00 1.813954e-01
-0.38 7.500000e+00 1.806591e-01
-0.38 8.000000e+00 1.801811e-01
-0.38 8.500000e+00 1.786558e-01
-0.38 9.000000e+00 1.737150e-01
-0.38 9.500000e+00 1.573675e-01
-0.38 1.000000e+01 1.130805e-01
-0.38 1.050000e+01 5.820772e-02
-0.38 1.100000e+01 2.293979e-02
-0.38 1.150000e+01 7.843840e-03
-0.38 1.200000e+01 2.542732e-03
-0.38 1.250000e+01 8.099857e-04
-0.38 1.300000e+01 2.565878e-04
-0.38 1.350000e+01 8.113896e-05
-0.38 1.400000e+01 2.760933e-05

-0.37 7.000000e+00 1.786286e-01
-0.37 7.500000e+00 1.775348e-01
-0.37 8.000000e+00 1.768626e-01
-0.37 8.500000e+00 1.747115e-01
-0.37 9.000000e+00 1.676950e-01
-0.37 9.500000e+00 1.447494e-01
-0.37 1.000000e+01 9.363596e-02
-0.37 1.050000e+01 4.359909e-02
-0.37 1.100000e+01 1.616108e-02
-0.37 1.150000e+01 5.391912e-03
-0.37 1.200000e+01 1.733667e-03
-0.37 1.250000e+01 5.508197e-04
-0.37 1.300000e+01 1.743449e-04
-0.37 1.350000e+01 5.511746e-05
-0.37 1.400000e+01 1.947176e-05

-0.36 7.000000e+00 1.752400e-01
-0.36 7.500000e+00 1.743893e-01
-0.36 8.000000e+00 1.734438e-01
-0.36 8.500000e+00 1.704060e-01
-0.36 9.000000e+00 1.604269e-01
-0.36 9.500000e+00 1.292240e-01
-0.36 1.000000e+01 7.483402e-02
-0.36 1.050000e+01 3.183035e-02
-0.36 1.100000e+01 1.125839e-02
-0.36 1.150000e+01 3.692332e-03
-0.36 1.200000e+01 1.180593e-03
-0.36 1.250000e+01 3.744323e-04
-0.36 1.300000e+01 1.184485e-04
-0.36 1.350000e+01 3.743969e-05
-0.36 1.400000e+01 1.268856e-05

-0.35 7.000000e+00 1.725265e-01
-0.35 7.500000e+00 1.712084e-01
-0.35 8.000000e+00 1.698777e-01
-0.35 8.500000e+00 1.655803e-01
-0.35 9.000000e+00 1.514060e-01
-0.35 9.500000e+00 1.113781e-01
-0.35 1.000000e+01 5.779296e-02
-0.35 1.050000e+01 2.276798e-02
-0.35 1.100000e+01 7.781087e-03
-0.35 1.150000e+01 2.521886e-03
-0.35 1.200000e+01 8.032919e-04
-0.35 1.250000e+01 2.544620e-04
-0.35 1.300000e+01 8.046617e-05
-0.35 1.350000e+01 2.543102e-05
-0.35 1.400000e+01 9.004219e-06

-0.34 7.000000e+00 1.682457e-01
-0.34 7.500000e+00 1.679717e-01
-0.34 8.000000e+00 1.660974e-01
-0.34 8.500000e+00 1.600067e-01
-0.34 9.000000e+00 1.400492e-01
-0.34 9.500000e+00 9.264136e-02
-0.34 1.000000e+01 4.328819e-02
-0.34 1.050000e+01 1.603644e-02
-0.34 1.100000e+01 5.348282e-03
-0.34 1.150000e+01 1.719401e-03
-0.34 1.200000e+01 5.462622e-04
-0.34 1.250000e+01 1.728999e-04
-0.34 1.300000e+01 5.466038e-05
-0.34 1.350000e+01 1.727379e-05
-0.34 1.400000e+01 5.247681e-06

-0.33 7.000000e+00 1.659881e-01
-0.33 7.500000e+00 1.646509e-01
-0.33 8.000000e+00 1.620077e-01
-0.33 8.500000e+00 1.533622e-01
-0.33 9.000000e+00 1.259473e-01
-0.33 9.500000e+00 7.420056e-02
-0.33 1.000000e+01 3.159739e-02
-0.33 1.050000e+01 1.116964e-02
-0.33 1.100000e+01 3.662219e-03
-0.33 1.150000e+01 1.170853e-03
-0.33 1.200000e+01 3.713318e-04
-0.33 1.250000e+01 1.174665e-04
-0.33 1.300000e+01 3.712918e-05
-0.33 1.350000e+01 1.173292e-05
-0.33 1.400000e+01 3.952933e-06

-0.32 7.000000e+00 1.621538e-01
-0.32 7.500000e+00 1.612053e-01
-0.32 8.000000e+00 1.574725e-01
-0.32 8.500000e+00 1.452059e-01
-0.32 9.000000e+00 1.093712e-01
-0.32 9.500000e+00 5.735438e-02
-0.32 1.000000e+01 2.259625e-02
-0.32 1.050000e+01 7.718781e-03
-0.32 1.100000e+01 2.501208e-03
-0.32 1.150000e+01 7.966532e-04
-0.32 1.200000e+01 2.523537e-04
-0.32 1.250000e+01 7.979895e-05
-0.32 1.300000e+01 2.522010e-05
-0.32 1.350000e+01 7.969316e-06
-0.32 1.400000e+01 2.453455e-06

-0.31 7.000000e+00 1.597037e-01
-0.31 7.500000e+00 1.575775e-01
-0.31 8.000000e+00 1.522973e-01
-0.31 8.500000e+00 1.349984e-01
-0.31 9.000000e+00 9.147368e-02
-0.31 9.500000e+00 4.296884e-02
-0.31 1.000000e+01 1.591229e-02
-0.31 1.050000e+01 5.304983e-03
-0.31 1.100000e+01 1.705250e-03
-0.31 1.150000e+01 5.417424e-04
-0.31 1.200000e+01 1.714669e-04
-0.31 1.250000e+01 5.420709e-05
-0.31 1.300000e+01 1.713051e-05
-0.31 1.350000e+01 5.412945e-06
-0.31 1.400000e+01 1.816562e-06

-0.30 7.000000e+00 1.568036e-01
-0.30 7.500000e+00 1.536858e-01
-0.30 8.000000e+00 1.462060e-01
-0.30 8.500000e+00 1.222667e-01
-0.30 9.000000e+00 7.348684e-02
-0.30 9.500000e+00 3.136198e-02
-0.30 1.000000e+01 1.108141e-02
-0.30 1.050000e+01 3.632343e-03
-0.30 1.100000e+01 1.161193e-03
-0.30 1.150000e+01 3.682568e-04
-0.30 1.200000e+01 1.164926e-04
-0.30 1.250000e+01 3.682125e-05
-0.30 1.300000e+01 1.163560e-05
-0.30 1.350000e+01 3.676584e-06
-0.30 1.400000e+01 1.280678e-06

-0.29 7.000000e+00 1.511800e-01
-0.29 7.500000e+00 1.494138e-01
-0.29 8.000000e+00 1.388172e-01
-0.29 8.500000e+00 1.070245e-01
-0.29 9.000000e+00 5.688302e-02
-0.29 9.500000e+00 2.242423e-02
-0.29 1.000000e+01 7.656906e-03
-0.29 1.050000e+01 2.480695e-03
-0.29 1.100000e+01 7.900691e-04
-0.29 1.150000e+01 2.502629e-04
-0.29 1.200000e+01 7.913727e-05
-0.29 1.250000e+01 2.501092e-05
-0.29 1.300000e+01 7.903214e-06
-0.29 1.350000e+01 2.497205e-06
-0.29 1.400000e+01 6.684989e-07

-0.28 7.000000e+00 1.496682e-01
-0.28 7.500000e+00 1.445956e-01
-0.28 8.000000e+00 1.296458e-01
-0.28 8.500000e+00 9.009187e-02
-0.28 9.000000e+00 4.263739e-02
-0.28 9.500000e+00 1.578851e-02
-0.28 1.000000e+01 5.262008e-03
-0.28 1.050000e+01 1.691215e-03
-0.28 1.100000e+01 5.372598e-04
-0.28 1.150000e+01 1.700457e-04
-0.28 1.200000e+01 5.375756e-05
-0.28 1.250000e+01 1.698843e-05
-0.28 1.300000e+01 5.368046e-06
-0.28 1.350000e+01 1.696146e-06
-0.28 1.400000e+01 5.659033e-07

-0.27 7.000000e+00 1.459120e-01
-0.27 7.500000e+00 1.389960e-01
-0.27 8.000000e+00 1.182024e-01
-0.27 8.500000e+00 7.266773e-02
-0.27 9.000000e+00 3.112272e-02
-0.27 9.500000e+00 1.099366e-02
-0.27 1.000000e+01 3.602700e-03
-0.27 1.050000e+01 1.151611e-03
-0.27 1.100000e+01 3.652073e-04
-0.27 1.150000e+01 1.155268e-04
-0.27 1.200000e+01 3.651587e-05
-0.27 1.250000e+01 1.153909e-05
-0.27 1.300000e+01 3.646087e-06
-0.27 1.350000e+01 1.152051e-06
-0.27 1.400000e+01 3.811046e-07

-0.26 7.000000e+00 1.419748e-01
-0.26 7.500000e+00 1.322877e-01
-0.26 8.000000e+00 1.043147e-01
-0.26 8.500000e+00 5.636704e-02
-0.26 9.000000e+00 2.225139e-02
-0.26 9.500000e+00 7.595441e-03
-0.26 1.000000e+01 2.460347e-03
-0.26 1.050000e+01 7.835391e-04
-0.26 1.100000e+01 2.481893e-04
-0.26 1.150000e+01 7.848107e-05
-0.26 1.200000e+01 2.480348e-05
-0.26 1.250000e+01 7.837660e-06
-0.26 1.300000e+01 2.476491e-06
-0.26 1.350000e+01 7.824918e-07
-0.26 1.400000e+01 2.600574e-07

-0.25 7.000000e+00 1.379204e-01
-0.25 7.500000e+00 1.240430e-01
-0.25 8.000000e+00 8.845329e-02
-0.25 8.500000e+00 4.228896e-02
-0.25 9.000000e+00 1.566489e-02
-0.25 9.500000e+00 5.219348e-03
-0.25 1.000000e+01 1.677293e-03
-0.25 1.050000e+01 5.328142e-04
-0.25 1.100000e+01 1.686363e-04
-0.25 1.150000e+01 5.331176e-05
-0.25 1.200000e+01 1.684752e-05
-0.25 1.250000e+01 5.323519e-06
-0.25 1.300000e+01 1.682077e-06
-0.25 1.350000e+01 5.314809e-07
-0.25 1.400000e+01 1.821464e-07

-0.24 7.000000e+00 1.302186e-01
-0.24 7.500000e+00 1.137886e-01
-0.24 8.000000e+00 7.171292e-02
-0.24 8.500000e+00 3.087771e-02
-0.24 9.000000e+00 1.090630e-02
-0.24 9.500000e+00 3.573287e-03
-0.24 1.000000e+01 1.142109e-03
-0.24 1.050000e+01 3.621830e-04
-0.24 1.100000e+01 1.145691e-04
-0.24 1.150000e+01 3.621302e-05
-0.24 1.200000e+01 1.144338e-05
-0.24 1.250000e+01 3.615844e-06
-0.24 1.300000e+01 1.142495e-06
-0.24 1.350000e+01 3.609902e-07
-0.24 1.400000e+01 1.027018e-07

-0.23 7.000000e+00 1.264272e-01
-0.23 7.500000e+00 1.012344e-01
-0.23 8.000000e+00 5.579110e-02
-0.23 8.500000e+00 2.207701e-02
-0.23 9.000000e+00 7.534358e-03
-0.23 9.500000e+00 2.440161e-03
-0.23 1.000000e+01 7.770629e-04
-0.23 1.050000e+01 2.461330e-04
-0.23 1.100000e+01 7.783031e-05
-0.23 1.150000e+01 2.459776e-05
-0.23 1.200000e+01 7.772649e-06
-0.23 1.250000e+01 2.455949e-06
-0.23 1.300000e+01 7.760011e-07
-0.23 1.350000e+01 2.451902e-07
-0.23 1.400000e+01 8.101384e-08

-0.22 7.000000e+00 1.169784e-01
-0.22 7.500000e+00 8.651786e-02
-0.22 8.000000e+00 4.191693e-02
-0.22 8.500000e+00 1.554116e-02
-0.22 9.000000e+00 5.176992e-03
-0.22 9.500000e+00 1.663485e-03
-0.22 1.000000e+01 5.284053e-04
-0.22 1.050000e+01 1.672385e-04
-0.22 1.100000e+01 5.286965e-05
-0.22 1.150000e+01 1.670778e-05
-0.22 1.200000e+01 5.279362e-06
-0.22 1.250000e+01 1.668124e-06
-0.22 1.300000e+01 5.270724e-07
-0.22 1.350000e+01 1.665369e-07
-0.22 1.400000e+01 4.962948e-08

-0.21 7.000000e+00 1.101331e-01
-0.21 7.500000e+00 7.058748e-02
-0.21 8.000000e+00 3.062433e-02
-0.21 8.500000e+00 1.081923e-02
-0.21 9.000000e+00 3.544097e-03
-0.21 9.500000e+00 1.132684e-03
-0.21 1.000000e+01 3.591837e-04
-0.21 1.050000e+01 1.136192e-04
-0.21 1.100000e+01 3.591269e-05
-0.21 1.150000e+01 1.134846e-05
-0.21 1.200000e+01 3.585851e-06
-0.21 1.250000e+01 1.133018e-06
-0.21 1.300000e+01 3.579958e-07
-0.21 1.350000e+01 1.131144e-07
-0.21 1.400000e+01 3.722937e-08

-0.20 7.000000e+00 1.018600e-01
-0.20 7.500000e+00 5.513576e-02
-0.20 8.000000e+00 2.190011e-02
-0.20 8.500000e+00 7.473618e-03
-0.20 9.000000e+00 2.420134e-03
-0.20 9.500000e+00 7.706398e-04
-0.20 1.000000e+01 2.440936e-04
-0.20 1.050000e+01 7.718494e-05
-0.20 1.100000e+01 2.439375e-05
-0.20 1.150000e+01 7.708178e-06
-0.20 1.200000e+01 2.435577e-06
-0.20 1.250000e+01 7.695643e-07
-0.20 1.300000e+01 2.431563e-07
-0.20 1.350000e+01 7.682906e-08
-0.20 1.400000e+01 2.767654e-08

-0.19 7.000000e+00 8.562985e-02
-0.19 7.500000e+00 4.151260e-02
-0.19 8.000000e+00 1.541697e-02
-0.19 8.500000e+00 5.134925e-03
-0.19 9.000000e+00 1.649787e-03
-0.19 9.500000e+00 5.240327e-04
-0.19 1.000000e+01 1.658523e-04
-0.19 1.050000e+01 5.243120e-05
-0.19 1.100000e+01 1.656920e-05
-0.19 1.150000e+01 5.235571e-06
-0.19 1.200000e+01 1.654287e-06
-0.19 1.250000e+01 5.227003e-07
-0.19 1.300000e+01 1.651555e-07
-0.19 1.350000e+01 5.218347e-08
-0.19 1.400000e+01 1.710851e-08

-0.18 7.000000e+00 7.665445e-02
-0.18 7.500000e+00 3.035907e-02
-0.18 8.000000e+00 1.073233e-02
-0.18 8.500000e+00 3.515126e-03
-0.18 9.000000e+00 1.123335e-03
-0.18 9.500000e+00 3.562092e-04
-0.18 1.000000e+01 1.126772e-04
-0.18 1.050000e+01 3.561485e-05
-0.18 1.100000e+01 1.125433e-05
-0.18 1.150000e+01 3.556107e-06
-0.18 1.200000e+01 1.123620e-06
-0.18 1.250000e+01 3.550263e-07
-0.18 1.300000e+01 1.121762e-07
-0.18 1.350000e+01 3.544381e-08
-0.18 1.400000e+01 1.352255e-08

-0.17 7.000000e+00 5.365295e-02
-0.17 7.500000e+00 2.171933e-02
-0.17 8.000000e+00 7.413173e-03
-0.17 8.500000e+00 2.400264e-03
-0.17 9.000000e+00 7.642694e-04
-0.17 9.500000e+00 2.420711e-04
-0.17 1.000000e+01 7.654492e-05
-0.17 1.050000e+01 2.419142e-05
-0.17 1.100000e+01 7.644241e-06
-0.17 1.150000e+01 2.415375e-06
-0.17 1.200000e+01 7.631808e-07
-0.17 1.250000e+01 2.411394e-07
-0.17 1.300000e+01 7.619177e-08
-0.17 1.350000e+01 2.407397e-08
-0.17 1.400000e+01 7.458395e-09

-0.16 7.000000e+00 4.205437e-02
-0.16 7.500000e+00 1.529180e-02
-0.16 8.000000e+00 5.093129e-03
-0.16 8.500000e+00 1.636199e-03
-0.16 9.000000e+00 5.196961e-04
-0.16 9.500000e+00 1.644776e-04
-0.16 1.000000e+01 5.199639e-05
-0.16 1.050000e+01 1.643177e-05
-0.16 1.100000e+01 5.192144e-06
-0.16 1.150000e+01 1.640565e-06
-0.16 1.200000e+01 5.183646e-07
-0.16 1.250000e+01 1.637856e-07
-0.16 1.300000e+01 5.175061e-08
-0.16 1.350000e+01 1.635141e-08
-0.16 1.400000e+01 5.329687e-09

-0.15 7.000000e+00 3.132515e-02
-0.15 7.500000e+00 1.064541e-02
-0.15 8.000000e+00 3.486365e-03
-0.15 8.500000e+00 1.114063e-03
-0.15 9.000000e+00 3.532592e-04
-0.15 9.500000e+00 1.117431e-04
-0.15 1.000000e+01 3.531947e-05
-0.15 1.050000e+01 1.116098e-05
-0.15 1.100000e+01 3.526610e-06
-0.15 1.150000e+01 1.114299e-06
-0.15 1.200000e+01 3.520814e-07
-0.15 1.250000e+01 1.112457e-07
-0.15 1.300000e+01 3.514980e-08
-0.15 1.350000e+01 1.110612e-08
-0.15 1.400000e+01 3.684493e-09

-0.14 7.000000e+00 2.205837e-02
-0.14 7.500000e+00 7.352954e-03
-0.14 8.000000e+00 2.380547e-03
-0.14 8.500000e+00 7.579513e-04
-0.14 9.000000e+00 2.400653e-04
-0.14 9.500000e+00 7.591021e-05
-0.14 1.000000e+01 2.399078e-05
-0.14 1.050000e+01 7.580835e-06
-0.14 1.100000e+01 2.395340e-06
-0.14 1.150000e+01 7.568503e-07
-0.14 1.200000e+01 2.391391e-07
-0.14 1.250000e+01 7.555976e-08
-0.14 1.300000e+01 2.387428e-08
-0.14 1.350000e+01 7.543448e-09
-0.14 1.400000e+01 2.449222e-09

-0.13 7.000000e+00 1.775757e-02
-0.13 7.500000e+00 5.051577e-03
-0.13 8.000000e+00 1.622720e-03
-0.13 8.500000e+00 5.153953e-04
-0.13 9.000000e+00 1.631143e-04
-0.13 9.500000e+00 5.156519e-05
-0.13 1.000000e+01 1.629548e-05
-0.13 1.050000e+01 5.149076e-06
-0.13 1.100000e+01 1.626957e-06
-0.13 1.150000e+01 5.140648e-07
-0.13 1.200000e+01 1.624270e-07
-0.13 1.250000e+01 5.132134e-08
-0.13 1.300000e+01 1.621577e-08
-0.13 1.350000e+01 5.123625e-09
-0.13 1.400000e+01 1.923256e-09

-0.12 7.000000e+00 9.683734e-03
-0.12 7.500000e+00 3.457805e-03
-0.12 8.000000e+00 1.104866e-03
-0.12 8.500000e+00 3.503336e-04
-0.12 9.000000e+00 1.108166e-04
-0.12 9.500000e+00 3.502655e-05
-0.12 1.000000e+01 1.106841e-05
-0.12 1.050000e+01 3.497357e-06
-0.12 1.100000e+01 1.105056e-06
-0.12 1.150000e+01 3.491609e-07
-0.12 1.200000e+01 1.103229e-07
-0.12 1.250000e+01 3.485824e-08
-0.12 1.300000e+01 1.101400e-08
-0.12 1.350000e+01 3.480044e-09
-0.12 1.400000e+01 1.003914e-09

-0.11 7.000000e+00 7.444757e-03
-0.11 7.500000e+00 2.360979e-03
-0.11 8.000000e+00 7.516849e-04
-0.11 8.500000e+00 2.380762e-04
-0.11 9.000000e+00 7.528076e-05
-0.11 9.500000e+00 2.379180e-05
-0.11 1.000000e+01 7.517954e-06
-0.11 1.050000e+01 2.375471e-06
-0.11 1.100000e+01 7.505723e-07
-0.11 1.150000e+01 2.371555e-07
-0.11 1.200000e+01 7.493300e-08
-0.11 1.250000e+01 2.367624e-08
-0.11 1.300000e+01 7.480876e-09
-0.11 1.350000e+01 2.363698e-09
-0.11 1.400000e+01 7.629880e-10

-0.10 7.000000e+00 5.340988e-03
-0.10 7.500000e+00 1.609347e-03
-0.10 8.000000e+00 5.111298e-04
-0.10 8.500000e+00 1.617623e-04
-0.10 9.000000e+00 5.113756e-05
-0.10 9.500000e+00 1.616032e-05
-0.10 1.000000e+01 5.106366e-06
-0.10 1.050000e+01 1.613461e-06
-0.10 1.100000e+01 5.098007e-07
-0.10 1.150000e+01 1.610797e-07
-0.10 1.200000e+01 5.089563e-08
-0.10 1.250000e+01 1.608126e-08
-0.10 1.300000e+01 5.081124e-09
-0.10 1.350000e+01 1.605460e-09
-0.10 1.400000e+01 5.416421e-10

-0.09 7.000000e+00 3.488949e-03
-0.09 7.500000e+00 1.095743e-03
-0.09 8.000000e+00 3.474321e-04
-0.09 8.500000e+00 1.098979e-04
-0.09 9.000000e+00 3.473605e-05
-0.09 9.500000e+00 1.097660e-05
-0.09 1.000000e+01 3.468347e-06
-0.09 1.050000e+01 1.095890e-06
-0.09 1.100000e+01 3.462646e-07
-0.09 1.150000e+01 1.094078e-07
-0.09 1.200000e+01 3.456909e-08
-0.09 1.250000e+01 1.092264e-08
-0.09 1.300000e+01 3.451177e-09
-0.09 1.350000e+01 1.090453e-09
-0.09 1.400000e+01 3.506260e-10

-0.08 7.000000e+00 2.731829e-03
-0.08 7.500000e+00 7.454696e-04
-0.08 8.000000e+00 2.361035e-04
-0.08 8.500000e+00 7.465652e-05
-0.08 9.000000e+00 2.359447e-05
-0.08 9.500000e+00 7.455596e-06
-0.08 1.000000e+01 2.355766e-06
-0.08 1.050000e+01 7.443464e-07
-0.08 1.100000e+01 2.351883e-07
-0.08 1.150000e+01 7.431143e-08
-0.08 1.200000e+01 2.347985e-08
-0.08 1.250000e+01 7.418822e-09
-0.08 1.300000e+01 2.344092e-09
-0.08 1.350000e+01 7.406520e-10
-0.08 1.400000e+01 2.735367e-10

-0.07 7.000000e+00 1.466578e-03
-0.07 7.500000e+00 5.068994e-04
-0.07 8.000000e+00 1.604215e-04
-0.07 8.500000e+00 5.071348e-05
-0.07 9.000000e+00 1.602628e-05
-0.07 9.500000e+00 5.064010e-06
-0.07 1.000000e+01 1.600078e-06
-0.07 1.050000e+01 5.055719e-07
-0.07 1.100000e+01 1.597435e-07
-0.07 1.150000e+01 5.047346e-08
-0.07 1.200000e+01 1.594787e-08
-0.07 1.250000e+01 5.038977e-09
-0.07 1.300000e+01 1.592143e-09
-0.07 1.350000e+01 5.030621e-10
-0.07 1.400000e+01 1.459640e-10

-0.06 7.000000e+00 1.099376e-03
-0.06 7.500000e+00 3.445546e-04
-0.06 8.000000e+00 1.089867e-04
-0.06 8.500000e+00 3.444796e-05
-0.06 9.000000e+00 1.088556e-05
-0.06 9.500000e+00 3.439578e-06
-0.06 1.000000e+01 1.086800e-06
-0.06 1.050000e+01 3.433924e-07
-0.06 1.100000e+01 1.085002e-07
-0.06 1.150000e+01 3.428234e-08
-0.06 1.200000e+01 1.083204e-08
-0.06 1.250000e+01 3.422550e-09
-0.06 1.300000e+01 1.081407e-09
-0.06 1.350000e+01 3.416874e-10
-0.06 1.400000e+01 1.092279e-10

-0.05 7.000000e+00 7.513763e-04
-0.05 7.500000e+00 2.341471e-04
-0.05 8.000000e+00 7.403746e-05
-0.05 8.500000e+00 2.339878e-05
-0.05 9.000000e+00 7.393754e-06
-0.05 9.500000e+00 2.336226e-06
-0.05 1.000000e+01 7.381721e-07
-0.05 1.050000e+01 2.332374e-07
-0.05 1.100000e+01 7.369502e-08
-0.05 1.150000e+01 2.328509e-08
-0.05 1.200000e+01 7.357284e-09
-0.05 1.250000e+01 2.324648e-09
-0.05 1.300000e+01 7.345083e-10
-0.05 1.350000e+01 2.320793e-10
-0.05 1.400000e+01 7.453057e-11

-0.04 7.000000e+00 5.066183e-04
-0.04 7.500000e+00 1.590918e-04
-0.04 8.000000e+00 5.029291e-05
-0.04 8.500000e+00 1.589336e-05
-0.04 9.000000e+00 5.022005e-06
-0.04 9.500000e+00 1.586805e-06
-0.04 1.000000e+01 5.013782e-07
-0.04 1.050000e+01 1.584185e-07
-0.04 1.100000e+01 5.005478e-08
-0.04 1.150000e+01 1.581559e-08
-0.04 1.200000e+01 4.997179e-09
-0.04 1.250000e+01 1.578936e-09
-0.04 1.300000e+01 4.988892e-10
-0.04 1.350000e+01 1.576318e-10
-0.04 1.400000e+01 5.019495e-11

-0.03 7.000000e+00 3.972118e-04
-0.03 7.500000e+00 1.080831e-04
-0.03 8.000000e+00 3.416226e-05
-0.03 8.500000e+00 1.079526e-05
-0.03 9.000000e+00 3.411048e-06
-0.03 9.500000e+00 1.077785e-06
-0.03 1.000000e+01 3.405439e-07
-0.03 1.050000e+01 1.076002e-07
-0.03 1.100000e+01 3.399797e-08
-0.03 1.150000e+01 1.074219e-08
-0.03 1.200000e+01 3.394160e-09
-0.03 1.250000e+01 1.072437e-09
-0.03 1.300000e+01 3.388531e-10
-0.03 1.350000e+01 1.070659e-10
-0.03 1.400000e+01 3.933502e-11

-0.02 7.000000e+00 2.052507e-04
-0.02 7.500000e+00 7.342353e-05
-0.02 8.000000e+00 2.320471e-05
-0.02 8.500000e+00 7.332425e-06
-0.02 9.000000e+00 2.316847e-06
-0.02 9.500000e+00 7.320490e-07
-0.02 1.000000e+01 2.313027e-07
-0.02 1.050000e+01 7.308373e-08
-0.02 1.100000e+01 2.309194e-08
-0.02 1.150000e+01 7.296256e-09
-0.02 1.200000e+01 2.305365e-09
-0.02 1.250000e+01 7.284156e-10
-0.02 1.300000e+01 2.301542e-10
-0.02 1.350000e+01 7.272077e-11
-0.02 1.400000e+01 2.030736e-11

-0.01 7.000000e+00 1.580798e-04
-0.01 7.500000e+00 4.987583e-05
-0.01 8.000000e+00 1.576153e-05
-0.01 8.500000e+00 4.980349e-06
-0.01 9.000000e+00 1.573643e-06
-0.01 9.500000e+00 4.972193e-07
-0.01 1.000000e+01 1.571044e-07
-0.01 1.050000e+01 4.963958e-08
-0.01 1.100000e+01 1.568440e-08
-0.01 1.150000e+01 4.955728e-09
-0.01 1.200000e+01 1.565839e-09
-0.01 1.250000e+01 4.947510e-10
-0.01 1.300000e+01 1.563242e-10
-0.01 1.350000e+01 4.939305e-11
-0.01 1.400000e+01 1.563686e-11

0.00 7.000000e+00 1.071870e-04
0.00 7.500000e+00 3.387893e-05
0.00 8.000000e+00 1.070572e-05
0.00 8.500000e+00 3.382754e-06
0.00 9.000000e+00 1.068845e-06
0.00 9.500000e+00 3.377192e-07
0.00 1.000000e+01 1.067077e-07
0.00 1.050000e+01 3.371596e-08
0.00 1.100000e+01 1.065308e-08
0.00 1.150000e+01 3.366005e-09
0.00 1.200000e+01 1.063541e-09
0.00 1.250000e+01 3.360424e-10
0.00 1.300000e+01 1.061778e-10
0.00 1.350000e+01 3.354851e-11
0.00 1.400000e+01 1.060017e-11
