0.00 1.400000e+01 0.000000e+00 1.169376e-18 2.338751e-18 0.000000e+00
-0.10 1.400000e+01 0.000000e+00 3.496741e-15 6.993481e-15 0.000000e+00
-0.21 1.400000e+01 0.000000e+00 1.045609e-11 2.091218e-11 0.000000e+00
-0.31 1.400000e+01 0.000000e+00 3.104989e-08 6.209978e-08 0.000000e+00
-0.41 1.400000e+01 0.000000e+00 1.590834e-05 3.181668e-05 0.000000e+00
-0.52 1.400000e+01 0.000000e+00 8.018271e-05 1.603654e-04 0.000000e+00
-0.62 1.400000e+01 0.000000e+00 2.454919e-04 4.909837e-04 0.000000e+00
-0.72 1.400000e+01 0.000000e+00 7.395473e-04 1.479095e-03 0.000000e+00
-0.83 1.400000e+01 0.000000e+00 2.226237e-03 4.452473e-03 0.000000e+00
-0.93 1.400000e+01 0.000000e+00 6.699155e-03 1.339831e-02 0.000000e+00
-1.03 1.400000e+01 0.000000e+00 2.014886e-02 4.029771e-02 0.000000e+00
-1.14 1.400000e+01 0.000000e+00 6.055678e-02 1.211136e-01 0.000000e+00
-1.24 1.400000e+01 0.000000e+00 1.818074e-01 3.636148e-01 0.000000e+00
-1.34 1.400000e+01 0.000000e+00 5.449849e-01 1.089970e+00 0.000000e+00
-1.45 1.400000e+01 0.000000e+00 1.629942e+00 3.259884e+00 0.000000e+00
-1.55 1.400000e+01 0.000000e+00 4.858742e+00 9.717484e+00 0.000000e+00
-1.66 1.400000e+01 0.000000e+00 1.441393e+01 2.882786e+01 0.000000e+00
-1.76 1.400000e+01 0.000000e+00 4.246110e+01 8.492221e+01 0.000000e+00
-1.86 1.400000e+01 0.000000e+00 1.238110e+02 2.476219e+02 0.000000e+00
-1.97 1.400000e+01 0.000000e+00 3.556869e+02 7.113738e+02 0.000000e+00
-2.07 1.400000e+01 0.000000e+00 1.000018e+03 2.000036e+03 0.000000e+00
-2.17 1.400000e+01 0.000000e+00 2.725421e+03 5.450843e+03 0.000000e+00
-2.28 1.400000e+01 0.000000e+00 7.105481e+03 1.421096e+04 0.000000e+00
-2.38 1.400000e+01 0.000000e+00 1.741557e+04 3.483115e+04 0.000000e+00
-2.48 1.400000e+01 0.000000e+00 3.932710e+04 7.865419e+04 0.000000e+00
-2.59 1.400000e+01 0.000000e+00 8.039481e+04 1.607896e+05 0.000000e+00
-2.69 1.400000e+01 0.000000e+00 1.482141e+05 2.964282e+05 0.000000e+00
-2.79 1.400000e+01 0.000000e+00 2.524049e+05 5.048098e+05 0.000000e+00
-2.90 1.400000e+01 0.000000e+00 4.262818e+05 8.525635e+05 0.000000e+00
-3.00 1.400000e+01 0.000000e+00 8.371328e+05 1.674266e+06 0.000000e+00
0.00 1.166667e+01 0.000000e+00 5.469960e-14 1.093992e-13 0.000000e+00
-0.10 1.166667e+01 0.000000e+00 1.635116e-10 3.270232e-10 0.000000e+00
-0.21 1.166667e+01 0.000000e+00 3.741358e-07 7.482715e-07 0.000000e+00
-0.31 1.166667e+01 0.000000e+00 8.313426e-06 1.662685e-05 0.000000e+00
-0.41 1.166667e+01 0.000000e+00 2.701475e-05 5.402951e-05 0.000000e+00
-0.52 1.166667e+01 0.000000e+00 8.155811e-05 1.631162e-04 0.000000e+00
-0.62 1.166667e+01 0.000000e+00 2.456244e-04 4.912489e-04 0.000000e+00
-0.72 1.166667e+01 0.000000e+00 7.395600e-04 1.479120e-03 0.000000e+00
-0.83 1.166667e+01 0.000000e+00 2.226238e-03 4.452476e-03 0.000000e+00
-0.93 1.166667e+01 0.000000e+00 6.699155e-03 1.339831e-02 0.000000e+00
-1.03 1.166667e+01 0.000000e+00 2.014886e-02 4.029771e-02 0.000000e+00
-1.14 1.166667e+01 0.000000e+00 6.055678e-02 1.211136e-01 0.000000e+00
-1.24 1.166667e+01 0.000000e+00 1.818074e-01 3.636148e-01 0.000000e+00
-1.34 1.166667e+01 0.000000e+00 5.449849e-01 1.089970e+00 0.000000e+00
-1.45 1.166667e+01 0.000000e+00 1.629942e+00 3.259884e+00 0.000000e+00
-1.55 1.166667e+01 0.000000e+00 4.858742e+00 9.717484e+00 0.000000e+00
-1.66 1.166667e+01 0.000000e+00 1.441393e+01 2.882786e+01 0.000000e+00
-1.76 1.166667e+01 0.000000e+00 4.246110e+01 8.492221e+01 0.000000e+00
-1.86 1.166667e+01 0.000000e+00 1.238110e+02 2.476219e+02 0.000000e+00
-1.97 1.166667e+01 0.000000e+00 3.556869e+02 7.113738e+02 0.000000e+00
-2.07 1.166667e+01 0.000000e+00 1.000018e+03 2.000036e+03 0.000000e+00
-2.17 1.166667e+01 0.000000e+00 2.725421e+03 5.450843e+03 0.000000e+00
-2.28 1.166667e+01 0.000000e+00 7.105481e+03 1.421096e+04 0.000000e+00
-2.38 1.166667e+01 0.000000e+00 1.741557e+04 3.483115e+04 0.000000e+00
-2.48 1.166667e+01 0.000000e+00 3.932710e+04 7.865419e+04 0.000000e+00
-2.59 1.166667e+01 0.000000e+00 8.039481e+04 1.607896e+05 0.000000e+00
-2.69 1.166667e+01 0.000000e+00 1.482141e+05 2.964282e+05 0.000000e+00
-2.79 1.166667e+01 0.000000e+00 2.524049e+05 5.048098e+05 0.000000e+00
-2.90 1.166667e+01 0.000000e+00 4.262818e+05 8.525635e+05 0.000000e+00
-3.00 1.166667e+01 0.000000e+00 8.371328e+05 1.674266e+06 0.000000e+00
0.00 9.333333e+00 0.000000e+00 2.519582e-09 5.039164e-09 0.000000e+00
-0.10 9.333333e+00 0.000000e+00 6.927627e-07 1.385525e-06 0.000000e+00
-0.21 9.333333e+00 0.000000e+00 2.951160e-06 5.902320e-06 0.000000e+00
-0.31 9.333333e+00 0.000000e+00 8.988184e-06 1.797637e-05 0.000000e+00
-0.41 9.333333e+00 0.000000e+00 2.708177e-05 5.416354e-05 0.000000e+00
-0.52 9.333333e+00 0.000000e+00 8.156453e-05 1.631291e-04 0.000000e+00
-0.62 9.333333e+00 0.000000e+00 2.456250e-04 4.912501e-04 0.000000e+00
-0.72 9.333333e+00 0.000000e+00 7.395600e-04 1.479120e-03 0.000000e+00
-0.83 9.333333e+00 0.000000e+00 2.226238e-03 4.452476e-03 0.000000e+00
-0.93 9.333333e+00 0.000000e+00 6.699155e-03 1.339831e-02 0.000000e+00
-1.03 9.333333e+00 0.000000e+00 2.014886e-02 4.029771e-02 0.000000e+00
-1.14 9.333333e+00 0.000000e+00 6.055678e-02 1.211136e-01 0.000000e+00
-1.24 9.333333e+00 0.000000e+00 1.818074e-01 3.636148e-01 0.000000e+00
-1.34 9.333333e+00 0.000000e+00 5.449849e-01 1.089970e+00 0.000000e+00
-1.45 9.333333e+00 0.000000e+00 1.629942e+00 3.259884e+00 0.000000e+00
-1.55 9.333333e+00 0.000000e+00 4.858742e+00 9.717484e+00 0.000000e+00
-1.66 9.333333e+00 0.000000e+00 1.441393e+01 2.882786e+01 0.000000e+00
-1.76 9.333333e+00 0.000000e+00 4.246110e+01 8.492221e+01 0.000000e+00
-1.86 9.333333e+00 0.000000e+00 1.238110e+02 2.476219e+02 0.000000e+00
-1.97 9.333333e+00 0.000000e+00 3.556869e+02 7.113738e+02 0.000000e+00
-2.07 9.333333e+00 0.000000e+00 1.000018e+03 2.000036e+03 0.000000e+00
-2.17 9.333333e+00 0.000000e+00 2.725421e+03 5.450843e+03 0.000000e+00
-2.28 9.333333e+00 0.000000e+00 7.105481e+03 1.421096e+04 0.000000e+00
-2.38 9.333333e+00 0.000000e+00 1.741557e+04 3.483115e+04 0.000000e+00
-2.48 9.333333e+00 0.000000e+00 3.932710e+04 7.865419e+04 0.000000e+00
-2.59 9.333333e+00 0.000000e+00 8.039481e+04 1.607896e+05 0.000000e+00
-2.69 9.333333e+00 0.000000e+00 1.482141e+05 2.964282e+05 0.000000e+00
-2.79 9.333333e+00 0.000000e+00 2.524049e+05 5.048098e+05 0.000000e+00
-2.90 9.333333e+00 0.000000e+00 4.262818e+05 8.525635e+05 0.000000e+00
-3.00 9.333333e+00 0.000000e+00 8.371328e+05 1.674266e+06 0.000000e+00
0.00 7.000000e+00 0.000000e+00 3.121720e-07 6.243440e-07 0.000000e+00
-0.10 7.000000e+00 0.000000e+00 9.893284e-07 1.978657e-06 0.000000e+00
-0.21 7.000000e+00 0.000000e+00 2.984909e-06 5.969819e-06 0.000000e+00
-0.31 7.000000e+00 0.000000e+00 8.991428e-06 1.798286e-05 0.000000e+00
-0.41 7.000000e+00 0.000000e+00 2.708208e-05 5.416416e-05 0.000000e+00
-0.52 7.000000e+00 0.000000e+00 8.156456e-05 1.631291e-04 0.000000e+00
-0.62 7.000000e+00 0.000000e+00 2.456250e-04 4.912501e-04 0.000000e+00
-0.72 7.000000e+00 0.000000e+00 7.395600e-04 1.479120e-03 0.000000e+00
-0.83 7.000000e+00 0.000000e+00 2.226238e-03 4.452476e-03 0.000000e+00
-0.93 7.000000e+00 0.000000e+00 6.699155e-03 1.339831e-02 0.000000e+00
-1.03 7.000000e+00 0.000000e+00 2.014886e-02 4.029771e-02 0.000000e+00
-1.14 7.000000e+00 0.000000e+00 6.055678e-02 1.211136e-01 0.000000e+00
-1.24 7.000000e+00 0.000000e+00 1.818074e-01 3.636148e-01 0.000000e+00
-1.34 7.000000e+00 0.000000e+00 5.449849e-01 1.089970e+00 0.000000e+00
-1.45 7.000000e+00 0.000000e+00 1.629942e+00 3.259884e+00 0.000000e+00
-1.55 7.000000e+00 0.000000e+00 4.858742e+00 9.717484e+00 0.000000e+00
-1.66 7.000000e+00 0.000000e+00 1.441393e+01 2.882786e+01 0.000000e+00
-1.76 7.000000e+00 0.000000e+00 4.246110e+01 8.492221e+01 0.000000e+00
-1.86 7.000000e+00 0.000000e+00 1.238110e+02 2.476219e+02 0.000000e+00
-1.97 7.000000e+00 0.000000e+00 3.556869e+02 7.113738e+02 0.000000e+00
-2.07 7.000000e+00 0.000000e+00 1.000018e+03 2.000036e+03 0.000000e+00
-2.17 7.000000e+00 0.000000e+00 2.725421e+03 5.450843e+03 0.000000e+00
-2.28 7.000000e+00 0.000000e+00 7.105481e+03 1.421096e+04 0.000000e+00
-2.38 7.000000e+00 0.000000e+00 1.741557e+04 3.483115e+04 0.000000e+00
-2.48 7.000000e+00 0.000000e+00 3.932710e+04 7.865419e+04 0.000000e+00
-2.59 7.000000e+00 0.000000e+00 8.039481e+04 1.607896e+05 0.000000e+00
-2.69 7.000000e+00 0.000000e+00 1.482141e+05 2.964282e+05 0.000000e+00
-2.79 7.000000e+00 0.000000e+00 2.524049e+05 5.048098e+05 0.000000e+00
-2.90 7.000000e+00 0.000000e+00 4.262818e+05 8.525635e+05 0.000000e+00
-3.00 7.000000e+00 0.000000e+00 8.371328e+05 1.674266e+06 0.000000e+00
